329882 1032525
329882 1102474
1032525 1102474
33846 263942
33846 490574
33846 1032525
33846 1190428
263942 490574
263942 1032525
263942 1190428
490574 1032525
490574 1190428
1032525 1190428
290619 800610
766863 785754
407266 1102474
407266 1518168
1102474 1518168
143467 877368
143467 967469
877368 967469
977237 1511232
576372 675367
614583 1069999
398182 707319
398182 1315957
707319 1315957
161999 1456614
809750 1064213
336092 415891
1403 352826
1403 684957
352826 684957
252080 488486
252080 577425
252080 1462045
488486 577425
488486 1462045
577425 1462045
561635 1466225
157111 381569
157111 811461
157111 837240
157111 1116747
381569 811461
381569 837240
381569 1116747
811461 837240
811461 1116747
837240 1116747
511563 568203
511563 1342509
568203 1342509
842095 1035109
187396 317016
187396 462989
317016 462989
149480 447080
176301 571601
103257 740131
743193 982050
590729 985969
613041 1305488
669571 1142450
970105 1163450
224176 582483
111774 889056
111774 889056
15341 281348
15341 646286
15341 1262609
281348 646286
281348 1262609
646286 1262609
434342 967469
121484 222562
121484 430153
121484 1035109
222562 430153
222562 1035109
430153 1035109
176106 452620
176106 712907
176106 862317
452620 712907
452620 862317
712907 862317
32899 97037
32899 470528
97037 470528
121484 355289
121484 482851
121484 800610
355289 482851
355289 800610
482851 800610
57547 757725
430783 546891
430783 695363
430783 1294363
546891 695363
546891 1294363
695363 1294363
384798 682600
384798 762854
682600 762854
1058086 1091760
46529 733688
1003655 1131214
264156 361482
210535 1535473
33334 198912
344314 1494834
232657 942725
9858 180348
9858 311075
180348 311075
1182049 1417902
589042 1115060
36018 315077
9512 1030479
73536 1171315
440939 1035784
534380 1060104
759229 1106865
166484 756012
333263 1265935
888910 1018126
33557 315466
746130 940671
178070 364198
368286 584174
290619 800610
405115 461919
1035398 1135619
322598 413917
322598 1004477
413917 1004477
121484 176115
121484 239421
176115 239421
1082759 1390587
329714 1160336
38138 474899
637766 1481869
228503 270266
805113 1274665
903191 1256070
169934 1338634
169934 567553
169934 972004
567553 972004
824448 876331
824448 965004
876331 965004
249866 1161381
928984 1479799
198459 747861
252080 488486
252080 620798
252080 1462045
488486 620798
488486 1462045
620798 1462045
1420222 1493773
289761 829855
507776 514373
618520 899888
956117 1351560
956117 1351560
398182 1315957
221403 1074513
1073 708952
1414080 614637
1414080 14088687
614637 14088687
