280402 293369
280402 361616
280402 952795
293369 361616
293369 952795
361616 952795
436229 788407
436229 1137748
788407 1137748
9481 347206
517320 830496
517320 873377
830496 873377
218413 758489
218413 1476712
758489 1476712
1684 498065
1684 994271
498065 994271
218413 758489
661422 758489
186678 279003
186678 378353
186678 1340155
279003 378353
279003 1340155
378353 1340155
828503 1353577
766436 1323393
766436 1501893
1323393 1501893
464390 552839
464390 647966
552839 647966
285473 378353
285473 838536
378353 838536
44142 961049
53591 447425
53591 815608
447425 815608
378353 405723
378353 613138
405723 613138
186678 447752
186678 560665
447752 560665
257780 316745
257780 549370
316745 549370
43967 1383988
285473 395897
285473 411771
285473 471290
395897 411771
395897 471290
411771 471290
21249 230433
21249 1339451
230433 1339451
37395 1020093
720865 1193943
928077 1273311
560664 798160
44628 346385
44628 431532
44628 431693
44628 865266
346385 431532
346385 431693
346385 865266
431532 431693
431532 865266
431693 865266
111104 587023
111104 684683
111104 693065
587023 684683
587023 693065
684683 693065
42872 1093162
280912 560270
280912 749110
280912 955892
560270 749110
560270 955892
749110 955892
238705 794234
238705 818860
794234 818860
715531 1469445
127982 186678
127982 378353
186678 378353
1066884 1105881
434908 680977
434908 1405115
680977 1405115
447752 481055
447752 560665
447752 1068075
481055 560665
481055 1068075
560665 1068075
124883 469969
124883 755679
124883 838536
124883 893909
469969 755679
469969 838536
469969 893909
755679 838536
755679 893909
838536 893909
141193 729827
503208 602831
503208 671443
503208 1166296
602831 671443
602831 1166296
671443 1166296
416633 982991
763710 1310890
763710 1311861
763710 1505170
1310890 1311861
1310890 1505170
1311861 1505170
63594 478602
405040 848395
30829 376686
30829 419379
30829 1393409
376686 419379
376686 1393409
419379 1393409
1177852 1210437
113778 174690
113778 364344
113778 554044
113778 1242110
174690 364344
174690 554044
174690 1242110
364344 554044
364344 1242110
554044 1242110
63594 1048140
220598 1004341
571521 1495620
257780 433314
257780 1313079
433314 1313079
135954 275274
135954 893605
275274 893605
169304 444104
143297 683509
279482 1002278
279482 1465885
1002278 1465885
531955 932568
265176 1238126
14454 587674
311224 1368597
223999 280039
81466 553250
17180 117508
4368 395023
4368 595513
4368 959374
395023 595513
395023 959374
595513 959374
67378 1105873
600648 898990
600648 1014503
898990 1014503
598726 653987
598726 784865
653987 784865
152754 293038
152754 961273
152754 1046452
152754 1081885
293038 961273
293038 1046452
293038 1081885
961273 1046452
961273 1081885
1046452 1081885
626759 921890
626759 1054091
921890 1054091
655317 666221
187503 915332
1013859 1258474
542892 693065
542892 1068432
693065 1068432
831880 1372488
234597 1338959
269719 604432
951881 1172250
386873 813699
386873 1092931
813699 1092931
536448 1052701
536448 1281750
1052701 1281750
468594 608179
481990 1269950
481990 1450387
1269950 1450387
108472 173433
167724 457591
167724 881718
457591 881718
318844 366111
208587 812084
208587 916236
812084 916236
32590 340329
32590 454825
32590 1523135
340329 454825
340329 1523135
454825 1523135
366060 747281
342742 1347953
342742 1373754
1347953 1373754
502163 1076168
887521 1053823
887521 1413796
887521 1523135
1053823 1413796
1053823 1523135
1413796 1523135
707973 1031946
707973 1255978
1031946 1255978
368694 566849
238773 680257
238773 739066
680257 739066
519103 566849
377604 468379
1017339 1396154
175996 838799
175996 1064027
838799 1064027
871710 1520126
106697 899373
93089 285688
223999 408163
255758 378353
840669 1115273
538976 542522
157754 1058840
229281 239765
229281 1346097
239765 1346097
317650 364744
317650 511445
317650 900775
317650 1525340
364744 511445
364744 900775
364744 1525340
511445 900775
511445 1525340
900775 1525340
713610 832626
311226 860488
71412 1076926
71412 1249865
1076926 1249865
52073 461427
52073 1287591
52073 1334815
461427 1287591
461427 1334815
1287591 1334815
498166 1068905
498166 1196145
498166 1256122
1068905 1196145
1068905 1256122
1196145 1256122
169883 475177
169883 1231206
475177 1231206
490934 1515821
9888 357967
9888 1016919
357967 1016919
39371 671224
15377 581488
15377 676644
15377 804642
15377 811219
15377 836525
15377 1140442
15377 1285155
15377 1403386
581488 676644
581488 804642
581488 811219
581488 836525
581488 1140442
581488 1285155
581488 1403386
676644 804642
676644 811219
676644 836525
676644 1140442
676644 1285155
676644 1403386
804642 811219
804642 836525
804642 1140442
804642 1285155
804642 1403386
811219 836525
811219 1140442
811219 1285155
811219 1403386
836525 1140442
836525 1285155
836525 1403386
1140442 1285155
1140442 1403386
1285155 1403386
228756 362490
228756 699789
228756 1241378
362490 699789
362490 1241378
699789 1241378
1047419 1259851
302513 1239198
18451 510544
911218 984121
584249 1236048
7374 217122
137674 1270100
7374 925916
99828 711847
121653 880331
673550 1134816
111373 347584
263907 1461838
719870 914458
201351 856215
1013805 1307263
660546 790739
940670 1056502
147454 326933
147454 499257
147454 595999
326933 499257
326933 595999
499257 595999
412623 443677
412623 862439
443677 862439
744415 822041
144927 1513951
834459 1413295
73314 265463
73314 707439
73314 805428
73314 975258
265463 707439
265463 805428
265463 975258
707439 805428
707439 975258
805428 975258
132536 136399
132536 275057
136399 275057
605713 665633
605713 1511131
665633 1511131
607778 1066376
120528 619774
939773 1259298
74831 541900
682185 1506214
439200 1540256
476661 1259298
949604 1397609
175648 1070832
175648 1493079
1070832 1493079
55352 1436665
42226 945893
349010 723040
52564 173806
827558 862439
34248 568944
34248 676915
568944 676915
67804 1401720
256027 815568
204049 398819
204049 1039934
398819 1039934
59139 662737
59139 719149
662737 719149
1828 390404
113128 1131761
829093 831705
702251 1093576
442577 1126733
692729 832282
115462 639906
160385 798748
187833 819820
228306 404303
41770 74831
41770 296427
74831 296427
399563 910932
166819 433819
175477 543781
860187 1092385
190812 350093
190812 1110623
190812 1126963
350093 1110623
350093 1126963
1110623 1126963
158916 329063
667369 711453
37637 1247857
805314 1081408
26520 437302
26520 523596
26520 921446
26520 1097462
26520 1342865
437302 523596
437302 921446
437302 1097462
437302 1342865
523596 921446
523596 1097462
523596 1342865
921446 1097462
921446 1342865
1097462 1342865
673574 877049
19621 751685
19621 1180920
19621 1247321
19621 1442111
751685 1180920
751685 1247321
751685 1442111
1180920 1247321
1180920 1442111
1247321 1442111
147092 969811
1145116 1259871
172308 688426
762539 795331
169891 213170
169891 1068736
213170 1068736
72442 150036
72442 197773
72442 1076255
150036 197773
150036 1076255
197773 1076255
153388 501387
334554 482870
334554 490429
482870 490429
270550 536431
270550 981813
270550 1529175
536431 981813
536431 1529175
981813 1529175
65875 110129
598353 1234973
70530 331459
156043 863168
156043 1196869
863168 1196869
701915 1176219
112506 351226
112506 478173
112506 1449541
112506 1487856
351226 478173
351226 1449541
351226 1487856
478173 1449541
478173 1487856
1449541 1487856
512052 645740
190812 738750
788341 962287
480980 767019
132295 418905
132295 785493
418905 785493
40645 218936
40645 380200
40645 969484
218936 380200
218936 969484
380200 969484
350023 930607
350023 954982
930607 954982
72508 435183
249250 563083
936167 1380733
105109 454318
105109 604630
454318 604630
77978 361615
77978 437332
77978 547414
361615 437332
361615 547414
437332 547414
238955 666688
238955 853778
666688 853778
163493 851145
163493 866651
851145 866651
157064 424658
157064 454660
157064 911967
157064 1171293
424658 454660
424658 911967
424658 1171293
454660 911967
454660 1171293
911967 1171293
11205 137949
73159 1291918
22505 295870
22505 416628
295870 416628
656519 900942
172085 189969
172085 319768
189969 319768
595023 708252
72816 579919
72816 829258
579919 829258
1098859 1292407
1098859 1402433
1292407 1402433
464895 577921
1386776 1431780
569032 1180428
569032 1281199
1180428 1281199
101765 708192
101765 945893
708192 945893
885449 991431
885449 1103392
991431 1103392
48276 1115357
665423 761517
312788 1412273
177311 207078
177311 858520
207078 858520
581365 970102
474917 711062
474917 1123499
474917 1244774
711062 1123499
711062 1244774
1123499 1244774
211270 230481
211270 467543
211270 507163
211270 894203
211270 1409449
230481 467543
230481 507163
230481 894203
230481 1409449
467543 507163
467543 894203
467543 1409449
507163 894203
507163 1409449
894203 1409449
853925 1118514
206472 1163282
106433 253905
307435 1508669
65500 373048
365179 759043
365179 1004129
365179 1083208
759043 1004129
759043 1083208
1004129 1083208
330159 1117687
177432 862847
177432 1537698
862847 1537698
435532 1260915
591945 1229303
417348 515932
417348 750853
515932 750853
15733 209144
15733 773120
209144 773120
3505 121012
1442361 1518202
677108 1075669
61907 826511
61907 862899
826511 862899
238938 793832
238938 888529
793832 888529
237801 466219
237801 521160
466219 521160
70151 1132607
274500 659538
788407 888567
788407 1137748
888567 1137748
392778 939610
740900 1169959
67377 441521
67377 561908
441521 561908
366100 868499
232199 1316847
528269 1280313
96695 184605
96695 308317
96695 367506
96695 847055
184605 308317
184605 367506
184605 847055
308317 367506
308317 847055
367506 847055
130579 351556
130579 693065
130579 1068432
351556 693065
351556 1068432
693065 1068432
10714 1142122
812723 976627
193526 1014085
193526 1016956
193526 1382993
1014085 1016956
1014085 1382993
1016956 1382993
478362 775697
17905 128702
17905 363154
128702 363154
613524 1339916
183395 226836
183395 400884
183395 921455
226836 400884
226836 921455
400884 921455
251242 467391
251242 608230
251242 1242289
251242 1367727
251242 1521943
467391 608230
467391 1242289
467391 1367727
467391 1521943
608230 1242289
608230 1367727
608230 1521943
1242289 1367727
1242289 1521943
1367727 1521943
36708 421713
20485 1527135
45199 225822
643907 786342
643907 1071628
786342 1071628
926725 1475999
61059 144570
61059 156156
61059 176942
61059 223085
61059 423566
61059 512984
61059 557510
61059 618938
61059 654746
61059 808729
144570 156156
144570 176942
144570 223085
144570 423566
144570 512984
144570 557510
144570 618938
144570 654746
144570 808729
156156 176942
156156 223085
156156 423566
156156 512984
156156 557510
156156 618938
156156 654746
156156 808729
176942 223085
176942 423566
176942 512984
176942 557510
176942 618938
176942 654746
176942 808729
223085 423566
223085 512984
223085 557510
223085 618938
223085 654746
223085 808729
423566 512984
423566 557510
423566 618938
423566 654746
423566 808729
512984 557510
512984 618938
512984 654746
512984 808729
557510 618938
557510 654746
557510 808729
618938 654746
618938 808729
654746 808729
148286 396756
148286 396756
29031 230070
29031 399766
29031 561007
29031 603585
29031 873797
29031 1383983
230070 399766
230070 561007
230070 603585
230070 873797
230070 1383983
399766 561007
399766 603585
399766 873797
399766 1383983
561007 603585
561007 873797
561007 1383983
603585 873797
603585 1383983
873797 1383983
230070 399766
230070 561007
230070 603585
230070 873797
399766 561007
399766 603585
399766 873797
561007 603585
561007 873797
603585 873797
273382 443244
266727 393531
235187 278512
235187 316286
235187 508125
235187 869980
235187 917137
278512 316286
278512 508125
278512 869980
278512 917137
316286 508125
316286 869980
316286 917137
508125 869980
508125 917137
869980 917137
15412 82286
15412 280339
82286 280339
15412 82286
15412 280339
82286 280339
382797 398452
382797 438370
382797 878533
382797 977701
398452 438370
398452 878533
398452 977701
438370 878533
438370 977701
878533 977701
221485 526036
221485 718448
221485 1290024
526036 718448
526036 1290024
718448 1290024
138446 317016
138446 335913
138446 483321
138446 555301
138446 618936
138446 621370
138446 1086025
317016 335913
317016 483321
317016 555301
317016 618936
317016 621370
317016 1086025
335913 483321
335913 555301
335913 618936
335913 621370
335913 1086025
483321 555301
483321 618936
483321 621370
483321 1086025
555301 618936
555301 621370
555301 1086025
618936 621370
618936 1086025
621370 1086025
483321 838349
200412 1397426
432214 875216
432214 897694
875216 897694
218074 427059
218074 616453
218074 633482
218074 651247
427059 616453
427059 633482
427059 651247
616453 633482
616453 651247
633482 651247
11205 153487
11205 830290
153487 830290
4551 738183
1139423 1222948
314291 703424
314291 1048105
703424 1048105
275781 508780
275781 637037
508780 637037
227775 1467692
104308 398703
104308 1207018
398703 1207018
252934 314291
252934 703424
314291 703424
137949 166599
135759 223085
135759 1163715
223085 1163715
12220 314291
12220 703424
314291 703424
268283 737728
22505 295870
22505 414726
22505 416628
22505 1497583
295870 414726
295870 416628
295870 1497583
414726 416628
414726 1497583
416628 1497583
279877 902539
470335 995430
968337 1039941
968337 1042237
968337 1055213
1039941 1042237
1039941 1055213
1042237 1055213
224898 702246
138446 269345
138446 989239
269345 989239
341936 864884
132788 442647
135555 907023
135555 634530
492836 525759
229211 1308701
27808 255468
27808 261707
27808 350010
27808 358928
27808 460375
27808 499853
27808 514790
27808 656815
27808 1009520
27808 1149065
255468 261707
255468 350010
255468 358928
255468 460375
255468 499853
255468 514790
255468 656815
255468 1009520
255468 1149065
261707 350010
261707 358928
261707 460375
261707 499853
261707 514790
261707 656815
261707 1009520
261707 1149065
350010 358928
350010 460375
350010 499853
350010 514790
350010 656815
350010 1009520
350010 1149065
358928 460375
358928 499853
358928 514790
358928 656815
358928 1009520
358928 1149065
460375 499853
460375 514790
460375 656815
460375 1009520
460375 1149065
499853 514790
499853 656815
499853 1009520
499853 1149065
514790 656815
514790 1009520
514790 1149065
656815 1009520
656815 1149065
1009520 1149065
715604 1250401
15412 82286
15412 280339
82286 280339
62209 1401746
62209 320943
417506 1053799
138446 470762
138446 1027809
470762 1027809
14989 575797
385860 442647
385860 575797
442647 575797
427622 447040
658909 855166
932870 1061140
31944 1122081
100177 630641
278646 327613
889430 1484920
33375 151300
33375 178625
33375 1248073
151300 178625
151300 1248073
178625 1248073
205009 388439
205009 1317619
388439 1317619
55651 161871
55651 1296035
161871 1296035
538938 862115
1684 498065
1684 994271
498065 994271
171445 416630
171445 689316
171445 717454
171445 973534
171445 1253535
171445 1457912
416630 689316
416630 717454
416630 973534
416630 1253535
416630 1457912
689316 717454
689316 973534
689316 1253535
689316 1457912
717454 973534
717454 1253535
717454 1457912
973534 1253535
973534 1457912
1253535 1457912
132573 371687
132573 941509
371687 941509
39979 78215
39979 276394
39979 431513
78215 276394
78215 431513
276394 431513
28894 128402
28894 276199
28894 368495
28894 1365104
28894 1528701
28894 1538819
128402 276199
128402 368495
128402 1365104
128402 1528701
128402 1538819
276199 368495
276199 1365104
276199 1528701
276199 1538819
368495 1365104
368495 1528701
368495 1538819
1365104 1528701
1365104 1538819
1528701 1538819
1205186 1351471
44376 471178
300364 442647
300364 571728
442647 571728
14989 70317
537077 716073
279877 362867
106124 583676
106124 883197
583676 883197
816223 1401668
628080 1366894
202221 403312
202221 546829
202221 697386
403312 546829
403312 697386
546829 697386
843997 1099128
843997 1315922
1099128 1315922
137795 535198
40517 364632
40517 442809
40517 653617
364632 442809
364632 653617
442809 653617
1086026 1520548
187396 407586
187396 582621
187396 653929
187396 1015358
187396 1058466
407586 582621
407586 653929
407586 1015358
407586 1058466
582621 653929
582621 1015358
582621 1058466
653929 1015358
653929 1058466
1015358 1058466
671855 974973
736264 1476712
332377 422978
332377 607616
332377 609845
332377 719912
332377 892354
332377 975266
332377 990613
332377 1356145
332377 1365300
332377 1502624
332377 1534359
422978 607616
422978 609845
422978 719912
422978 892354
422978 975266
422978 990613
422978 1356145
422978 1365300
422978 1502624
422978 1534359
607616 609845
607616 719912
607616 892354
607616 975266
607616 990613
607616 1356145
607616 1365300
607616 1502624
607616 1534359
609845 719912
609845 892354
609845 975266
609845 990613
609845 1356145
609845 1365300
609845 1502624
609845 1534359
719912 892354
719912 975266
719912 990613
719912 1356145
719912 1365300
719912 1502624
719912 1534359
892354 975266
892354 990613
892354 1356145
892354 1365300
892354 1502624
892354 1534359
975266 990613
975266 1356145
975266 1365300
975266 1502624
975266 1534359
990613 1356145
990613 1365300
990613 1502624
990613 1534359
1356145 1365300
1356145 1502624
1356145 1534359
1365300 1502624
1365300 1534359
1502624 1534359
597275 1330686
27316 62209
27316 868446
62209 868446
860485 1513207
28915 878499
55651 103015
487269 808550
487269 1235851
808550 1235851
77807 710724
77807 1298221
77807 1342775
710724 1298221
710724 1342775
1298221 1342775
28608 500331
398452 528583
528749 1491167
9561 55651
9561 103015
9561 525665
9561 804683
9561 977701
9561 1232471
9561 1354795
9561 1357515
55651 103015
55651 525665
55651 804683
55651 977701
55651 1232471
55651 1354795
55651 1357515
103015 525665
103015 804683
103015 977701
103015 1232471
103015 1354795
103015 1357515
525665 804683
525665 977701
525665 1232471
525665 1354795
525665 1357515
804683 977701
804683 1232471
804683 1354795
804683 1357515
977701 1232471
977701 1354795
977701 1357515
1232471 1354795
1232471 1357515
1354795 1357515
39979 72412
39979 152543
39979 276394
39979 364550
39979 715649
72412 152543
72412 276394
72412 364550
72412 715649
152543 276394
152543 364550
152543 715649
276394 364550
276394 715649
364550 715649
65583 634535
42133 74334
42133 583676
42133 899567
74334 583676
74334 899567
583676 899567
1333893 1421800
5 1333893
383694 479656
383694 1426157
479656 1426157
566153 634535
132788 266906
132788 317016
132788 442647
132788 759187
132788 1351471
266906 317016
266906 442647
266906 759187
266906 1351471
317016 442647
317016 759187
317016 1351471
442647 759187
442647 1351471
759187 1351471
240060 555301
240060 805232
240060 838349
240060 935086
240060 1067374
555301 805232
555301 838349
555301 935086
555301 1067374
805232 838349
805232 935086
805232 1067374
838349 935086
838349 1067374
935086 1067374
469414 555301
563403 715575
563403 1118647
715575 1118647
466821 621370
11050 1206984
1109423 1448593
149776 191954
659607 791555
659607 1503650
791555 1503650
71157 223085
71157 764413
71157 1084182
71157 1469398
223085 764413
223085 1084182
223085 1469398
764413 1084182
764413 1469398
1084182 1469398
108674 276394
621370 756657
621370 887760
756657 887760
497526 1102502
118796 799734
118796 1188871
799734 1188871
129802 1232115
367254 686273
367254 932870
367254 966101
367254 1056419
686273 932870
686273 966101
686273 1056419
932870 966101
932870 1056419
966101 1056419
1686 139890
1686 256584
1686 260026
1686 386879
139890 256584
139890 260026
139890 386879
256584 260026
256584 386879
260026 386879
144570 325007
1255953 1391091
32210 841747
32210 891887
32210 1391091
32210 1421796
841747 891887
841747 1391091
841747 1421796
891887 1391091
891887 1421796
1391091 1421796
91007 535275
91007 1335300
535275 1335300
119046 470335
119046 992262
470335 992262
70317 317016
70317 430550
70317 462527
70317 805232
70317 838349
70317 871268
70317 1142136
317016 430550
317016 462527
317016 805232
317016 838349
317016 871268
317016 1142136
430550 462527
430550 805232
430550 838349
430550 871268
430550 1142136
462527 805232
462527 838349
462527 871268
462527 1142136
805232 838349
805232 871268
805232 1142136
838349 871268
838349 1142136
871268 1142136
138414 138446
138414 189584
138414 470762
138414 871268
138414 1027809
138414 1142136
138414 1291853
138446 189584
138446 470762
138446 871268
138446 1027809
138446 1142136
138446 1291853
189584 470762
189584 871268
189584 1027809
189584 1142136
189584 1291853
470762 871268
470762 1027809
470762 1142136
470762 1291853
871268 1027809
871268 1142136
871268 1291853
1027809 1142136
1027809 1291853
1142136 1291853
451619 1502558
144570 497564
144570 507972
497564 507972
39979 71716
39979 276394
39979 445749
39979 1169198
39979 1439996
71716 276394
71716 445749
71716 1169198
71716 1439996
276394 445749
276394 1169198
276394 1439996
445749 1169198
445749 1439996
1169198 1439996
801641 805234
234037 476661
234037 541953
234037 822505
476661 541953
476661 822505
541953 822505
48276 332777
558016 740082
558016 783169
740082 783169
6766 1271970
71760 237601
92703 169231
92703 871828
169231 871828
235565 344364
212145 947462
17830 1014728
523496 543792
92703 363179
93397 319272
93397 665869
319272 665869
12410 184802
525992 1247321
397947 918185
1018613 1258144
137177 871710
83227 836756
83227 1236754
836756 1236754
83227 836756
83227 862115
836756 862115
137177 610329
137177 871710
137177 1036555
137177 1434864
610329 871710
610329 1036555
610329 1434864
871710 1036555
871710 1434864
1036555 1434864
245582 1181458
26050 229549
381009 953789
428500 1179420
428500 1277895
1179420 1277895
256583 385906
158206 280224
64482 269693
64482 891213
64482 1285858
269693 891213
269693 1285858
891213 1285858
396772 432785
154998 433983
154998 475962
154998 626013
154998 914923
433983 475962
433983 626013
433983 914923
475962 626013
475962 914923
626013 914923
34248 568944
34248 676915
34248 772188
568944 676915
568944 772188
676915 772188
48036 1104509
204049 398819
204049 1039934
398819 1039934
94193 708252
1197189 1346785
508780 718069
160385 798748
161527 203241
190910 263090
716653 1358615
1144421 1414937
73979 519687
725264 769749
248994 404303
42284 175477
162651 511557
175477 543781
60260 431310
7374 925916
509314 740318
399736 940670
179984 826879
179984 1144712
826879 1144712
707973 1396855
413829 1513451
29001 770132
343547 1138890
981069 1207533
243284 596942
243284 1036555
243284 1434864
596942 1036555
596942 1434864
1036555 1434864
177432 1537698
363154 377604
201244 767019
31208 960622
31208 1068528
960622 1068528
129178 1221377
142557 707973
1100393 1452869
313032 1014171
143792 151747
143792 449526
143792 682491
143792 771559
151747 449526
151747 682491
151747 771559
449526 682491
449526 771559
682491 771559
322693 749113
148323 673574
8429 1413295
406829 826029
42364 83804
377604 944822
412623 747970
412623 862439
747970 862439
39919 503991
39919 719850
39919 776653
39919 851693
39919 1073360
503991 719850
503991 776653
503991 851693
503991 1073360
719850 776653
719850 851693
719850 1073360
776653 851693
776653 1073360
851693 1073360
1179420 1277895
121484 123716
121484 541900
123716 541900
633981 1357197
216918 1315922
321521 385906
321521 840716
321521 1370307
385906 840716
385906 1370307
840716 1370307
48279 1386663
633803 1348354
137521 291114
91683 470359
823959 1237858
141058 879962
151143 1527217
585147 1220000
826353 1333399
875018 1481881
268119 339806
268119 1018476
339806 1018476
329245 485460
329245 868034
329245 1055462
329245 1109309
485460 868034
485460 1055462
485460 1109309
868034 1055462
868034 1109309
1055462 1109309
11865 219016
11865 138703
11865 979491
138703 979491
325271 824856
325271 859704
824856 859704
779769 908014
514699 679765
429519 1049369
673023 780695
673023 811574
780695 811574
312323 502645
434753 772518
434753 839703
434753 902084
434753 1391282
772518 839703
772518 902084
772518 1391282
839703 902084
839703 1391282
902084 1391282
811405 1063135
34937 309196
34937 1111150
309196 1111150
877465 1234102
392028 979049
392028 1233379
979049 1233379
117385 214680
117385 443677
214680 443677
273808 584456
273808 1484567
584456 1484567
178216 447160
818469 1193943
254057 518076
88521 318810
88521 1048156
318810 1048156
442127 1084683
154016 1291618
557132 560153
557132 611383
560153 611383
119924 481166
207887 390038
272522 788407
272522 1137748
788407 1137748
173433 848128
176901 446702
905413 1185720
261933 921648
136478 272135
512052 645740
512052 911717
645740 911717
737630 792848
737630 1133531
737630 1404751
792848 1133531
792848 1404751
1133531 1404751
214676 1282401
214676 1351924
1282401 1351924
55031 57922
55031 526172
55031 1240191
57922 526172
57922 1240191
526172 1240191
546850 603526
546850 844438
546850 1396029
603526 844438
603526 1396029
844438 1396029
176301 328357
82379 176301
82379 286872
176301 286872
827666 877482
621217 1345516
338606 1165896
338606 1279087
1165896 1279087
326933 595999
499903 849122
237708 252296
122085 156445
387302 744230
502466 763876
576769 605713
576769 776310
576769 1096764
576769 1511131
605713 776310
605713 1096764
605713 1511131
776310 1096764
776310 1511131
1096764 1511131
68975 364498
68975 628080
68975 1235785
68975 1368728
364498 628080
364498 1235785
364498 1368728
628080 1235785
628080 1368728
1235785 1368728
364498 433819
364498 596236
364498 1440462
433819 596236
433819 1440462
596236 1440462
257614 738750
257614 1336749
738750 1336749
476597 591195
132536 275057
132536 616290
275057 616290
108473 1212681
744230 744747
450073 827558
642369 1333179
552095 604016
41770 74831
557640 1186226
269737 402229
269737 1120181
402229 1120181
896091 1103559
896091 1192703
1103559 1192703
794324 1190653
662110 1052729
758508 768701
393305 1480610
938380 1227956
22505 295870
22505 712475
22505 1047578
295870 712475
295870 1047578
712475 1047578
447372 935609
214060 452182
214060 886627
452182 886627
3474 1480175
853496 1440693
470 1518157
392212 460771
392212 524515
392212 644481
392212 818041
392212 979475
392212 1172220
392212 1249084
392212 1396738
392212 1500625
460771 524515
460771 644481
460771 818041
460771 979475
460771 1172220
460771 1249084
460771 1396738
460771 1500625
524515 644481
524515 818041
524515 979475
524515 1172220
524515 1249084
524515 1396738
524515 1500625
644481 818041
644481 979475
644481 1172220
644481 1249084
644481 1396738
644481 1500625
818041 979475
818041 1172220
818041 1249084
818041 1396738
818041 1500625
979475 1172220
979475 1249084
979475 1396738
979475 1500625
1172220 1249084
1172220 1396738
1172220 1500625
1249084 1396738
1249084 1500625
1396738 1500625
178216 514951
626013 652398
460771 920633
197066 537295
624899 1373876
125125 789504
125125 822526
125125 1086224
125125 1362749
789504 822526
789504 1086224
789504 1362749
822526 1086224
822526 1362749
1086224 1362749
173094 810293
49576 138446
49576 189584
49576 269719
138446 189584
138446 269719
189584 269719
667383 912380
72733 366902
870903 1084683
672440 1041186
672440 1099402
1041186 1099402
38512 237260
38512 1443534
38512 1525025
237260 1443534
237260 1525025
1443534 1525025
14323 88066
14323 1492352
88066 1492352
67640 286052
67640 314854
67640 561334
67640 829403
286052 314854
286052 561334
286052 829403
314854 561334
314854 829403
561334 829403
509900 557132
634774 1222276
902199 935628
509504 627311
509504 628730
509504 929309
509504 1468456
627311 628730
627311 929309
627311 1468456
628730 929309
628730 1468456
929309 1468456
145600 325383
710724 1054818
710724 1525541
1054818 1525541
108472 912506
21249 230433
21249 793642
21249 1479766
230433 793642
230433 1479766
793642 1479766
468594 608179
801474 1062240
173433 992750
838622 994629
586861 967638
586861 1125684
967638 1125684
257140 595066
257140 1117646
257140 1131367
595066 1117646
595066 1131367
1117646 1131367
267300 1353714
542511 544937
419420 1513055
88066 180251
365805 984507
165064 284622
448615 997982
523614 584150
488487 523614
666 1191996
615295 923384
878144 1532842
983355 1234684
256003 786673
126802 433819
126802 705179
433819 705179
389704 412623
123908 896862
147092 243315
41170 647970
301949 1237858
408201 1002005
248994 1393215
248994 1523070
1393215 1523070
978376 1179022
474439 736971
402062 468379
169369 460468
510808 732607
510808 732607
510808 1186090
732607 1186090
123790 195680
123790 661946
195680 661946
258325 869563
258325 1450001
869563 1450001
258325 1450001
116265 890874
116265 1034150
116265 1275612
890874 1034150
890874 1275612
1034150 1275612
755790 1040291
226157 291207
74921 1530207
313041 1001320
91724 161365
91724 369169
91724 483321
91724 838349
91724 1020076
161365 369169
161365 483321
161365 838349
161365 1020076
369169 483321
369169 838349
369169 1020076
483321 838349
483321 1020076
838349 1020076
223085 298333
223085 1163715
298333 1163715
244900 298950
154095 279985
77531 124690
77531 317016
77531 515041
77531 571282
77531 634535
77531 805232
77531 926028
77531 926342
77531 1142136
77531 1319969
77531 1379418
77531 1414894
124690 317016
124690 515041
124690 571282
124690 634535
124690 805232
124690 926028
124690 926342
124690 1142136
124690 1319969
124690 1379418
124690 1414894
317016 515041
317016 571282
317016 634535
317016 805232
317016 926028
317016 926342
317016 1142136
317016 1319969
317016 1379418
317016 1414894
515041 571282
515041 634535
515041 805232
515041 926028
515041 926342
515041 1142136
515041 1319969
515041 1379418
515041 1414894
571282 634535
571282 805232
571282 926028
571282 926342
571282 1142136
571282 1319969
571282 1379418
571282 1414894
634535 805232
634535 926028
634535 926342
634535 1142136
634535 1319969
634535 1379418
634535 1414894
805232 926028
805232 926342
805232 1142136
805232 1319969
805232 1379418
805232 1414894
926028 926342
926028 1142136
926028 1319969
926028 1379418
926028 1414894
926342 1142136
926342 1319969
926342 1379418
926342 1414894
1142136 1319969
1142136 1379418
1142136 1414894
1319969 1379418
1319969 1414894
1379418 1414894
1322808 1481879
104179 191132
104179 705546
191132 705546
129802 985836
399766 561007
67378 517621
139188 302508
139188 1333734
302508 1333734
190812 350093
190812 738750
350093 738750
52451 106034
52451 767019
106034 767019
31208 161223
386573 1394286
386573 1394286
391399 447494
391399 462080
391399 534925
447494 462080
447494 534925
462080 534925
370635 845169
370635 1217058
845169 1217058
200412 1397426
798 25795
798 775697
25795 775697
208932 315114
208932 334117
208932 515535
208932 863491
208932 1262902
315114 334117
315114 515535
315114 863491
315114 1262902
334117 515535
334117 863491
334117 1262902
515535 863491
515535 1262902
863491 1262902
343297 515041
482685 633803
754099 768275
17905 363154
734258 1259871
10697 686711
243284 497017
59010 104627
59010 423242
59010 794234
104627 423242
104627 794234
423242 794234
469576 689935
82415 231836
82415 589976
231836 589976
203046 959921
206241 289599
381647 552409
381647 801727
381647 1078743
552409 801727
552409 1078743
801727 1078743
101429 475962
5645 157522
5645 403055
5645 458344
5645 1011142
157522 403055
157522 458344
157522 1011142
403055 458344
403055 1011142
458344 1011142
120738 403394
120738 412623
120738 844075
412623 844075
274545 723260
707993 823757
152849 214738
152849 1188778
152849 1386663
152849 1443091
214738 1188778
214738 1386663
214738 1443091
1188778 1386663
1188778 1443091
1386663 1443091
215615 578321
215615 886765
578321 886765
846298 1412799
1110623 1315922
1035736 1345708
94103 1081826
231836 593879
151051 629773
66883 651673
526172 1240191
391347 445118
1229296 1267064
1229296 1267064
89660 220844
89660 265148
89660 396199
89660 1098053
220844 265148
220844 396199
220844 1098053
265148 396199
265148 1098053
396199 1098053
70508 100003
70508 353552
70508 433983
100003 353552
100003 433983
353552 433983
282507 877722
724706 955080
566849 623491
276737 406570
200545 488428
200545 488428
189389 619774
185718 990260
420396 861279
420396 1021389
861279 1021389
88521 411846
88521 1142122
411846 1142122
188085 561035
188085 1390038
561035 1390038
706234 952395
243010 1226623
57424 1490341
26215 644943
1043037 1439965
159547 782586
332384 860840
332384 1177623
332384 1262102
860840 1177623
860840 1262102
1177623 1262102
64606 74581
64606 535581
64606 537154
64606 1115949
74581 535581
74581 537154
74581 1115949
535581 537154
535581 1115949
537154 1115949
143920 1435591
271373 608516
271373 949951
608516 949951
527409 1229413
249487 1273138
249487 1475045
1273138 1475045
425357 755736
425357 972945
755736 972945
390331 878272
390331 1246655
390331 1273025
878272 1246655
878272 1273025
1246655 1273025
159887 630758
159887 1469852
630758 1469852
1194383 1312111
1001074 1195073
1194383 1312111
75561 749193
787506 800079
787506 887564
800079 887564
272218 846416
104355 119703
104355 167641
119703 167641
235244 1043500
529344 744240
529344 1031596
529344 1038034
744240 1031596
744240 1038034
1031596 1038034
179908 238421
179908 1020773
179908 1029339
238421 1020773
238421 1029339
1020773 1029339
15273 655594
130979 604630
105109 122339
215945 1247331
789058 1396582
10829 136887
10829 1451682
136887 1451682
247315 408445
265901 1281815
1118593 1194233
534041 1212290
399724 1063923
424411 967290
305734 1056858
428362 436801
130374 573743
257780 1332854
245879 970387
432654 786342
500850 1388156
447773 669664
447773 996372
669664 996372
325354 1118593
90500 210859
1138575 1294943
64875 223999
636602 787908
799343 985854
290167 648396
567067 1270821
290452 536898
984430 1153634
231811 1525257
533536 593463
181343 557823
1203897 1312336
199159 1175747
149216 415140
801318 1063662
217777 531639
217777 1178547
531639 1178547
284622 769944
217777 531639
171494 519858
483321 838349
529540 1214046
1131182 1462010
1131182 1494652
1462010 1494652
502084 693962
51679 579956
579956 600625
403426 929948
49888 967679
243284 294315
99563 1216938
892563 1262835
77108 133240
99563 1536906
520019 848346
335162 475663
13338 429149
13338 903157
429149 903157
967679 1203999
967679 1339456
1203999 1339456
276626 977530
111050 1039940
562635 823757
249250 562635
249250 823757
562635 823757
66796 230433
56628 258065
238664 1517518
821274 1284641
606225 866651
510494 1465975
334990 739287
94103 328930
94103 661153
328930 661153
324123 870903
189142 350661
189142 412742
189142 548047
350661 412742
350661 548047
412742 548047
297051 298126
29799 802507
29799 998240
802507 998240
172361 648932
736728 1102182
180251 203046
948630 1534145
626013 652398
282507 877722
1132507 1329707
764641 778197
764641 1066922
778197 1066922
404303 508477
406160 1158906
973112 1230474
397357 991549
27100 1221209
279148 1196485
333396 711847
1218123 1374928
339117 340930
956667 1138443
829093 831705
624581 1191224
568029 599622
102055 847285
102055 1049678
102055 1119581
847285 1049678
847285 1119581
1049678 1119581
92507 1231336
180715 1025407
187833 819820
301345 1372581
787961 1508669
65500 373048
721379 1235028
564474 1503102
551956 801297
769484 832372
769484 832372
2870 1107549
569163 572639
569163 955306
572639 955306
666010 1152622
124761 1392520
960378 1221209
107178 752003
811697 935498
434064 686711
434064 1078908
686711 1078908
261568 828042
429956 1341900
148279 447487
148279 1502607
447487 1502607
291124 331152
291124 383536
291124 537792
331152 383536
331152 537792
383536 537792
84502 530747
84502 715625
84502 970438
530747 715625
530747 970438
715625 970438
268430 291510
268430 442635
268430 1035736
268430 1453708
291510 442635
291510 1035736
291510 1453708
442635 1035736
442635 1453708
1035736 1453708
268430 291510
268430 442635
268430 1035736
291510 442635
291510 1035736
442635 1035736
485767 745601
485767 1518801
745601 1518801
261568 828042
509504 574548
509504 758458
509504 1468456
574548 758458
574548 1468456
758458 1468456
41170 268430
41170 291510
41170 315603
268430 291510
268430 315603
291510 315603
25078 562007
25078 1081064
25078 1091809
562007 1081064
562007 1091809
1081064 1091809
391399 462080
391399 922623
391399 1257411
462080 922623
462080 1257411
922623 1257411
43967 394892
839304 1137997
839304 1362363
839304 1383988
1137997 1362363
1137997 1383988
1362363 1383988
321594 567551
321594 860021
321594 1089813
321594 1122851
321594 1215785
567551 860021
567551 1089813
567551 1122851
567551 1215785
860021 1089813
860021 1122851
860021 1215785
1089813 1122851
1089813 1215785
1122851 1215785
467456 686318
270071 994607
194526 286944
194526 491207
194526 1238713
286944 491207
286944 1238713
491207 1238713
499924 928068
490841 1134903
302093 888222
302093 938586
302093 1388419
888222 938586
888222 1388419
938586 1388419
561035 920532
268283 309776
752481 1339013
718039 752481
741299 832468
741299 1129696
741299 1217767
741299 1279582
832468 1129696
832468 1217767
832468 1279582
1129696 1217767
1129696 1279582
1217767 1279582
1027388 1455064
495622 1210236
165959 1027388
165959 1516447
1027388 1516447
859337 1339013
879147 1412049
168144 257353
158206 1169198
551441 806994
377043 1034401
308266 683703
308266 714324
683703 714324
139712 683703
139712 714324
683703 714324
49518 205092
49518 299628
49518 935651
49518 1157615
49518 1187457
49518 1382588
205092 299628
205092 935651
205092 1157615
205092 1187457
205092 1382588
299628 935651
299628 1157615
299628 1187457
299628 1382588
935651 1157615
935651 1187457
935651 1382588
1157615 1187457
1157615 1382588
1187457 1382588
647916 889734
248994 778927
104666 1213292
104666 1339007
1213292 1339007
722238 1223616
318810 1150309
756856 1221347
269693 660549
109481 454839
109481 464086
454839 464086
222669 396580
222669 457685
396580 457685
187783 1262006
502466 1276363
581365 962465
581365 970102
962465 970102
424268 1200346
970108 1237593
14673 191192
88521 431053
363959 823355
202173 1400087
970106 1310582
758508 1198521
35076 353552
507821 814370
84951 1282270
126549 521226
243871 429044
243871 1389160
429044 1389160
337176 900920
274065 739920
950476 990956
42316 717283
42316 1084024
42316 1466189
717283 1084024
717283 1466189
1084024 1466189
353692 370136
257780 549370
926207 1518157
830363 1367042
415952 501786
415952 1129412
501786 1129412
261554 373667
229711 622159
614120 730969
614120 1475683
730969 1475683
429044 1389160
215985 339748
90841 175477
972291 1119590
76874 204266
76874 258354
204266 258354
873128 1294437
175477 1523070
149767 204473
51393 1032182
139410 1354513
244649 339224
128050 961656
207138 665557
870501 1256024
870501 1427750
1256024 1427750
331949 938259
260459 1204125
324380 539177
324380 762216
324380 948938
324380 1123452
539177 762216
539177 948938
539177 1123452
762216 948938
762216 1123452
948938 1123452
401919 617776
401919 1420131
617776 1420131
1258233 1450120
608299 1152671
441256 765394
27258 187806
317911 501238
317911 569744
501238 569744
240987 728684
175477 1004691
140629 903348
660546 790739
412623 747970
412623 862439
747970 862439
397859 680418
384486 1027864
198910 254909
186364 647944
521226 828742
275781 1468521
534041 1212290
324196 560541
324196 775697
560541 775697
506070 827558
123716 471619
123716 993701
471619 993701
545782 707973
545782 1178547
707973 1178547
1050833 1405955
179984 508780
179984 826879
179984 1144712
508780 826879
508780 1144712
826879 1144712
296427 499903
296427 963489
499903 963489
665469 795196
665469 827558
795196 827558
844075 1281750
180179 1518157
18406 619774
251961 711859
221874 819820
37331 372774
141246 418905
141246 505683
418905 505683
541900 657153
541900 1050833
288454 1296554
169369 460468
58024 965271
88521 908082
50007 945643
2037 110216
550759 1023296
75276 201978
318801 487369
318801 608284
318801 1348561
487369 608284
487369 1348561
608284 1348561
142985 964562
142985 1326557
964562 1326557
72507 318263
72507 1271264
72507 1514407
318263 1271264
318263 1514407
1271264 1514407
881452 1015087
395846 1110762
624376 648032
624376 991965
648032 991965
1160070 1514283
280617 306240
280617 525686
280617 805557
280617 870233
306240 525686
306240 805557
306240 870233
525686 805557
525686 870233
805557 870233
390381 514575
390381 786442
390381 1297822
514575 786442
514575 1297822
786442 1297822
459284 1484592
87595 1307150
87595 1403547
1307150 1403547
125790 306241
125790 1449597
306241 1449597
86260 180757
86260 230539
86260 854297
86260 922106
86260 1229540
180757 230539
180757 854297
180757 922106
180757 1229540
230539 854297
230539 922106
230539 1229540
854297 922106
854297 1229540
922106 1229540
249437 1442003
540570 1407571
581385 1388809
390381 1125726
221858 325503
221858 622234
325503 622234
654917 1280293
5990 1305211
106486 347457
106486 642681
347457 642681
130117 454286
541306 996623
663012 900990
663012 1180115
900990 1180115
83378 943478
477485 1076787
477485 1076787
99828 556247
99828 969113
556247 969113
73117 923384
412623 533158
285859 321586
285859 321586
320978 785607
541900 657153
541900 708916
657153 708916
1214572 1350519
22247 1193348
22247 1298202
1193348 1298202
236202 1031889
50708 1451038
50708 1451038
22 597303
22 766177
22 1221622
597303 766177
597303 1221622
766177 1221622
531182 714268
107175 934700
311057 812647
183626 939188
550484 1032366
644475 1132667
1448968 1452880
168236 710035
51459 1135049
440939 1538551
310193 1129443
34885 461978
68218 606834
669350 932473
1226236 1513630
100135 665633
659396 1460268
979231 1323339
529844 678797
8437 606041
330274 1367025
195272 231749
727667 1476170
453128 793167
453128 974101
453128 977423
793167 974101
793167 977423
974101 977423
96817 1118528
218130 1092306
1107410 1476170
237749 1137743
29674 348827
715732 1476170
130789 305747
107509 296247
589226 798090
62728 855271
140999 794033
298032 524722
298032 579314
524722 579314
11124 634206
175793 267614
392059 1145010
107175 934700
45494 100552
267837 720806
861792 962643
861792 1227926
962643 1227926
37097 241195
37097 628841
241195 628841
155581 770340
155581 1109461
770340 1109461
111944 771306
111944 1266065
771306 1266065
429127 491543
80287 945273
124661 340301
423273 596236
611180 915891
758508 1035282
588986 857796
8854 9786
8854 227997
8854 390404
9786 227997
9786 390404
227997 390404
711847 969113
97988 159318
97988 160385
159318 160385
240987 673550
899567 1025406
74921 298181
564474 1503102
74831 296427
74831 1395093
296427 1395093
74831 296427
74831 1395093
296427 1395093
136399 275057
52017 75977
52017 1504493
75977 1504493
71636 637559
124355 805148
124355 850002
124355 908071
124355 1428781
805148 850002
805148 908071
805148 1428781
850002 908071
850002 1428781
908071 1428781
226145 248601
125000 526737
125000 561176
125000 970353
125000 1036114
125000 1229772
125000 1449800
526737 561176
526737 970353
526737 1036114
526737 1229772
526737 1449800
561176 970353
561176 1036114
561176 1229772
561176 1449800
970353 1036114
970353 1229772
970353 1449800
1036114 1229772
1036114 1449800
1229772 1449800
575106 875506
575106 1130414
875506 1130414
722160 1209357
532125 692440
1364885 1422222
1364885 1478389
1422222 1478389
536246 1099174
430228 470998
430228 560080
470998 560080
221189 386816
221189 1428988
386816 1428988
2711 107594
2711 269822
2711 372368
2711 556141
2711 945097
107594 269822
107594 372368
107594 556141
107594 945097
269822 372368
269822 556141
269822 945097
372368 556141
372368 945097
556141 945097
253384 1444528
13747 213142
13747 433515
13747 537449
213142 433515
213142 537449
433515 537449
102009 537449
102009 786757
102009 929753
537449 786757
537449 929753
786757 929753
21127 64287
21127 696807
64287 696807
644598 1109848
659656 849295
659656 1296152
849295 1296152
659656 849295
659656 1296152
849295 1296152
411456 996611
411456 1154283
996611 1154283
266727 1114840
278077 1135049
117804 834034
117804 1453502
834034 1453502
563403 1100774
755507 772307
755507 1422146
772307 1422146
101833 317837
101833 506686
101833 700249
317837 506686
317837 700249
506686 700249
700783 1043129
136040 315083
867 774340
396204 1076909
56399 742917
56399 742917
811162 1499994
791972 1290703
16270 652150
16270 1366709
652150 1366709
9387 80540
46815 191338
302225 447254
190812 738750
794324 1190653
225947 328413
1063218 1373356
9387 80540
584582 1022720
99828 1212681
148093 711859
148093 747197
711859 747197
53526 1050833
682572 1237593
470814 1248073
5583 141246
131476 423242
231839 628080
231839 1294815
628080 1294815
665469 827558
66883 647970
75240 580412
619774 1290225
377155 1028225
196227 790318
196227 954818
196227 1477057
790318 954818
790318 1477057
954818 1477057
113059 1150309
536448 1052701
536448 1281750
1052701 1281750
137966 1251160
14610 585156
73117 120738
611180 628945
120738 412623
74831 1021488
89661 377089
89661 407509
89661 1491524
377089 407509
377089 1491524
407509 1491524
94103 328930
94103 624899
328930 624899
297051 598420
557132 611383
104114 476448
630712 1416722
119316 1435734
119316 1541185
1435734 1541185
825204 1180920
241188 643515
96398 424411
96398 967290
424411 967290
1221349 1471966
202034 956029
1195420 1454171
270249 1104968
763876 786232
308004 654273
662166 835189
101369 354421
101369 1204258
354421 1204258
630712 854812
1054096 1495002
822151 1340910
224461 1212209
96122 280449
907554 1093497
212055 1331675
29441 75997
907554 1093497
169459 1095110
169459 1294943
1095110 1294943
141956 528194
493799 755948
494767 658797
427478 563759
300741 710724
300741 1005825
300741 1175143
300741 1346097
710724 1005825
710724 1175143
710724 1346097
1005825 1175143
1005825 1346097
1175143 1346097
396955 678100
532826 1468198
343429 1300990
532604 956002
42133 1163738
42133 1405125
1163738 1405125
416648 723871
738686 763964
235565 342996
253310 371894
28201 821304
28201 1121256
821304 1121256
821304 1325052
75372 519886
306617 567406
306617 1295759
567406 1295759
42133 1163738
149156 1023956
3711 549053
69737 774152
69737 1315688
774152 1315688
260790 1194254
4551 14989
173574 1000736
341195 371477
1109425 1163738
615361 1009585
472888 709231
9387 34885
9387 80540
34885 80540
380380 524907
752481 889734
619350 1352525
484949 1144576
122415 188259
25529 832512
162780 261551
162780 623031
261551 623031
486729 1299948
484949 1144576
197735 431721
197735 1454699
197735 1461898
431721 1454699
431721 1461898
1454699 1461898
557181 1114998
557181 1114998
256652 1257574
700023 813600
1056311 1123180
534615 1095295
534615 1095295
357990 949631
46630 821304
46630 911006
821304 911006
431721 453773
431721 514790
453773 514790
3505 517479
3505 613524
517479 613524
941852 1000181
449681 935607
141193 1014171
128978 519878
118090 548324
118090 1511678
548324 1511678
1076438 1124435
650270 1321315
650270 1363781
1321315 1363781
46329 1110328
351207 1284095
961341 1043129
642046 800999
587762 960044
587762 1472336
960044 1472336
427401 651278
187503 962350
157415 1051998
583951 1347440
79481 632783
79481 964174
632783 964174
349430 578063
66883 592733
66883 625022
592733 625022
836343 1277453
836343 1414160
836343 1517695
1277453 1414160
1277453 1517695
1414160 1517695
331854 1494451
8624 331854
8624 972991
8624 1494451
331854 972991
331854 1494451
972991 1494451
42133 795967
821304 911006
669206 770034
634019 932648
9857 214141
9857 310726
9857 590194
9857 1083983
9857 1468359
214141 310726
214141 590194
214141 1083983
214141 1468359
310726 590194
310726 1083983
310726 1468359
590194 1083983
590194 1468359
1083983 1468359
507821 813600
16833 359123
1109423 1448593
675267 1150046
592733 1494347
940163 1022842
940163 1094877
1022842 1094877
37395 1020093
131425 173654
181429 1103794
23841 523192
47006 432060
415146 422422
42133 711172
312486 322883
296152 1185688
385087 541422
235877 1391091
42133 151806
42133 1313511
151806 1313511
42133 151806
42133 1313511
151806 1313511
359776 727869
359776 865026
727869 865026
975495 1188293
727467 969113
657155 796302
74831 916768
314407 819799
42891 136399
285859 321586
120738 321586
120738 412623
120738 844075
321586 412623
321586 844075
412623 844075
99828 556247
160867 348631
230303 819820
230303 843441
819820 843441
1056387 1524510
248994 404303
248994 1523070
404303 1523070
433819 1341157
175477 955072
175477 1523070
955072 1523070
665197 1070173
257780 549370
257780 1313079
549370 1313079
20517 89275
574334 724706
1019672 1191996
389704 412623
212195 627311
212195 718860
212195 758458
212195 1468456
627311 718860
627311 758458
627311 1468456
718860 758458
718860 1468456
758458 1468456
119924 481166
214471 258065
214471 944539
258065 944539
157754 314208
157754 205415
157754 314208
157754 539790
205415 314208
205415 539790
314208 539790
1417339 1518157
173433 848128
72733 93309
72733 214810
72733 311514
72733 707992
93309 214810
93309 311514
93309 707992
214810 311514
214810 707992
311514 707992
282507 877722
34784 72747
34784 369291
34784 819695
72747 369291
72747 819695
369291 819695
261933 921648
906299 1028025
906299 1096466
1028025 1096466
906299 1028025
906299 1096466
1028025 1096466
389336 696420
619337 945921
63710 464461
63710 464461
571777 670173
234902 408409
234902 562163
408409 562163
93435 606552
93435 762428
606552 762428
756856 1221347
63088 295219
344909 763128
344909 1339007
763128 1339007
148093 243284
148093 747197
243284 747197
418174 453424
418174 1409200
453424 1409200
878345 1455323
56705 1421474
801967 840680
755293 1063151
398339 619121
21178 575230
926197 1530480
6262 123790
6262 195680
6262 661946
123790 195680
123790 661946
195680 661946
126768 767019
170124 333755
170124 802297
333755 802297
92201 844040
775697 965596
775697 1002278
965596 1002278
426210 537792
324124 1521543
894813 1162142
216918 1315922
154998 403055
240632 595209
612762 1280168
612762 1518157
1280168 1518157
245413 562635
202548 1193596
256646 667680
677251 1494150
677251 1530532
1494150 1530532
105859 1123061
29441 75997
120884 799045
493955 1351675
493955 1374928
493955 1442565
1351675 1374928
1351675 1442565
1374928 1442565
354739 404512
278541 800610
708252 1442253
366111 1245434
1523070 99882
1550520 301445
980585 707973
980585 707973
1444269 225056
1345687 1159253
1345687 1116563
1159253 1116563
1033509 61995
1563976 1636207
1563976 1636208
1636207 1636208
1636210 1636211
1636210 1636212
1636211 1636212
513529 628425
1636739 104666
1636739 590013
104666 590013
1636740 14088700
658041 14089067
692453 14146003
14146032 939541
1019884 965875
14146036 14146037
14146039 226587
14146039 1335502
226587 1335502
1493222 1502214
327679 14146042
800045 14169344
800045 14169345
800045 14169346
800045 14169347
800045 14169348
14169344 14169345
14169344 14169346
14169344 14169347
14169344 14169348
14169345 14169346
14169345 14169347
14169345 14169348
14169346 14169347
14169346 14169348
14169347 14169348
