237360 519541
237360 825178
519541 825178
759229 1106865
639544 1486012
239421 840552
124493 1341785
443076 1437361
443076 1437361
288145 896862
57547 757725
719795 1354849
977988 1417902
239739 444729
239739 924575
444729 924575
648611 1084408
648611 1084408
275595 298506
275595 376973
275595 584249
275595 1302610
298506 376973
298506 584249
298506 1302610
376973 584249
376973 1302610
584249 1302610
620798 1077529
733374 1507663
45790 893310
426293 934650
28106 1291443
620798 1077529
638782 723285
638782 1409833
723285 1409833
195183 837127
207946 753713
462940 1372113
620034 957339
917373 1381694
1636727 150636
1636728 14088689
