383507 1052906
772048 1499529
99828 202062
133722 818845
133722 1139323
818845 1139323
482685 708916
390404 709908
355077 922155
355077 1413295
922155 1413295
373293 1357197
508780 637037
162294 989720
17830 355455
17830 396748
355455 396748
9392 107882
255053 783169
1233179 1368728
68973 169369
68973 1368728
169369 1368728
196045 379487
196045 752413
379487 752413
71140 396955
71140 490215
71140 1392043
396955 490215
396955 1392043
490215 1392043
35076 353552
241486 537077
37080 245827
37080 450146
245827 450146
173806 1201043
975258 1146103
285859 1381925
304734 920857
304734 1518080
920857 1518080
56181 499466
201087 230303
1315562 1353714
470814 863057
470814 1248073
863057 1248073
73314 898239
73314 1315922
898239 1315922
694284 910932
104666 430278
104666 576187
430278 576187
9512 13615
9512 464694
9512 1062858
13615 464694
13615 1062858
464694 1062858
9512 13615
9512 464694
9512 1062858
13615 464694
13615 1062858
464694 1062858
447372 1165776
120884 1054091
120884 1314265
1054091 1314265
211588 707992
211588 877722
211588 1054091
707992 877722
707992 1054091
877722 1054091
133722 449949
133722 677864
449949 677864
359288 756135
180569 624196
720224 1024959
474663 733398
896862 1463576
412623 862439
74831 402229
74831 510588
74831 628080
74831 881426
74831 1513946
402229 510588
402229 628080
402229 881426
402229 1513946
510588 628080
510588 881426
510588 1513946
628080 881426
628080 1513946
881426 1513946
99828 463629
99828 1454952
463629 1454952
156445 1315922
221874 373293
481757 727256
63238 80540
63238 412623
63238 1155180
80540 412623
80540 1155180
412623 1155180
301949 557523
412623 583884
9786 819820
402579 460468
402579 708916
460468 708916
175477 1026582
68975 1074048
68975 1368728
1074048 1368728
191192 569131
607489 901934
758508 926464
572658 1124207
476597 938589
31225 274827
31225 469576
31225 1247321
31225 1382577
274827 469576
274827 1247321
274827 1382577
469576 1247321
469576 1382577
1247321 1382577
154059 1381814
463092 758061
537796 740091
576769 1191996
585159 774188
811417 1294943
1155180 1413295
342181 1372790
342181 1443216
1372790 1443216
41170 454213
84468 758508
258861 754680
200729 258861
74921 457999
134342 915408
915408 1236320
4600 384981
148286 396756
200412 263600
200412 384486
263600 384486
325253 705546
325253 710181
325253 1173914
705546 710181
705546 1173914
710181 1173914
269345 423566
269345 430550
423566 430550
487269 761667
683649 766753
683649 1203803
683649 1271286
766753 1203803
766753 1271286
1203803 1271286
1011150 1321678
1011150 1505444
1321678 1505444
300192 943165
290619 681883
531049 1191996
307491 485029
307491 750248
485029 750248
57723 487652
57723 902157
487652 902157
483321 500988
483321 737572
483321 900436
500988 737572
500988 900436
737572 900436
196045 379487
196045 896862
379487 896862
619121 1413295
32899 94103
32899 470528
94103 470528
363154 915894
423566 1068410
552505 597858
566431 755542
303398 866783
41181 278108
1052860 1444912
67823 623279
238872 1117090
425606 548259
425606 1530923
548259 1530923
133492 1255190
833966 1171759
94103 235886
94103 606354
94103 1144189
94103 1285858
235886 606354
235886 1144189
235886 1285858
606354 1144189
606354 1285858
1144189 1285858
183859 1452644
684568 1003655
35076 441547
143297 747973
94281 1240191
93309 644941
73314 1315922
60136 618933
363470 655639
392059 1301207
314487 676044
608483 786139
27852 1066884
342181 1387690
342181 1387690
342181 500816
587898 1007144
158100 550982
158100 605385
158100 631456
158100 790087
158100 840705
158100 1276298
550982 605385
550982 631456
550982 790087
550982 840705
550982 1276298
605385 631456
605385 790087
605385 840705
605385 1276298
631456 790087
631456 840705
631456 1276298
790087 840705
790087 1276298
840705 1276298
159794 1121598
26513 644594
460530 680257
460530 699779
680257 699779
1420429 1468019
338606 1165896
812723 1314441
798 89275
798 1282401
89275 1282401
189584 659607
189584 709977
659607 709977
96633 339224
4051 34098
4051 41200
4051 219822
4051 547542
4051 939225
4051 941808
34098 41200
34098 219822
34098 547542
34098 939225
34098 941808
41200 219822
41200 547542
41200 939225
41200 941808
219822 547542
219822 939225
219822 941808
547542 939225
547542 941808
939225 941808
272071 360592
54572 462837
177919 692229
177919 1233278
692229 1233278
396215 655570
396215 1166146
655570 1166146
432438 655570
432438 1513653
655570 1513653
27126 112731
27126 663835
112731 663835
435990 1536560
541065 1132362
55606 105470
500850 810268
685206 1325160
211007 324046
211007 487652
324046 487652
149445 209326
149445 501337
149445 1508120
209326 501337
209326 1508120
501337 1508120
146893 805122
146893 840726
146893 1270385
805122 840726
805122 1270385
840726 1270385
560920 1008653
560920 1074249
1008653 1074249
59089 805801
59089 949473
805801 949473
144910 407542
708248 1362178
351781 490861
351781 1151506
490861 1151506
209744 425907
885962 1396410
697359 765796
754927 964635
309754 486771
238938 793832
238938 844102
238938 1170280
793832 844102
793832 1170280
844102 1170280
484220 1389408
805122 1388473
197518 488489
91244 726920
249214 821276
136880 1314259
136880 1314259
13057 436801
129736 298447
129736 328470
298447 328470
469610 958562
627260 843997
627260 1229250
627260 1240191
843997 1229250
843997 1240191
1229250 1240191
366474 1294943
569131 1203685
528194 1239450
232459 680256
232459 844844
680256 844844
304501 1084052
304501 1389624
1084052 1389624
94883 753030
1056502 1081447
1056502 1344168
1081447 1344168
74921 1530207
74921 1029232
278211 1158906
862003 1222955
252115 1260785
717692 1105486
529022 1337231
139410 1354513
452720 715728
452720 1476950
715728 1476950
861687 1099827
172325 350843
113193 134893
113193 141821
134893 141821
596857 1202588
130162 826662
83756 396955
916768 1070173
557181 1210939
65605 175020
957594 1250862
62478 256430
62478 1248073
256430 1248073
62478 256430
62478 1248073
256430 1248073
88066 1492352
88066 1492352
288638 1494061
433614 527414
73979 519687
216559 430484
87931 211614
315039 611745
462022 1136872
462022 1487709
1136872 1487709
41958 257140
41958 1190987
257140 1190987
37069 50049
37069 254567
37069 983212
37069 1101942
37069 1130873
50049 254567
50049 983212
50049 1101942
50049 1130873
254567 983212
254567 1101942
254567 1130873
983212 1101942
983212 1130873
1101942 1130873
150398 1190212
57073 930192
249113 487796
79555 764268
79555 1040480
79555 1086494
79555 1095210
764268 1040480
764268 1086494
764268 1095210
1040480 1086494
1040480 1095210
1086494 1095210
332844 892139
334823 508714
334823 1009322
334823 1273170
508714 1009322
508714 1273170
1009322 1273170
335238 865517
225571 497474
225571 586324
497474 586324
241157 763799
241157 926587
241157 1192363
241157 1223046
241157 1303055
763799 926587
763799 1192363
763799 1223046
763799 1303055
926587 1192363
926587 1223046
926587 1303055
1192363 1223046
1192363 1303055
1223046 1303055
239750 313749
239750 681626
239750 1352097
239750 1362363
239750 1383988
313749 681626
313749 1352097
313749 1362363
313749 1383988
681626 1352097
681626 1362363
681626 1383988
1352097 1362363
1352097 1383988
1362363 1383988
466192 517959
309730 556181
309730 582796
556181 582796
315374 691071
315374 869816
315374 1016314
691071 869816
691071 1016314
869816 1016314
638221 990848
1012519 1243771
249113 323780
249113 1013188
249113 1320605
323780 1013188
323780 1320605
1013188 1320605
316822 1229919
427677 500094
427677 1133862
500094 1133862
148323 343825
72442 124145
72442 639731
72442 742301
124145 639731
124145 742301
639731 742301
371968 712719
371968 977847
712719 977847
274827 1247321
881433 1294815
1022074 1294815
601228 1055546
183694 1487931
125637 183694
41170 569131
41170 925391
41170 1322456
569131 925391
569131 1322456
925391 1322456
144910 292949
60246 70317
60246 285837
60246 634534
60246 949705
60246 1201988
60246 1289676
70317 285837
70317 634534
70317 949705
70317 1201988
70317 1289676
285837 634534
285837 949705
285837 1201988
285837 1289676
634534 949705
634534 1201988
634534 1289676
949705 1201988
949705 1289676
1201988 1289676
939003 964841
323001 697672
43441 1515923
253488 606935
253488 1355877
606935 1355877
631586 1465451
281493 457013
281493 561645
281493 631586
457013 561645
457013 631586
561645 631586
281493 457013
281493 561645
281493 631586
457013 561645
457013 631586
561645 631586
281493 561645
281493 631586
561645 631586
281493 561645
281493 631586
561645 631586
236347 753754
659518 661973
659518 1230061
661973 1230061
506972 1310860
506972 1476712
1310860 1476712
308004 638590
285668 365306
133241 478798
22247 41275
22247 1054818
41275 1054818
66883 330311
179571 1028670
1138890 1253722
59878 575425
59878 730523
575425 730523
290619 681883
285853 321778
285853 349010
285853 1080555
285853 1396842
321778 349010
321778 1080555
321778 1396842
349010 1080555
349010 1396842
1080555 1396842
606850 1194090
757914 1088243
757914 1409053
1088243 1409053
718741 1280448
446006 1325382
363154 412623
363154 862439
412623 862439
355079 1150309
196045 373293
111310 1133782
433819 916768
433819 1070173
916768 1070173
432891 649499
432891 1001647
649499 1001647
202084 402579
460468 476597
460468 1368728
476597 1368728
7018 47834
7018 725152
47834 725152
686711 890433
99828 108166
104764 285859
184345 397780
116553 1018891
159794 1499965
664657 939653
583782 1063662
432094 1462916
254909 369056
22660 230303
781013 1239450
230660 1077152
718888 1099153
718888 1182051
1099153 1182051
135085 1037915
219549 861687
219549 1401227
219549 1408114
861687 1401227
861687 1408114
1401227 1408114
412623 862439
412623 862439
221874 373293
52592 204649
52592 507606
204649 507606
346777 1085033
402579 1124539
94193 247362
928294 1508669
264194 881430
191698 466863
191698 625023
191698 708916
466863 625023
466863 708916
625023 708916
196045 763876
66883 1353714
368754 377155
509018 954235
509018 954235
117932 954236
63329 1294815
34885 368982
83917 376982
97043 131296
131296 1533044
1070173 1203254
253028 400858
1413969 1480418
140613 497925
144403 1035398
983888 1053011
545335 1224045
197258 785607
637377 1145415
398216 1081221
449172 1248501
58084 111039
577327 1127403
298506 463117
168382 512552
399439 1538598
461247 1509810
691954 800061
691954 889042
800061 889042
208759 434849
476597 1368728
380991 519120
380991 647974
519120 647974
749530 1116872
37026 467814
99828 1454952
191192 458347
753837 999318
470814 1248073
315039 744824
51167 181981
1366005 1379790
116034 867033
140720 774152
294607 920073
831856 913184
477562 662571
722487 1077712
538625 1299191
142322 707039
142322 1206565
707039 1206565
240392 346654
256652 1326391
4201 972640
1188871 1391091
592 27000
592 38040
27000 38040
518473 710724
720063 1356814
119926 1249930
1373219 1415430
1373219 1447285
1415430 1447285
80540 412623
80540 862439
412623 862439
862439 1283471
412623 862439
120738 206241
120738 448076
206241 448076
534788 1162893
534788 1413295
1162893 1413295
206241 373293
285859 1381925
412623 583884
34885 461978
301949 1530532
786139 1230611
269111 1230926
718361 739615
718361 1005762
739615 1005762
220844 363606
792235 1129823
359288 756135
179571 1377144
61449 105500
1030391 1305158
1030391 1431149
1305158 1431149
732032 935704
555034 1003845
809880 914412
2946 337318
2946 1531353
337318 1531353
114150 383507
114150 1052906
383507 1052906
43849 309250
73816 1102523
73816 409676
169459 287750
44989 242752
44989 494767
44989 501055
44989 1222581
242752 494767
242752 501055
242752 1222581
494767 501055
494767 1222581
501055 1222581
246351 250692
246351 720736
246351 1107155
250692 720736
250692 1107155
720736 1107155
1636734 666583
1636734 14088696
666583 14088696
988965 307873
988965 150636
307873 150636
407469 1625835
407469 1625836
407469 565128
407469 157280
407469 14088697
1625835 1625836
1625835 565128
1625835 157280
1625835 14088697
1625836 565128
1625836 157280
1625836 14088697
565128 157280
565128 14088697
157280 14088697
708916 1144712
191192 481052
963489 74831
