415981 115826
415981 14104907
415981 1619833
115826 14104907
115826 1619833
14104907 1619833
805543 1575343
805543 14209452
805543 14115441
805543 14209453
1575343 14209452
1575343 14115441
1575343 14209453
14209452 14115441
14209452 14209453
14115441 14209453
460873 848768
460873 170274
460873 819424
460873 569521
460873 55862
848768 170274
848768 819424
848768 569521
848768 55862
170274 819424
170274 569521
170274 55862
819424 569521
819424 55862
569521 55862
1472187 849478
1472187 956130
1472187 903280
849478 956130
849478 903280
956130 903280
440976 364670
440976 483851
440976 581829
440976 1584272
440976 1076625
440976 14175652
440976 670772
440976 14105451
440976 1619511
440976 1619512
364670 483851
364670 581829
364670 1584272
364670 1076625
364670 14175652
364670 670772
364670 14105451
364670 1619511
364670 1619512
483851 581829
483851 1584272
483851 1076625
483851 14175652
483851 670772
483851 14105451
483851 1619511
483851 1619512
581829 1584272
581829 1076625
581829 14175652
581829 670772
581829 14105451
581829 1619511
581829 1619512
1584272 1076625
1584272 14175652
1584272 670772
1584272 14105451
1584272 1619511
1584272 1619512
1076625 14175652
1076625 670772
1076625 14105451
1076625 1619511
1076625 1619512
14175652 670772
14175652 14105451
14175652 1619511
14175652 1619512
670772 14105451
670772 1619511
670772 1619512
14105451 1619511
14105451 1619512
1619511 1619512
1051794 1619936
1051794 1619937
1051794 1619938
1051794 14176122
1051794 1619940
1619936 1619937
1619936 1619938
1619936 14176122
1619936 1619940
1619937 1619938
1619937 14176122
1619937 1619940
1619938 14176122
1619938 1619940
14176122 1619940
