24329 981920
66668 672634
66668 1315957
672634 1315957
759700 796302
663012 796302
277320 858091
277320 1141761
858091 1141761
277320 402579
277320 1012526
277320 1102616
402579 1012526
402579 1102616
1012526 1102616
861602 1312414
861602 1476320
1312414 1476320
959296 1334171
224176 582483
224176 1354849
582483 1354849
224176 582483
224176 1354849
582483 1354849
224176 582483
224176 1354849
582483 1354849
620788 792982
620788 1199402
620788 1294815
792982 1199402
792982 1294815
1199402 1294815
269424 1282949
176115 322598
176115 413917
322598 413917
889056 1005357
889056 1016998
1005357 1016998
89367 650272
89367 996773
650272 996773
596554 657120
596554 1201594
657120 1201594
429152 430153
286734 703662
286734 1095825
703662 1095825
1585917 689925
94889 214747
105798 1516279
902724 1390587
903527 1218304
595591 671447
121484 1066562
121484 1089863
1066562 1089863
6709 663012
6709 784659
663012 784659
952198 1141020
513309 716275
321710 1149683
906787 1058520
204890 1463866
881386 1511213
881386 1511213
1003655 1197432
13398 344299
13398 838718
344299 838718
557554 668697
557554 1079434
557554 1486244
668697 1079434
668697 1486244
1079434 1486244
847882 1294815
976744 1056184
22809 1093384
330746 902203
36300 1010555
136880 350568
880550 1138073
880550 1520247
1138073 1520247
247955 880550
247955 1138073
247955 1520247
880550 1138073
880550 1520247
1138073 1520247
243873 269111
243873 569153
269111 569153
830009 863881
830009 935821
863881 935821
830009 863881
830009 935821
863881 935821
413917 1298013
322598 413917
955427 992753
327369 825178
54595 212927
54595 758247
54595 1366796
54595 1456614
212927 758247
212927 1366796
212927 1456614
758247 1366796
758247 1456614
1366796 1456614
173486 650481
761580 888395
761580 1045648
888395 1045648
540229 1186376
50490 262452
254028 1477107
1174570 1488525
650481 884085
108473 1481869
955427 992753
436213 635392
86946 258008
86946 437156
86946 1232833
258008 437156
258008 1232833
437156 1232833
507776 546028
406825 790397
108865 1476712
732091 1228760
772501 970261
215060 1462045
1345724 1522199
270800 476138
365126 999727
650536 1346795
1096000 1255754
140906 221582
140906 858242
221582 858242
644992 1002565
254481 1074280
