808443 1131168
808443 1256978
1131168 1256978
811413 822151
57750 70718
57750 321296
57750 676755
57750 1262528
57750 1294711
70718 321296
70718 676755
70718 1262528
70718 1294711
321296 676755
321296 1262528
321296 1294711
676755 1262528
676755 1294711
1262528 1294711
676755 1262528
1276955 1297836
886561 955317
313553 1202475
187175 445985
526733 590013
41719 685157
131719 157586
131719 336597
157586 336597
531675 909978
308907 1426000
250120 1119278
250120 1148069
250120 1409492
1119278 1148069
1119278 1409492
1148069 1409492
357286 1064621
295050 373507
272653 1064621
308907 1426000
509789 1432229
386827 1314066
386827 1459295
1314066 1459295
378716 711076
231646 283282
250120 413190
250120 971910
413190 971910
993653 1481145
393775 856668
1092659 1351288
314291 467434
314291 696960
314291 1506937
467434 696960
467434 1506937
696960 1506937
547733 639399
547733 964303
547733 1023802
639399 964303
639399 1023802
964303 1023802
700106 922718
5 70317
5 82286
5 1481696
70317 82286
70317 1481696
82286 1481696
399766 561007
630741 723269
630741 1251711
723269 1251711
149311 280668
149311 1279320
280668 1279320
787130 1113480
738588 1322808
191132 705546
191132 1011882
191132 1282744
705546 1011882
705546 1282744
1011882 1282744
74054 99711
74054 592070
99711 592070
269345 1295928
29031 920073
62209 483321
345894 571728
138446 1179917
48276 141265
48276 986340
141265 986340
286913 367506
104179 994271
430550 431513
14989 367508
14989 835261
367508 835261
915779 973746
118945 932870
138939 736691
313819 1333893
108674 649577
28445 1027809
191954 635049
256646 273727
256646 581574
256646 619247
273727 581574
273727 619247
581574 619247
886686 1412820
96449 771338
503253 643815
876356 1001101
63296 570109
280039 475962
280039 1323977
475962 1323977
184037 626850
184037 839943
626850 839943
53481 88177
53481 105984
53481 560384
53481 778673
88177 105984
88177 560384
88177 778673
105984 560384
105984 778673
560384 778673
151300 684485
151300 701513
684485 701513
112036 785948
700106 1206163
700106 977561
700106 1206161
977561 1206161
42338 147901
42338 1159116
147901 1159116
470814 1248073
50538 427249
202821 508780
202821 637037
508780 637037
659611 706941
639743 864686
23332 71746
23332 253654
23332 943870
71746 253654
71746 943870
253654 943870
58975 244513
293660 500637
98988 698611
224996 1005293
320322 1346238
9142 281774
9142 568308
9142 776438
9142 945808
281774 568308
281774 776438
281774 945808
568308 776438
568308 945808
776438 945808
351787 1261243
351787 1405137
1261243 1405137
437329 596271
437329 1491418
596271 1491418
1295621 1400651
88674 118865
141222 205415
141222 254057
141222 325537
141222 747645
141222 1262563
205415 254057
205415 325537
205415 747645
205415 1262563
254057 325537
254057 747645
254057 1262563
325537 747645
325537 1262563
747645 1262563
535181 1316321
310283 802507
104214 122415
104214 311902
104214 368286
104214 755679
104214 960166
122415 311902
122415 368286
122415 755679
122415 960166
311902 368286
311902 755679
311902 960166
368286 755679
368286 960166
755679 960166
46616 743445
46616 1070778
743445 1070778
180202 649407
435540 693051
793642 1518157
578036 1042304
557132 1504489
1148816 1222276
182517 1290825
182517 1320711
182517 1371589
1290825 1320711
1290825 1371589
1320711 1371589
660246 1434746
343999 807556
141193 525102
281774 333002
281774 833717
281774 945808
281774 999174
333002 833717
333002 945808
333002 999174
833717 945808
833717 999174
945808 999174
249002 536153
138519 1539487
106697 899373
445897 844694
200790 211630
200790 231995
200790 1290648
211630 231995
211630 1290648
231995 1290648
199469 554774
199469 612202
554774 612202
104214 122415
104214 311902
104214 368286
104214 755679
104214 960166
122415 311902
122415 368286
122415 755679
122415 960166
311902 368286
311902 755679
311902 960166
368286 755679
368286 960166
755679 960166
351915 575463
381647 678171
274065 745613
158884 570655
130560 645523
175786 832782
175786 877718
832782 877718
832782 877718
134589 781431
280039 1022858
399766 561007
399766 603585
399766 873797
399766 920073
561007 603585
561007 873797
561007 920073
603585 873797
603585 920073
873797 920073
836080 1037206
551181 964952
281774 945808
281774 999174
945808 999174
104214 122415
104214 311902
104214 368286
104214 755679
104214 960166
122415 311902
122415 368286
122415 755679
122415 960166
311902 368286
311902 755679
311902 960166
368286 755679
368286 960166
755679 960166
570124 1062652
367228 1014730
367228 1301792
1014730 1301792
932124 1062652
144838 737135
144838 804683
144838 813619
144838 1051559
144838 1114820
144838 1291748
737135 804683
737135 813619
737135 1051559
737135 1114820
737135 1291748
804683 813619
804683 1051559
804683 1114820
804683 1291748
813619 1051559
813619 1114820
813619 1291748
1051559 1114820
1051559 1291748
1114820 1291748
1154148 1254370
375517 1322646
375517 1521435
1322646 1521435
703189 1418789
263770 285853
684410 1256101
297651 1512449
180764 705218
140510 827666
140510 1378578
827666 1378578
349010 723040
79395 765103
111373 347584
138167 206492
926511 938380
677187 731730
137674 538785
585576 1308160
270129 758615
111373 347584
975258 1146103
54275 1029661
138167 206492
54275 1029661
299282 333231
113985 1064974
113985 1376529
1064974 1376529
83658 1422257
73117 388634
73117 417891
73117 529353
73117 801499
388634 417891
388634 529353
388634 801499
417891 529353
417891 801499
529353 801499
762737 1391030
384486 904565
727869 865026
546965 1130389
696191 1124592
363440 816223
7981 269693
35554 81122
35554 291114
81122 291114
388439 831994
800820 895311
13884 636899
7451 349806
343380 725632
7451 331150
7451 932870
331150 932870
819820 1358555
429950 819820
253903 1094635
253903 1101153
1094635 1101153
122905 1477449
716055 1317282
179984 826879
179984 1144712
826879 1144712
440925 490454
56943 1384489
368694 1499198
385348 1089096
990260 1308381
546563 660439
546563 796643
546563 1391091
660439 796643
660439 1391091
796643 1391091
247545 304628
468995 966880
68612 323869
68612 989231
323869 989231
263623 800799
263623 1043462
263623 1104488
263623 1176897
263623 1509400
800799 1043462
800799 1104488
800799 1176897
800799 1509400
1043462 1104488
1043462 1176897
1043462 1509400
1104488 1176897
1104488 1509400
1176897 1509400
100359 301445
100359 1057588
100359 1525882
100359 1538813
301445 1057588
301445 1525882
301445 1538813
1057588 1525882
1057588 1538813
1525882 1538813
473365 1161803
1239076 1272061
1239076 1445649
1239076 1534649
1272061 1445649
1272061 1534649
1445649 1534649
615817 1445649
615817 1534649
1445649 1534649
220030 318443
31314 635546
31314 768382
31314 1167648
635546 768382
635546 1167648
768382 1167648
535500 1473294
457426 677138
341166 1182619
227372 461450
227372 1073953
461450 1073953
227372 461450
227372 1073953
461450 1073953
958095 1354369
13588 203642
13588 494790
13588 1134338
203642 494790
203642 1134338
494790 1134338
9288 627151
9288 1442981
627151 1442981
295179 1342254
213851 636353
535287 553141
535287 1099416
553141 1099416
238770 368138
238770 678667
368138 678667
1008751 1495285
1124084 1467867
503818 989543
503818 991214
503818 1406328
989543 991214
989543 1406328
991214 1406328
739778 878345
1393231 1499169
201142 799750
201142 805651
201142 1063442
201142 1117009
799750 805651
799750 1063442
799750 1117009
805651 1063442
805651 1117009
1063442 1117009
70467 201142
70467 441105
70467 503080
70467 544886
70467 805651
70467 1005586
201142 441105
201142 503080
201142 544886
201142 805651
201142 1005586
441105 503080
441105 544886
441105 805651
441105 1005586
503080 544886
503080 805651
503080 1005586
544886 805651
544886 1005586
805651 1005586
259858 391289
259858 1037235
391289 1037235
284062 710724
284062 1342775
710724 1342775
833084 1003158
833084 1484822
1003158 1484822
1349797 1483077
1349797 1516405
1483077 1516405
176906 564348
101110 393106
101110 993152
101110 1148215
101110 1521600
393106 993152
393106 1148215
393106 1521600
993152 1148215
993152 1521600
1148215 1521600
354880 1217555
50873 1072816
218074 244513
101698 713044
101698 863064
713044 863064
701921 917712
701921 1011046
701921 1018235
917712 1011046
917712 1018235
1011046 1018235
151229 854928
151229 1354369
854928 1354369
735445 1463848
523516 1320697
349506 696832
349506 794090
349506 902346
696832 794090
696832 902346
794090 902346
347206 1410658
6793 699009
1108036 1287591
1108036 1334815
1287591 1334815
44199 507724
50978 310123
50978 384546
50978 1288596
50978 1309781
310123 384546
310123 1288596
310123 1309781
384546 1288596
384546 1309781
1288596 1309781
1213101 1296623
56598 541944
56598 1384676
541944 1384676
191279 999447
191279 1480220
999447 1480220
404002 1292185
211761 345443
211761 495052
211761 1281441
345443 495052
345443 1281441
495052 1281441
883152 1332997
340530 638319
580755 595960
580755 1042988
580755 1318218
595960 1042988
595960 1318218
1042988 1318218
50978 308160
50978 1309781
308160 1309781
99335 436618
99335 592231
436618 592231
449681 672228
197735 336014
197735 835139
336014 835139
843441 1199690
377043 742700
66187 187503
66187 197735
187503 197735
197730 913847
706234 1514262
21878 469459
21878 492741
21878 604486
21878 1106212
469459 492741
469459 604486
469459 1106212
492741 604486
492741 1106212
604486 1106212
1107689 1471592
430196 864671
430196 1097002
430196 1524656
864671 1097002
864671 1524656
1097002 1524656
125917 724918
125917 920270
125917 948255
724918 920270
724918 948255
920270 948255
195680 506058
39914 543792
476079 951947
810950 1106212
810950 1106212
291191 888970
947203 1020918
202948 540297
5409 648396
136679 755692
136679 1153575
755692 1153575
586667 750698
130569 260677
362278 1502791
357990 519819
21102 74831
21102 934519
21102 955572
74831 934519
74831 955572
934519 955572
606391 1339007
349194 816095
156445 364498
810438 1061022
8854 763876
481751 792863
665633 753137
665633 975258
753137 975258
412623 881426
585156 1013667
433819 705179
433819 839205
433819 844736
433819 939782
705179 839205
705179 844736
705179 939782
839205 844736
839205 939782
844736 939782
115462 705179
523314 824973
523314 963489
523314 46913
824973 963489
824973 46913
963489 46913
364498 552192
364498 1501315
552192 1501315
9561 727404
844075 1281750
221874 819820
113059 402579
112892 1494557
113059 540910
304233 355477
304233 425482
355477 425482
335181 649653
335181 739432
335181 981256
335181 1528388
649653 739432
649653 981256
649653 1528388
739432 981256
739432 1528388
981256 1528388
590749 1007171
698583 1010674
394444 628425
394444 1052219
628425 1052219
717051 854932
717051 1275481
854932 1275481
107696 1008127
485305 659726
485305 683803
485305 1345740
485305 1539742
659726 683803
659726 1345740
659726 1539742
683803 1345740
683803 1539742
1345740 1539742
424983 549512
424983 1007171
424983 1492245
549512 1007171
549512 1492245
1007171 1492245
201524 731768
75185 776529
75185 1434166
776529 1434166
850790 1503867
137045 1398765
24490 1423553
65010 172985
193052 581488
193052 1140442
581488 1140442
193093 535589
193093 937745
535589 937745
370353 1201426
28480 379444
28480 674482
28480 693377
28480 1041282
28480 1351803
379444 674482
379444 693377
379444 1041282
379444 1351803
674482 693377
674482 1041282
674482 1351803
693377 1041282
693377 1351803
1041282 1351803
270129 519141
270129 676915
270129 687211
519141 676915
519141 687211
676915 687211
368495 681460
368495 847351
368495 948263
681460 847351
681460 948263
847351 948263
651854 662590
651854 1201626
651854 1365104
651854 1418372
662590 1201626
662590 1365104
662590 1418372
1201626 1365104
1201626 1418372
1365104 1418372
136399 296427
394583 810293
228306 1115698
628425 1283898
942781 1350705
306251 381151
306251 782447
381151 782447
306251 441560
71911 805373
78417 236812
78417 303023
236812 303023
829684 1180639
829684 1323481
1180639 1323481
272135 414726
272135 763864
414726 763864
297651 1488020
1237800 1261277
863666 1110021
1261277 1476580
228293 1080911
228013 769587
568094 1319540
459764 877465
33473 606095
725968 825037
725968 911259
825037 911259
175640 198398
175640 234883
198398 234883
701965 863172
663309 1330061
663309 1388076
1330061 1388076
1330061 1419470
1330061 1440234
1419470 1440234
458499 627151
1202652 1279799
471132 1466547
350782 503028
880868 1330061
880868 1419470
1330061 1419470
377089 739455
377089 1491524
739455 1491524
116712 348830
425468 512053
217777 427282
217777 515305
427282 515305
280935 847055
280935 1054854
847055 1054854
5180 50704
5180 83013
5180 235621
5180 315255
5180 699845
50704 83013
50704 235621
50704 315255
50704 699845
83013 235621
83013 315255
83013 699845
235621 315255
235621 699845
315255 699845
274537 287601
274537 1068432
287601 1068432
184825 1222276
123178 133722
120831 217777
6793 515341
6793 676271
6793 699009
515341 676271
515341 699009
676271 699009
236196 764481
236196 824513
236196 1383267
764481 824513
764481 1383267
824513 1383267
174021 779097
174021 1525025
779097 1525025
192075 975495
192075 1404326
192075 1454908
975495 1404326
975495 1454908
1404326 1454908
54275 1029661
829093 1013951
30249 1013949
14673 661007
14673 1389164
661007 1389164
53602 137674
1179420 1277895
175477 1004691
228484 442577
228484 672539
442577 672539
179984 228484
179984 442577
179984 826879
179984 1144712
228484 442577
228484 826879
228484 1144712
442577 826879
442577 1144712
826879 1144712
138458 635727
923384 1514409
160338 916768
975258 1146103
279608 942691
255053 954924
217122 486470
217122 1535240
486470 1535240
257614 459927
368495 1540138
487792 1294943
653724 1030842
113059 470359
73979 728684
113059 1339007
387917 823355
73314 805428
1191060 1305864
158916 329063
12797 246751
12797 676915
246751 676915
558925 788407
558925 1020918
788407 1020918
394583 774653
394583 810293
774653 810293
799343 1035771
1035771 1116036
76284 1280746
922448 998240
21878 379504
21878 469459
21878 492741
21878 604486
469459 492741
469459 604486
492741 604486
666 9512
666 1032990
9512 1032990
245197 788341
368235 1106212
368235 1374472
1106212 1374472
9417 669329
9417 988219
9417 1276577
669329 988219
669329 1276577
988219 1276577
79820 948097
281036 889690
89204 268787
78302 470430
145763 418286
146181 596857
41170 493907
41170 570104
493907 570104
270129 758615
270129 773963
270129 1099124
758615 773963
758615 1099124
773963 1099124
866651 1158678
783734 1432709
307892 650369
558925 788407
558925 888567
788407 888567
169125 482685
751869 1012114
751869 1439081
1012114 1439081
5409 648396
42449 213096
42449 367489
213096 367489
80275 1273586
388063 1327890
827457 1122014
83886 172085
83886 244906
83886 319768
83886 1098859
83886 1402433
172085 244906
172085 319768
172085 1098859
172085 1402433
244906 319768
244906 1098859
244906 1402433
319768 1098859
319768 1402433
1098859 1402433
156703 168647
109334 496877
109334 629931
109334 1425755
496877 629931
496877 1425755
629931 1425755
357928 556678
357928 969755
556678 969755
332155 1509402
7981 38635
7981 80175
7981 269693
7981 280339
7981 433983
7981 540392
7981 1112331
7981 1526253
38635 80175
38635 269693
38635 280339
38635 433983
38635 540392
38635 1112331
38635 1526253
80175 269693
80175 280339
80175 433983
80175 540392
80175 1112331
80175 1526253
269693 280339
269693 433983
269693 540392
269693 1112331
269693 1526253
280339 433983
280339 540392
280339 1112331
280339 1526253
433983 540392
433983 1112331
433983 1526253
540392 1112331
540392 1526253
1112331 1526253
384080 557257
812661 988624
78579 563161
351588 1367215
288864 1044489
812781 1237593
57739 501952
57739 611889
57739 798255
501952 611889
501952 798255
611889 798255
209701 474917
209701 1159384
474917 1159384
345025 853925
345025 1118514
853925 1118514
609685 1048709
369169 471367
82727 282860
82727 320230
82727 685212
82727 971497
282860 320230
282860 685212
282860 971497
320230 685212
320230 971497
685212 971497
814314 1117664
13588 188728
13588 512387
13588 808879
188728 512387
188728 808879
512387 808879
144735 1063662
352393 1117687
707100 890118
707100 1054854
707100 1271966
890118 1054854
890118 1271966
1054854 1271966
314487 762061
513261 1132650
66095 1392148
66095 1522499
1392148 1522499
7750 1260717
249079 497017
64082 217777
64082 1454536
217777 1454536
186916 1353105
101833 365041
477011 625745
1283119 1288435
1283119 1410023
1288435 1410023
229985 621020
229985 910530
621020 910530
108472 804138
833084 1003158
236199 761035
65605 642219
65605 1350519
642219 1350519
214206 875435
214206 935562
875435 935562
104214 122415
104214 311902
104214 368286
104214 755679
104214 960166
122415 311902
122415 368286
122415 755679
122415 960166
311902 368286
311902 755679
311902 960166
368286 755679
368286 960166
755679 960166
591862 960138
387917 823355
702147 751827
702147 1496660
751827 1496660
360698 806119
226836 400884
226836 446835
226836 921455
226836 1423426
400884 446835
400884 921455
400884 1423426
446835 921455
446835 1423426
921455 1423426
819387 1056288
181444 633133
214151 755406
214151 838622
755406 838622
218172 1081287
155973 349506
155973 696832
155973 857114
155973 1477057
349506 696832
349506 857114
349506 1477057
696832 857114
696832 1477057
857114 1477057
432599 500387
32182 270652
409264 1502542
280038 1470700
28718 569131
865 973634
865 1208464
973634 1208464
665605 809307
389824 701477
162218 340774
162218 567744
162218 742857
340774 567744
340774 742857
567744 742857
795297 912061
795297 922283
912061 922283
213487 972431
213487 1297509
972431 1297509
353703 462691
1179982 1190605
795297 912061
795297 922283
912061 922283
182211 740082
182211 1023357
740082 1023357
382632 476890
382632 853180
382632 926335
382632 1000179
382632 1097856
382632 1460764
382632 1494512
476890 853180
476890 926335
476890 1000179
476890 1097856
476890 1460764
476890 1494512
853180 926335
853180 1000179
853180 1097856
853180 1460764
853180 1494512
926335 1000179
926335 1097856
926335 1460764
926335 1494512
1000179 1097856
1000179 1460764
1000179 1494512
1097856 1460764
1097856 1494512
1460764 1494512
497606 563083
892416 1413295
63562 133722
63562 596042
63562 666735
133722 596042
133722 666735
596042 666735
820993 847523
121012 451933
121012 517479
121012 1046269
451933 517479
451933 1046269
517479 1046269
327761 619774
686768 813372
686768 1075571
686768 1139831
686768 1151629
813372 1075571
813372 1139831
813372 1151629
1075571 1139831
1075571 1151629
1139831 1151629
640687 958162
79481 659467
79481 1144405
79481 1247321
659467 1144405
659467 1247321
1144405 1247321
497907 737329
436801 786139
790285 1315656
790285 1382289
1315656 1382289
303391 1366693
520199 849992
331496 390576
331496 693362
390576 693362
75638 396955
75638 490213
396955 490213
302224 1160451
302224 1179694
1160451 1179694
1221841 1371847
475962 1444721
80431 186428
466570 976592
260620 1371246
131090 615001
131090 938727
131090 1234065
615001 938727
615001 1234065
938727 1234065
112973 346385
112973 1068056
112973 1480303
346385 1068056
346385 1480303
1068056 1480303
796052 807521
796052 837934
807521 837934
47006 516744
1330580 1441369
361326 838770
62209 483321
106433 189080
106433 275781
106433 372021
189080 275781
189080 372021
275781 372021
172583 234133
172583 369169
172583 471367
172583 483321
172583 547556
172583 1017849
234133 369169
234133 471367
234133 483321
234133 547556
234133 1017849
369169 471367
369169 483321
369169 547556
369169 1017849
471367 483321
471367 547556
471367 1017849
483321 547556
483321 1017849
547556 1017849
55606 270249
55606 304492
55606 546965
270249 304492
270249 546965
304492 546965
273024 344174
273024 513139
273024 720784
273024 1104966
344174 513139
344174 720784
344174 1104966
513139 720784
513139 1104966
720784 1104966
60767 305794
48276 955510
99582 164502
1874 234133
191954 635049
1137900 1148762
885177 906108
221874 597550
77309 645466
129802 254354
144838 804683
144838 1051559
804683 1051559
154914 565950
154914 864275
154914 1515364
565950 864275
565950 1515364
864275 1515364
1303736 1398235
518268 1231404
1477 929624
3711 65537
621262 786774
673550 1134816
12797 246751
12797 676915
246751 676915
860679 986115
95321 208093
95321 867442
208093 867442
228484 442577
228484 462808
228484 672539
442577 462808
442577 672539
462808 672539
255053 705218
255053 954924
705218 954924
711128 794324
257614 476661
894286 1445617
935840 1463296
109089 175477
509314 1064689
50930 1393215
234102 339750
397388 925916
147092 1115768
39776 1525597
270129 758615
96122 152939
96122 350182
96122 1339007
152939 350182
152939 1339007
350182 1339007
96122 350182
45251 96122
45251 350182
96122 350182
48942 274338
23055 833426
496834 559099
496834 1447671
559099 1447671
46630 676634
46630 1334822
676634 1334822
361174 860163
151051 299003
151051 683938
151051 1024001
299003 683938
299003 1024001
683938 1024001
338909 1066884
361174 860163
113237 122260
113237 365069
113237 595719
113237 757726
113237 1209430
122260 365069
122260 595719
122260 757726
122260 1209430
365069 595719
365069 757726
365069 1209430
595719 757726
595719 1209430
757726 1209430
31524 113980
449681 950202
136973 264734
136973 387629
136973 559286
136973 592794
136973 790654
136973 967363
136973 1108777
136973 1213050
264734 387629
264734 559286
264734 592794
264734 790654
264734 967363
264734 1108777
264734 1213050
387629 559286
387629 592794
387629 790654
387629 967363
387629 1108777
387629 1213050
559286 592794
559286 790654
559286 967363
559286 1108777
559286 1213050
592794 790654
592794 967363
592794 1108777
592794 1213050
790654 967363
790654 1108777
790654 1213050
967363 1108777
967363 1213050
1108777 1213050
71208 123716
71208 245413
71208 541900
123716 245413
123716 541900
245413 541900
58377 397055
58377 397055
158206 280224
63389 433819
63389 596236
63389 1116872
433819 596236
433819 1116872
596236 1116872
154998 891213
154998 1217298
891213 1217298
97237 1126733
844075 1281750
290420 742245
433819 1315922
821535 1368728
231836 405378
231836 513818
405378 513818
91683 744747
174886 1246991
635307 1372042
850046 1388472
137795 614225
398819 725264
398819 1039934
725264 1039934
270129 758615
270129 773963
758615 773963
275781 903936
24490 863666
61674 724888
228484 442577
228484 672539
442577 672539
458193 909773
50930 1393215
62543 147092
62543 1259871
147092 1259871
745127 806659
61674 724888
175640 198398
175640 234883
198398 234883
368495 704881
16341 449432
16341 945893
449432 945893
890162 1183160
7888 8404
548061 945808
543792 1533103
328718 833717
318501 1431755
64110 124208
359971 585458
359971 1041178
359971 1533109
585458 1041178
585458 1533109
1041178 1533109
658672 998704
106697 899373
359971 585458
359971 1041178
585458 1041178
97995 246776
97995 1295759
246776 1295759
1041178 1533109
80431 186428
833717 1292569
66491 600419
55004 1300632
67680 105660
734360 736791
734360 1417362
736791 1417362
543792 1143170
41855 684455
949604 965237
476176 489682
476176 773485
476176 888102
489682 773485
489682 888102
773485 888102
705129 1280467
26976 228484
26976 442577
228484 442577
542561 1035820
119146 834139
675327 1501564
198398 980694
198398 1155662
980694 1155662
409089 1211513
156703 577520
603473 697143
490432 832212
34062 251064
353339 688872
353339 705820
688872 705820
178628 340566
178628 772893
340566 772893
129840 788662
56668 1375729
135556 1142997
223613 1118545
223613 1438624
1118545 1438624
267240 451981
267240 574115
267240 661134
451981 574115
451981 661134
574115 661134
1142122 1261718
105546 306525
105546 555301
306525 555301
800028 936164
389828 591823
389828 1261718
591823 1261718
104509 129370
104509 134589
129370 134589
257259 1330307
257025 886627
253517 310853
404764 437900
94049 151134
94049 392076
94049 603529
151134 392076
151134 603529
392076 603529
661153 862474
449681 633002
449681 720061
449681 1280782
633002 720061
633002 1280782
720061 1280782
431721 587559
431721 1045972
587559 1045972
330131 1017237
2474 1141963
1874 112562
1874 424615
1874 447037
1874 487269
1874 1065128
112562 424615
112562 447037
112562 487269
112562 1065128
424615 447037
424615 487269
424615 1065128
447037 487269
447037 1065128
487269 1065128
314208 809857
281205 295290
281205 438370
281205 862738
295290 438370
295290 862738
438370 862738
266523 410173
381647 460823
291795 334145
138446 447040
424166 451704
424166 1251416
451704 1251416
619774 1313076
50930 448739
50930 594741
50930 1393215
448739 594741
448739 1393215
594741 1393215
902199 935628
88521 1358946
289143 1195739
7451 194880
7451 349806
194880 349806
270502 659032
270502 1241270
270502 1463033
659032 1241270
659032 1463033
1241270 1463033
118865 313584
118865 661153
313584 661153
118865 282507
7241 1084683
138446 224521
138446 537077
138446 877722
138446 1131168
138446 1137748
224521 537077
224521 877722
224521 1131168
224521 1137748
537077 877722
537077 1131168
537077 1137748
877722 1131168
877722 1137748
1131168 1137748
537409 724706
314208 1330850
571830 1511474
46630 1179542
313584 481862
313584 877722
313584 992750
313584 1172726
481862 877722
481862 992750
481862 1172726
877722 992750
877722 1172726
992750 1172726
226256 818469
1874 77141
1874 353553
1874 447037
1874 992750
1874 1144712
1874 1327368
77141 353553
77141 447037
77141 992750
77141 1144712
77141 1327368
353553 447037
353553 992750
353553 1144712
353553 1327368
447037 992750
447037 1144712
447037 1327368
992750 1144712
992750 1327368
1144712 1327368
827180 1069335
145135 412623
56181 112562
56181 282507
56181 404764
56181 424615
56181 467691
112562 282507
112562 404764
112562 424615
112562 467691
282507 404764
282507 424615
282507 467691
404764 424615
404764 467691
424615 467691
113237 122260
113237 1209430
122260 1209430
173433 285459
54952 97818
54952 652838
54952 724706
97818 652838
97818 724706
652838 724706
62209 77141
62209 353553
62209 452620
77141 353553
77141 452620
353553 452620
12713 548937
535481 823312
83756 123716
83756 541900
123716 541900
83756 123716
83756 541900
123716 541900
17905 30506
94260 759951
196045 313255
196045 379487
196045 481751
313255 379487
313255 481751
379487 481751
125776 619774
127700 1164199
8854 663433
123716 541900
442577 462808
353993 950548
368754 377155
368754 744230
377155 744230
279608 942691
20044 605713
20044 1511131
605713 1511131
441477 758508
441477 926464
758508 926464
527136 711859
642587 935840
109172 482445
539571 541900
402579 541900
74831 402579
1368728 1501315
147454 499257
29204 259603
275057 296427
275057 1463295
296427 1463295
91683 106264
145135 412623
191192 293462
191192 883749
293462 883749
1828 980603
156758 163383
156758 348340
156758 591800
156758 597200
156758 629041
156758 771732
156758 841810
156758 1238638
156758 1414359
156758 1497346
163383 348340
163383 591800
163383 597200
163383 629041
163383 771732
163383 841810
163383 1238638
163383 1414359
163383 1497346
348340 591800
348340 597200
348340 629041
348340 771732
348340 841810
348340 1238638
348340 1414359
348340 1497346
591800 597200
591800 629041
591800 771732
591800 841810
591800 1238638
591800 1414359
591800 1497346
597200 629041
597200 771732
597200 841810
597200 1238638
597200 1414359
597200 1497346
629041 771732
629041 841810
629041 1238638
629041 1414359
629041 1497346
771732 841810
771732 1238638
771732 1414359
771732 1497346
841810 1238638
841810 1414359
841810 1497346
1238638 1414359
1238638 1497346
1414359 1497346
44249 87632
44249 125366
44249 238435
44249 254052
44249 379860
44249 970666
44249 1165801
87632 125366
87632 238435
87632 254052
87632 379860
87632 970666
87632 1165801
125366 238435
125366 254052
125366 379860
125366 970666
125366 1165801
238435 254052
238435 379860
238435 970666
238435 1165801
254052 379860
254052 970666
254052 1165801
379860 970666
379860 1165801
970666 1165801
220657 286096
220657 300190
220657 416364
220657 418539
220657 570068
220657 1153575
220657 1368357
286096 300190
286096 416364
286096 418539
286096 570068
286096 1153575
286096 1368357
300190 416364
300190 418539
300190 570068
300190 1153575
300190 1368357
416364 418539
416364 570068
416364 1153575
416364 1368357
418539 570068
418539 1153575
418539 1368357
570068 1153575
570068 1368357
1153575 1368357
67417 429946
67417 539827
67417 790141
67417 963777
67417 1085552
429946 539827
429946 790141
429946 963777
429946 1085552
539827 790141
539827 963777
539827 1085552
790141 963777
790141 1085552
963777 1085552
128777 194073
128777 289943
128777 340333
128777 398361
128777 453072
128777 523322
128777 535095
128777 578036
194073 289943
194073 340333
194073 398361
194073 453072
194073 523322
194073 535095
194073 578036
289943 340333
289943 398361
289943 453072
289943 523322
289943 535095
289943 578036
340333 398361
340333 453072
340333 523322
340333 535095
340333 578036
398361 453072
398361 523322
398361 535095
398361 578036
453072 523322
453072 535095
453072 578036
523322 535095
523322 578036
535095 578036
522387 1435914
21878 204926
148279 322416
148279 635727
322416 635727
529990 701714
529990 784871
529990 1191996
701714 784871
701714 1191996
784871 1191996
1699 430196
1699 537295
1699 864671
1699 959487
1699 1097002
1699 1272818
1699 1524656
430196 537295
430196 864671
430196 959487
430196 1097002
430196 1272818
430196 1524656
537295 864671
537295 959487
537295 1097002
537295 1272818
537295 1524656
864671 959487
864671 1097002
864671 1272818
864671 1524656
959487 1097002
959487 1272818
959487 1524656
1097002 1272818
1097002 1524656
1272818 1524656
148279 468594
148279 468594
203046 778946
225469 334145
44489 808473
158884 173433
204926 207887
204926 468594
204926 537295
204926 608179
207887 468594
207887 537295
207887 608179
468594 537295
468594 608179
537295 608179
199734 1121810
94898 381647
423242 1494150
536091 889543
51080 51148
51080 842428
51148 842428
459294 537077
844075 1281750
191338 220844
572622 921890
50402 268645
50402 605256
50402 1002992
50402 1125880
50402 1269362
50402 1288770
268645 605256
268645 1002992
268645 1125880
268645 1269362
268645 1288770
605256 1002992
605256 1125880
605256 1269362
605256 1288770
1002992 1125880
1002992 1269362
1002992 1288770
1125880 1269362
1125880 1288770
1269362 1288770
506972 1241416
404303 1339007
34248 676915
34248 246751
144544 1105426
160338 916768
178125 1533291
372535 404303
372535 1393215
404303 1393215
395910 443677
156445 364498
156445 470359
156445 670263
470359 670263
215946 412623
792893 848675
324696 954759
76598 125776
76598 619774
125776 619774
535969 1340875
266658 415407
398960 650184
21248 681443
248994 1339007
32351 306428
508477 644933
58801 148279
321521 385906
321521 840716
385906 840716
243284 1035979
14799 502466
14799 1276363
502466 1276363
75977 591195
79709 1104244
24042 598017
24042 910530
598017 910530
248994 673550
248994 1393215
248994 1523070
1393215 1523070
296427 645206
296427 812864
645206 812864
296427 645206
154820 262634
159794 1427990
175477 1393215
892367 1365104
228306 648537
228306 1393215
648537 1393215
1104488 1176897
121653 880331
302000 992969
99882 1197189
457625 1509401
332155 1509402
332155 1509402
336892 628542
751879 1425819
105310 261528
282767 1301551
282767 1301551
258325 869563
258325 1450001
869563 1450001
759503 945220
800820 1362135
528749 881615
273727 1327882
306393 471178
306393 1372556
471178 1372556
56734 844410
345100 1015142
345100 1204047
1015142 1204047
604571 1049483
129802 254354
1086026 1322808
28915 135556
28915 367506
28915 1330115
135556 367506
135556 1330115
367506 1330115
49576 423566
49576 630699
423566 630699
290466 975509
580267 1392736
404303 988968
372535 1393215
354965 1350358
97078 297359
47615 471122
47615 487501
47615 524086
47615 1036547
47615 1271345
47615 1303995
47615 1410277
47615 1417631
47615 1429830
47615 1463893
47615 1539153
471122 487501
471122 524086
471122 1036547
471122 1271345
471122 1303995
471122 1410277
471122 1417631
471122 1429830
471122 1463893
471122 1539153
487501 524086
487501 1036547
487501 1271345
487501 1303995
487501 1410277
487501 1417631
487501 1429830
487501 1463893
487501 1539153
524086 1036547
524086 1271345
524086 1303995
524086 1410277
524086 1417631
524086 1429830
524086 1463893
524086 1539153
1036547 1271345
1036547 1303995
1036547 1410277
1036547 1417631
1036547 1429830
1036547 1463893
1036547 1539153
1271345 1303995
1271345 1410277
1271345 1417631
1271345 1429830
1271345 1463893
1271345 1539153
1303995 1410277
1303995 1417631
1303995 1429830
1303995 1463893
1303995 1539153
1410277 1417631
1410277 1429830
1410277 1463893
1410277 1539153
1417631 1429830
1417631 1463893
1417631 1539153
1429830 1463893
1429830 1539153
1463893 1539153
108488 164628
108488 214679
108488 335265
108488 386737
108488 408812
108488 719756
164628 214679
164628 335265
164628 386737
164628 408812
164628 719756
214679 335265
214679 386737
214679 408812
214679 719756
335265 386737
335265 408812
335265 719756
386737 408812
386737 719756
408812 719756
147199 317016
147199 753081
317016 753081
316534 1200546
197390 230786
867925 1390534
775697 1002278
847137 1405527
42133 480269
42133 764081
480269 764081
46452 570860
46452 1113922
570860 1113922
449663 1021191
449663 1040784
1021191 1040784
27852 569505
1252 519573
205039 235565
31651 679003
31651 681372
31651 791757
679003 681372
679003 791757
681372 791757
245977 475962
51289 365614
51289 543462
51289 823757
51289 859848
365614 543462
365614 823757
365614 859848
543462 823757
543462 859848
823757 859848
570104 1341287
112608 563438
112608 1084086
563438 1084086
413430 471290
413430 1081468
471290 1081468
961809 1307429
160399 465660
160399 993257
465660 993257
314336 1014798
468379 746965
468379 1319065
746965 1319065
27067 353552
219528 228950
219528 245977
219528 379949
219528 382809
219528 447802
219528 487014
219528 1460093
228950 245977
228950 379949
228950 382809
228950 447802
228950 487014
228950 1460093
245977 379949
245977 382809
245977 447802
245977 487014
245977 1460093
379949 382809
379949 447802
379949 487014
379949 1460093
382809 447802
382809 487014
382809 1460093
447802 487014
447802 1460093
487014 1460093
56399 742917
175733 1306841
129802 254354
101733 614186
221428 593017
221428 626013
593017 626013
243010 848298
30806 90066
30806 457097
30806 1167232
90066 457097
90066 1167232
457097 1167232
95426 1279090
95426 1279090
95426 1279090
95426 1279090
717575 1060171
30110 1204634
182561 722274
182561 1205847
722274 1205847
277527 1093977
269262 914903
269262 1455946
914903 1455946
80789 148466
80789 790966
80789 1306182
148466 790966
148466 1306182
790966 1306182
1163173 1166800
385833 716977
385833 1129136
716977 1129136
385833 716977
385833 1129136
716977 1129136
462020 800164
462020 801998
800164 801998
132923 658365
132923 781192
658365 781192
385833 716977
385833 1129136
716977 1129136
236202 603278
236202 1226430
603278 1226430
1235028 1401627
413084 683583
18109 1164176
98888 133959
90040 140993
115339 887654
606429 1107825
2474 763180
146902 247381
255781 1338919
412250 1204966
257259 1330307
257259 1330307
105500 309100
331157 344300
269064 1391774
137949 1468521
217178 347990
217178 348982
347990 348982
311851 645611
311851 817445
645611 817445
838174 958251
1062657 1342356
619342 1373319
211096 971217
88745 1244418
38275 662502
243871 429044
63881 998039
447773 1128630
1247331 1437879
155591 464678
768348 1195420
404303 1393215
822151 1131572
822151 1340910
1131572 1340910
116202 1344761
820087 984430
820087 1153634
984430 1153634
792372 1465336
510827 829765
1222115 1354893
189003 387410
189003 1034177
387410 1034177
239753 952401
27539 221428
27539 355823
27539 533545
221428 355823
221428 533545
355823 533545
21063 385906
340690 1039652
340690 1071317
1039652 1071317
158206 432120
158206 1161783
432120 1161783
243284 609668
122625 1478236
164592 471378
164592 482046
471378 482046
217777 225815
217777 1528335
225815 1528335
93404 762785
198750 338606
82816 454725
23053 63297
200456 225821
200456 1183124
225821 1183124
191337 435183
555301 723269
555301 767275
723269 767275
528749 881615
58975 244513
243284 1249847
449802 1069017
449802 1367980
1069017 1367980
644045 1156441
581867 780327
1183124 1527450
321380 525031
528447 1539038
975922 1215366
25350 1223778
181907 734842
757487 1349595
243003 415371
243003 545568
243003 797185
243003 868700
243003 907507
415371 545568
415371 797185
415371 868700
415371 907507
545568 797185
545568 868700
545568 907507
797185 868700
797185 907507
868700 907507
397544 791581
314935 689290
314935 1212182
689290 1212182
772276 844568
42450 105356
42450 1452904
105356 1452904
14799 818295
10948 88362
10948 469090
10948 1361653
88362 469090
88362 1361653
469090 1361653
505764 630043
438581 1064582
1226398 1476922
13338 500355
13338 903157
500355 903157
854908 1016055
545013 1228723
6769 1365083
212185 874265
792956 997521
6766 183075
14989 70317
14989 575797
14989 634534
70317 575797
70317 634534
575797 634534
5079 1106357
113778 491058
357990 452177
357990 519819
357990 581061
452177 519819
452177 581061
519819 581061
339224 1054091
339224 1054091
7404 1331022
807407 1511494
89290 742216
597283 630230
330678 469188
330678 932473
469188 932473
228711 776020
228711 1329433
776020 1329433
12718 970032
12718 970032
36397 908254
703623 1037440
703623 1045702
1037440 1045702
204378 1145010
204378 1254087
1145010 1254087
117906 249597
117906 957969
249597 957969
839772 1205055
258909 801850
258909 953568
801850 953568
216918 244818
220564 698025
773433 1514429
100546 817274
1145010 1254087
1145010 1407299
1254087 1407299
105477 337932
105477 598762
337932 598762
334624 738271
334624 805088
738271 805088
133349 1262109
132043 458461
244681 487388
371173 843950
371173 975550
843950 975550
244681 487388
149642 229280
149642 1271374
229280 1271374
810335 1408674
8437 804593
267347 346639
19345 159990
19345 184738
159990 184738
936555 985544
936555 1115661
985544 1115661
4007 453747
267111 703335
405770 1131887
545371 1438864
83839 709629
261093 772155
261093 1095641
772155 1095641
51183 793023
51183 1044147
793023 1044147
74921 298181
9395 703863
9395 1234684
703863 1234684
740071 814535
51184 826058
545371 1234453
37712 1329686
893894 1197000
873512 1164953
873512 1407559
1164953 1407559
304734 529990
348206 449797
175477 248994
175477 778927
248994 778927
606645 1160957
606645 1265335
606645 1270100
1160957 1265335
1160957 1270100
1265335 1270100
673550 1134816
805428 1061022
258881 564204
175477 543781
175477 543781
829093 1013951
893632 1134817
1067797 1457893
8429 892416
8429 1120181
8429 1413295
892416 1120181
892416 1413295
1120181 1413295
175477 248994
175477 1004691
248994 1004691
175477 1004691
860187 1170606
1239890 1262478
1239890 1333071
1262478 1333071
330798 940802
101209 172571
101209 180708
172571 180708
545723 629029
333394 660546
815055 1454952
1163282 1235028
175477 940126
551956 801297
73979 728684
248994 1393215
248994 1523070
1393215 1523070
248994 1393215
248994 1523070
1393215 1523070
172325 1088994
149973 473193
569163 955306
569163 1054331
955306 1054331
642219 1350519
65605 642219
65605 1350519
642219 1350519
65605 642219
65605 1350519
642219 1350519
102055 847285
102055 1049678
847285 1049678
102055 847285
102055 1049678
847285 1049678
175477 1124776
55385 1292582
97489 377776
97489 436089
97489 1091809
97489 1329214
97489 1370983
97489 1481755
377776 436089
377776 1091809
377776 1329214
377776 1370983
377776 1481755
436089 1091809
436089 1329214
436089 1370983
436089 1481755
1091809 1329214
1091809 1370983
1091809 1481755
1329214 1370983
1329214 1481755
1370983 1481755
314407 461743
314407 461797
314407 546338
314407 626730
314407 908533
314407 1413276
461743 461797
461743 546338
461743 626730
461743 908533
461743 1413276
461797 546338
461797 626730
461797 908533
461797 1413276
546338 626730
546338 908533
546338 1413276
626730 908533
626730 1413276
908533 1413276
24329 42882
24329 225386
24329 572842
24329 651975
24329 1460182
42882 225386
42882 572842
42882 651975
42882 1460182
225386 572842
225386 651975
225386 1460182
572842 651975
572842 1460182
651975 1460182
41170 315603
41170 493907
41170 570104
41170 1148632
315603 493907
315603 570104
315603 1148632
493907 570104
493907 1148632
570104 1148632
169125 482685
211220 506047
74860 236885
74860 831556
74860 846722
74860 868115
74860 1131720
236885 831556
236885 846722
236885 868115
236885 1131720
831556 846722
831556 868115
831556 1131720
846722 868115
846722 1131720
868115 1131720
117573 485767
699392 925215
72310 279482
72310 1002278
279482 1002278
908389 1336931
501959 1118165
84502 106124
84502 331191
84502 471613
84502 530747
84502 647645
84502 715625
84502 792181
84502 970438
84502 980301
106124 331191
106124 471613
106124 530747
106124 647645
106124 715625
106124 792181
106124 970438
106124 980301
331191 471613
331191 530747
331191 647645
331191 715625
331191 792181
331191 970438
331191 980301
471613 530747
471613 647645
471613 715625
471613 792181
471613 970438
471613 980301
530747 647645
530747 715625
530747 792181
530747 970438
530747 980301
647645 715625
647645 792181
647645 970438
647645 980301
715625 792181
715625 970438
715625 980301
792181 970438
792181 980301
970438 980301
12586 29229
12586 738769
12586 863562
29229 738769
29229 863562
738769 863562
718946 1383699
81656 1181178
536711 1507688
50394 62011
50394 299373
50394 647385
50394 1044049
50394 1318017
50394 1398510
62011 299373
62011 647385
62011 1044049
62011 1318017
62011 1398510
299373 647385
299373 1044049
299373 1318017
299373 1398510
647385 1044049
647385 1318017
647385 1398510
1044049 1318017
1044049 1398510
1318017 1398510
71010 783898
139089 228539
641831 876696
721011 975766
115462 172301
115462 190126
115462 1147535
115462 1278132
172301 190126
172301 1147535
172301 1278132
190126 1147535
190126 1278132
1147535 1278132
136817 166927
136817 179735
136817 254909
136817 367575
136817 504779
136817 983017
136817 1438032
136817 1515675
166927 179735
166927 254909
166927 367575
166927 504779
166927 983017
166927 1438032
166927 1515675
179735 254909
179735 367575
179735 504779
179735 983017
179735 1438032
179735 1515675
254909 367575
254909 504779
254909 983017
254909 1438032
254909 1515675
367575 504779
367575 983017
367575 1438032
367575 1515675
504779 983017
504779 1438032
504779 1515675
983017 1438032
983017 1515675
1438032 1515675
64826 963742
854920 944516
376686 499338
448427 531866
448427 605105
448427 654895
448427 765027
448427 1269821
448427 1299192
448427 1452806
531866 605105
531866 654895
531866 765027
531866 1269821
531866 1299192
531866 1452806
605105 654895
605105 765027
605105 1269821
605105 1299192
605105 1452806
654895 765027
654895 1269821
654895 1299192
654895 1452806
765027 1269821
765027 1299192
765027 1452806
1269821 1299192
1269821 1452806
1299192 1452806
248726 525879
248726 538286
525879 538286
665147 866862
246890 1101019
542545 1352518
853938 881480
77141 145600
77141 163493
77141 220233
77141 851145
77141 866651
145600 163493
145600 220233
145600 851145
145600 866651
163493 220233
163493 851145
163493 866651
220233 851145
220233 866651
851145 866651
212195 655434
212195 1468456
655434 1468456
112878 495620
112878 916524
495620 916524
752481 1339013
138459 752481
480067 768920
480067 768920
244555 742681
71732 220844
71732 617805
220844 617805
138459 581942
506231 740914
277685 870667
290619 758615
290619 773963
290619 1099124
758615 773963
758615 1099124
773963 1099124
1026420 1149869
32590 156746
32590 454825
32590 1413796
156746 454825
156746 1413796
454825 1413796
1234642 1410127
506150 685954
506150 1078585
685954 1078585
3711 65537
366474 736039
181095 1198659
181095 1198659
171630 1051864
156445 252296
156445 1513951
252296 1513951
192224 604775
192224 662737
604775 662737
276132 722238
125776 619774
270129 758615
470814 661153
535969 664558
135843 820062
195680 921274
41170 493907
41170 570104
493907 570104
41170 493907
41170 570104
493907 570104
705542 1141665
644000 967290
371163 482851
175477 1004691
87176 680418
154744 206241
387302 540910
387302 781608
540910 781608
342661 399563
342661 711859
399563 711859
215985 965368
853925 1118514
178125 1533291
834459 982617
29204 1393215
74831 1537127
18113 397055
570104 1477810
72816 557900
79327 426865
206241 591343
215985 339748
29204 259603
736971 924708
14228 679719
66883 73314
833466 969498
480269 495551
149318 551176
759473 1126216
492348 536489
1363412 1447695
133245 560919
133245 705083
560919 705083
46888 549777
50405 936735
50405 1339003
936735 1339003
91463 928554
204539 1449014
336597 349172
779299 789297
90198 156061
90198 235621
156061 235621
1349797 1421056
1349797 1516405
1421056 1516405
399724 642495
336280 1163738
394583 774653
394583 810293
774653 810293
228484 442577
103083 318844
103083 829868
103083 1181374
103083 1346877
318844 829868
318844 1181374
318844 1346877
829868 1181374
829868 1346877
1181374 1346877
486033 824399
614120 1475683
447773 1128630
828094 1163036
447773 1128630
447773 1161804
1128630 1161804
938949 1341287
352393 642347
171064 783702
566849 1058840
379561 979991
513341 979991
305850 421332
17068 1102909
215985 965368
215985 965368
215985 988381
965368 988381
109089 175477
621222 1360864
109089 175477
621222 1360864
101833 176408
499202 803311
149767 204473
377107 1392043
894549 1221209
129715 1221209
27100 473193
162654 716316
228306 648537
228306 1393215
648537 1393215
544493 759040
42133 287126
193093 1398765
1052301 1446759
275773 1268862
602046 1109095
888291 1226986
287418 1068819
287418 1283070
1068819 1283070
54275 1029661
559867 1355907
829093 1138931
698569 992596
698569 1384111
992596 1384111
269728 391775
269728 1476712
391775 1476712
343989 1234684
123716 243062
123716 541900
243062 541900
175477 1004691
74831 827558
74831 1504493
827558 1504493
175477 923384
29204 73117
29204 923384
73117 923384
504311 545782
504311 1179022
545782 1179022
179143 375637
340690 730969
148093 942691
20044 1120181
20044 1155180
1120181 1155180
108166 254235
53526 1050833
393390 412623
633199 1260167
387302 744230
460468 541900
460468 1120181
541900 1120181
607778 870176
154209 1009505
113059 332977
747197 1417522
13884 322127
13884 1409645
322127 1409645
439200 1540256
450073 827558
73314 805428
284186 1047084
540910 638966
747197 1497656
827558 943582
423242 1494150
586561 763128
979475 1237858
47006 95289
47006 975334
95289 975334
89661 377089
89661 1476558
89661 1491524
377089 1476558
377089 1491524
1476558 1491524
497907 737329
685271 1295143
471389 1339007
125781 517251
125781 1464740
517251 1464740
73314 177466
73314 975258
177466 975258
74831 402579
66883 911904
184450 681396
50007 945643
50007 945643
52888 460614
111922 234597
111922 358664
234597 358664
9581 142985
9581 270268
9581 318801
9581 958397
9581 1333930
142985 270268
142985 318801
142985 958397
142985 1333930
270268 318801
270268 958397
270268 1333930
318801 958397
318801 1333930
958397 1333930
41449 234388
41449 251276
234388 251276
130117 895574
130117 1493755
895574 1493755
309861 370838
309861 398690
309861 434995
309861 1049125
309861 1320869
370838 398690
370838 434995
370838 1049125
370838 1320869
398690 434995
398690 1049125
398690 1320869
434995 1049125
434995 1320869
1049125 1320869
434158 1072777
117557 800583
269959 719578
269959 1224228
719578 1224228
516874 559171
516874 803998
516874 1077115
516874 1172350
516874 1246611
516874 1489016
559171 803998
559171 1077115
559171 1172350
559171 1246611
559171 1489016
803998 1077115
803998 1172350
803998 1246611
803998 1489016
1077115 1172350
1077115 1246611
1077115 1489016
1172350 1246611
1172350 1489016
1246611 1489016
188606 534806
124316 1470908
228481 442948
228481 685800
442948 685800
230539 1229540
715503 1023569
718215 1066369
718215 1348561
1066369 1348561
610143 1295706
87595 1348561
344587 495108
80789 148466
119703 167641
119703 788376
119703 1075512
167641 788376
167641 1075512
788376 1075512
14688 398629
286989 1328873
286989 755799
286989 1328873
755799 1328873
185581 286989
185581 1328873
286989 1328873
666446 951047
117557 800583
121653 880331
34248 568944
34248 676915
568944 676915
240987 673550
444110 511002
156445 364498
829093 1523070
256430 584430
166819 175477
166819 923384
175477 923384
136399 794183
80952 403085
80952 497611
403085 497611
148093 935840
32182 270652
1202652 1279799
540910 986926
402229 461165
1828 708916
145135 149492
145135 403080
145135 412623
149492 403080
149492 412623
403080 412623
15266 377155
248994 1393215
248994 1523070
1393215 1523070
128567 763876
402229 756609
402229 985544
402229 1240218
402229 1368728
756609 985544
756609 1240218
756609 1368728
985544 1240218
985544 1368728
1240218 1368728
552775 636351
586580 757637
586580 1445354
757637 1445354
841131 1339692
841131 1434389
1339692 1434389
369126 626398
369126 845297
369126 954260
626398 845297
626398 954260
845297 954260
1231631 1448968
224881 644775
224881 469188
224881 644775
469188 644775
2904 43374
419476 746148
489636 530620
489636 1513630
530620 1513630
2131 613678
2131 1518078
613678 1518078
530418 1017530
289635 1328091
632190 830668
784794 855729
784794 1004229
855729 1004229
63241 258909
63241 673011
258909 673011
31052 355289
924438 1487127
130235 140713
117935 281397
555796 946487
402867 754931
402867 1277800
754931 1277800
120196 179391
357048 680446
195272 1013805
195272 1307263
1013805 1307263
22934 449277
478641 840467
117932 443595
117932 954236
443595 954236
549243 950808
267347 346639
91115 125386
91115 223068
125386 223068
62977 1234090
111076 409497
111076 736825
111076 1298541
409497 736825
409497 1298541
736825 1298541
499257 1481017
192838 476052
1231631 1307263
757778 1424134
319429 325917
319429 465442
325917 465442
530077 1361072
260239 397784
956430 985544
658821 690601
658821 1525261
690601 1525261
28827 976455
28827 1461798
976455 1461798
196252 684456
1489566 1506175
469576 681379
809036 1248020
38740 792353
34133 276412
34133 834384
276412 834384
53815 593113
809036 1248020
56390 889475
355823 606581
1149690 1510320
201005 279467
201005 524907
279467 524907
33246 1170153
831210 1213691
615054 935310
662737 1494557
218253 340301
218253 813851
218253 1440583
340301 813851
340301 1440583
813851 1440583
723927 1132667
723927 1132667
596236 782188
731385 820141
848768 1016803
112192 1116872
673550 1134816
108473 1212681
1191060 1494347
287387 377930
392183 924129
241098 860011
241098 1053410
241098 1517985
860011 1053410
860011 1517985
1053410 1517985
347322 512465
347322 1169155
347322 1273025
512465 1169155
512465 1273025
1169155 1273025
659714 1168659
659714 1170482
659714 1186878
1168659 1170482
1168659 1186878
1170482 1186878
125503 816322
125503 1362796
816322 1362796
211905 271047
211905 440487
211905 480449
211905 767001
211905 1332562
211905 1481958
271047 440487
271047 480449
271047 767001
271047 1332562
271047 1481958
440487 480449
440487 767001
440487 1332562
440487 1481958
480449 767001
480449 1332562
480449 1481958
767001 1332562
767001 1481958
1332562 1481958
6757 179371
235131 895025
235131 923660
895025 923660
138464 377429
138464 496458
138464 668811
138464 848896
138464 874882
138464 1209418
377429 496458
377429 668811
377429 848896
377429 874882
377429 1209418
496458 668811
496458 848896
496458 874882
496458 1209418
668811 848896
668811 874882
668811 1209418
848896 874882
848896 1209418
874882 1209418
580709 1508306
212165 1095437
212165 1424738
1095437 1424738
159547 729544
159547 975433
159547 1283296
159547 1528737
729544 975433
729544 1283296
729544 1528737
975433 1283296
975433 1528737
1283296 1528737
137281 276024
137281 385302
137281 654841
137281 848570
137281 951301
137281 967725
137281 1210957
137281 1285684
137281 1434849
137281 1454682
276024 385302
276024 654841
276024 848570
276024 951301
276024 967725
276024 1210957
276024 1285684
276024 1434849
276024 1454682
385302 654841
385302 848570
385302 951301
385302 967725
385302 1210957
385302 1285684
385302 1434849
385302 1454682
654841 848570
654841 951301
654841 967725
654841 1210957
654841 1285684
654841 1434849
654841 1454682
848570 951301
848570 967725
848570 1210957
848570 1285684
848570 1434849
848570 1454682
951301 967725
951301 1210957
951301 1285684
951301 1434849
951301 1454682
967725 1210957
967725 1285684
967725 1434849
967725 1454682
1210957 1285684
1210957 1434849
1210957 1454682
1285684 1434849
1285684 1454682
1434849 1454682
415558 1428748
356159 489500
356159 1405915
489500 1405915
228727 1361679
228727 1540513
1361679 1540513
874690 1401861
416420 1414561
728995 979086
728995 1294748
979086 1294748
398501 1393218
322725 344786
322725 510663
322725 584326
344786 510663
344786 584326
510663 584326
153132 364597
153132 1481079
364597 1481079
292814 585033
212436 729330
212436 1178735
212436 1202808
729330 1178735
729330 1202808
1178735 1202808
14233 69252
14233 302877
14233 992322
69252 302877
69252 992322
302877 992322
609902 683998
477196 654968
477196 935749
477196 1128850
654968 935749
654968 1128850
935749 1128850
60754 1405810
60754 1448658
1405810 1448658
721031 1205774
721031 1206343
1205774 1206343
42133 273727
42133 467434
273727 467434
521437 717725
521437 1004512
521437 1161577
717725 1004512
717725 1161577
1004512 1161577
56572 551526
46197 698063
42133 472426
421822 1266084
139656 147915
139656 167558
139656 551211
147915 167558
147915 551211
167558 551211
42133 764081
82612 1034566
281036 889690
254021 329261
10724 301877
1028564 1430932
1365166 1411621
30003 786165
423378 654240
52627 1189132
761070 1191133
48983 89550
48983 370649
89550 370649
42133 935340
42133 1264452
273727 908196
176584 811162
514790 1010586
954759 1327824
240313 831856
240313 1010410
831856 1010410
1233707 1429340
295456 927408
295456 1008839
927408 1008839
412154 686458
412154 861136
412154 993589
686458 861136
686458 993589
861136 993589
1356904 1499994
273581 679243
366318 414683
52564 228605
13511 685271
65904 1231631
65904 1476170
1231631 1476170
402229 709908
402229 1413295
709908 1413295
158263 377091
287345 429518
287345 739224
429518 739224
179984 796302
179984 1180115
796302 1180115
179984 796302
179984 1180115
796302 1180115
146634 1180115
390404 905918
35076 125781
74831 481037
747197 1497656
9387 74831
9387 80540
9387 1413295
74831 80540
74831 1413295
80540 1413295
162294 481764
131476 230660
8854 541900
442577 1126733
421734 899567
703784 975258
136399 275057
348604 975504
74831 84798
74831 1537127
84798 1537127
605713 665633
711859 876870
454967 1437879
373293 747197
373293 844075
747197 844075
8437 606041
8437 804593
606041 804593
476597 591195
17376 527025
41170 647970
74831 541900
113684 529990
747197 1417522
667369 711453
503685 1070173
20044 1063164
10697 41170
402229 1120181
66020 724348
66020 1085684
724348 1085684
8429 1220427
363154 445672
127982 363154
24082 26686
24082 325118
24082 337793
24082 483390
24082 562213
24082 793408
24082 1097412
24082 1103201
24082 1269527
24082 1405478
24082 1424535
26686 325118
26686 337793
26686 483390
26686 562213
26686 793408
26686 1097412
26686 1103201
26686 1269527
26686 1405478
26686 1424535
325118 337793
325118 483390
325118 562213
325118 793408
325118 1097412
325118 1103201
325118 1269527
325118 1405478
325118 1424535
337793 483390
337793 562213
337793 793408
337793 1097412
337793 1103201
337793 1269527
337793 1405478
337793 1424535
483390 562213
483390 793408
483390 1097412
483390 1103201
483390 1269527
483390 1405478
483390 1424535
562213 793408
562213 1097412
562213 1103201
562213 1269527
562213 1405478
562213 1424535
793408 1097412
793408 1103201
793408 1269527
793408 1405478
793408 1424535
1097412 1103201
1097412 1269527
1097412 1405478
1097412 1424535
1103201 1269527
1103201 1405478
1103201 1424535
1269527 1405478
1269527 1424535
1405478 1424535
176301 1455765
798 26050
163978 720941
40063 233578
4923 61907
102056 149761
102056 207199
149761 207199
137045 803443
350568 1093291
176301 350568
506403 543837
506403 576777
506403 879013
506403 1507451
543837 576777
543837 879013
543837 1507451
576777 879013
576777 1507451
879013 1507451
382210 743614
529201 1420397
84236 212798
841746 1383825
841746 1469441
1383825 1469441
406222 735843
986591 1507231
340690 470245
340690 692316
340690 1039652
340690 1071317
340690 1245356
470245 692316
470245 1039652
470245 1071317
470245 1245356
692316 1039652
692316 1071317
692316 1245356
1039652 1071317
1039652 1245356
1071317 1245356
3754 350236
3754 982244
350236 982244
60573 1026133
606581 891897
606581 1456258
891897 1456258
173182 1525624
192222 255781
192222 412833
255781 412833
243284 652749
216873 592733
255781 1143119
164578 273727
429811 542751
327326 849586
80745 159103
643518 1195567
62872 949631
62872 1143138
949631 1143138
609172 1171963
61663 1036924
24581 1297836
56668 1375729
39513 1307351
291478 359947
709828 890788
912878 1089780
832759 937074
582835 662166
582835 835189
662166 835189
83013 418174
83013 918342
83013 1131410
418174 918342
418174 1131410
918342 1131410
41922 55137
41922 155891
55137 155891
4402 272135
4402 980618
4402 1449398
272135 980618
272135 1449398
980618 1449398
101733 614186
362182 986030
798160 1321542
339009 1066884
427478 563759
383320 509295
383320 617250
383320 683226
383320 1351712
509295 617250
509295 683226
509295 1351712
617250 683226
617250 1351712
683226 1351712
1339007 1393215
144303 570104
390404 650417
63594 1140196
798160 1117664
8854 481040
94086 355079
94086 892416
355079 892416
249092 468947
249092 712824
468947 712824
743614 1084706
470 1373418
318810 533980
340364 420740
41170 493907
41170 570104
493907 570104
41170 493907
41170 570104
493907 570104
41181 1148632
306617 1191224
306617 1205019
1191224 1205019
556817 1505079
557181 1038774
557181 1084427
1038774 1084427
1095285 1436668
201232 470197
254057 1266265
254057 1421313
1266265 1421313
167948 1332235
838536 982074
1075036 1373521
1075036 1461629
1373521 1461629
392936 431836
392936 833592
431836 833592
586561 763128
145554 382236
340364 537295
723371 899279
723371 1059629
723371 1080008
723371 1428237
899279 1059629
899279 1080008
899279 1428237
1059629 1080008
1059629 1428237
1080008 1428237
492221 556817
492221 939652
556817 939652
621981 1436406
181451 645740
1236607 1371240
1236607 1371240
183395 226836
183395 400884
183395 921455
226836 400884
226836 921455
400884 921455
480914 1072995
154838 974410
643907 786342
234655 1350224
265608 1344021
92191 558539
92191 603484
558539 603484
439185 721117
242427 392936
794930 873128
65500 1020093
106697 899373
673089 1061856
673089 1116343
673089 1374842
1061856 1116343
1061856 1374842
1116343 1374842
26638 377155
1052764 1063662
261550 813600
787961 1095295
133733 194584
133733 750162
194584 750162
934502 1250168
314487 762061
14989 70317
313968 431264
287345 739224
404359 982125
594671 1327053
634019 920065
563759 1026415
91470 225821
91470 1183124
225821 1183124
51211 602544
51211 761688
602544 761688
13057 177160
13057 351207
177160 351207
249910 269595
249910 377089
249910 837372
249910 1462408
249910 1476558
269595 377089
269595 837372
269595 1462408
269595 1476558
377089 837372
377089 1462408
377089 1476558
837372 1462408
837372 1476558
1462408 1476558
28201 218656
28201 821304
218656 821304
289320 907456
498715 820993
261550 813600
24525 1270508
120155 281915
7223 705268
96608 437446
1020093 1352930
172603 1509981
8308 649359
82867 365014
82867 1117664
365014 1117664
396955 404991
130162 963586
89953 1346238
353385 945808
392509 1014078
1598 596570
8654 643201
8654 1387490
643201 1387490
290900 409792
223191 1120751
1056311 1123180
39441 703229
27193 323059
191986 1417362
188171 954468
274988 1468247
274988 1468247
765825 1304634
673550 1134816
39825 568944
39825 676915
568944 676915
137674 740734
831266 1234684
73979 728684
73979 1201867
728684 1201867
220731 508477
1368728 1420336
25354 511002
477485 1076787
8854 260794
8854 763876
175477 1004691
175477 1004691
175477 1004691
442577 1126733
82796 794772
82796 963489
794772 963489
628945 1004665
557642 1113566
557642 1463302
1113566 1463302
271953 1428621
441477 1161450
257614 738750
46667 470814
46667 1248073
470814 1248073
599127 1013805
599127 1307263
1013805 1307263
73979 728684
248994 1393215
248994 1523070
1393215 1523070
1391162 1516911
377155 763876
169369 460468
169369 657153
460468 657153
93244 758508
8119 810438
430673 1502607
529990 709125
529990 784871
529990 1191996
709125 784871
709125 1191996
784871 1191996
90858 148279
90858 148279
90858 608179
148279 608179
17905 75770
17905 627358
75770 627358
90858 263038
90858 360238
90858 381647
263038 360238
263038 381647
360238 381647
210293 609422
619774 1313076
41170 647970
51148 583782
51148 626013
583782 626013
148279 459294
148279 537077
459294 537077
90858 148279
90858 155516
90858 381647
90858 451482
90858 451704
90858 468594
90858 608179
90858 1316300
148279 155516
148279 381647
148279 451482
148279 451704
148279 468594
148279 608179
148279 1316300
155516 381647
155516 451482
155516 451704
155516 468594
155516 608179
155516 1316300
381647 451482
381647 451704
381647 468594
381647 608179
381647 1316300
451482 451704
451482 468594
451482 608179
451482 1316300
451704 468594
451704 608179
451704 1316300
468594 608179
468594 1316300
608179 1316300
160625 1434087
160625 1434087
42836 181907
42836 181907
125780 422325
125780 1497137
422325 1497137
39328 1421113
854619 1145586
54629 300192
54629 300192
471389 1339007
422682 1120181
422682 1339007
1120181 1339007
628847 1195938
103695 183439
103695 246588
103695 333739
183439 246588
183439 333739
246588 333739
61109 798765
61109 802959
61109 891149
61109 1218459
798765 802959
798765 891149
798765 1218459
802959 891149
802959 1218459
891149 1218459
18940 934318
348604 975504
657980 1517979
180837 1112629
180837 1112629
88162 190887
88162 321628
190887 321628
21704 1091426
21704 1091426
1409272 1529644
224828 263872
531229 1382152
47838 1529644
216859 431824
376884 1529429
812723 1176251
106427 724916
4927 381009
52564 705179
52564 1201043
705179 1201043
409154 548252
758615 1294711
58801 148279
47752 554707
108461 1026133
148286 901934
285859 312826
285859 488393
312826 488393
154744 206241
252336 463826
120738 188391
301949 415174
843997 1315922
138729 685983
138729 750269
685983 750269
457685 1530532
113059 148279
133959 874639
260809 1352975
233052 1084683
233052 1410928
1084683 1410928
196252 247275
353554 1339007
176301 328357
765306 1014171
145763 418286
340690 730969
340690 1039652
340690 1071317
730969 1039652
730969 1071317
1039652 1071317
197731 502759
449681 672228
189142 431694
256583 385906
477879 1149384
147180 509329
961349 1315562
177432 516322
177432 1537698
516322 1537698
177432 516322
177432 1537698
516322 1537698
230433 1307102
142557 1178547
833925 1353714
311171 524907
269693 857690
21249 230433
864277 948160
4837 832284
4837 1335110
832284 1335110
4837 832284
4837 1335110
832284 1335110
402995 1164825
581053 931448
581053 1137240
931448 1137240
524614 589421
46751 230171
138758 831856
147180 775202
147180 847269
775202 847269
330784 460619
524907 742597
457521 524907
456004 543023
456004 1471251
543023 1471251
219762 1050733
568341 612310
119790 1178725
157680 200729
62525 355297
62525 412506
62525 1368269
355297 412506
355297 1368269
412506 1368269
101530 356334
104645 270001
104645 282218
270001 282218
447773 1128630
167158 1015056
99510 1373481
330228 874438
330228 1023326
874438 1023326
514699 679765
626887 1066177
171879 454263
171879 728000
454263 728000
9822 472390
304216 1258950
91115 1268300
282767 1301551
650417 1124207
21878 204926
525665 656261
1290695 589933
1290695 784129
1290695 645986
589933 784129
589933 645986
784129 645986
1342021 1320730
197725 449681
362278 285853
542561 1546241
173806 29204
1257127 577520
470 1085874
14088729 100175
14088729 14088730
100175 14088730
35076 161527
200412 1397426
830845 64242
14134870 14134871
252155 806477
11350 649597
11350 131356
649597 131356
1190520 260677
1190520 134852
1190520 14134873
260677 134852
260677 14134873
134852 14134873
14134874 1243065
14134875 14134876
14134877 722515
14134877 447330
14134877 14134878
722515 447330
722515 14134878
447330 14134878
592640 14134879
1217058 1120843
832534 840194
832534 218658
832534 14157225
832534 999753
840194 218658
840194 14157225
840194 999753
218658 14157225
218658 999753
14157225 999753
14157226 572639
14157226 955306
14157226 569163
572639 955306
572639 569163
955306 569163
252965 1196485
103082 287126
14157237 1427990
1008482 796099
1008482 1226355
1008482 2523
796099 1226355
796099 2523
1226355 2523
797621 220349
797621 401634
220349 401634
310153 393363
310153 220349
393363 220349
215985 965368
215985 339748
965368 339748
285082 851836
483286 1393087
483286 1174884
483286 96832
483286 279428
1393087 1174884
1393087 96832
1393087 279428
1174884 96832
1174884 279428
96832 279428
