810293 1065128
173623 276859
72442 124145
72442 639731
72442 742301
72442 1447229
124145 639731
124145 742301
124145 1447229
639731 742301
639731 1447229
742301 1447229
9002 246326
9002 280402
9002 293369
9002 342575
9002 361616
9002 952795
246326 280402
246326 293369
246326 342575
246326 361616
246326 952795
280402 293369
280402 342575
280402 361616
280402 952795
293369 342575
293369 361616
293369 952795
342575 361616
342575 952795
361616 952795
1004665 1161450
111351 726458
57843 63080
57843 661803
63080 661803
11851 711685
11851 854242
711685 854242
205415 314208
205415 346802
314208 346802
833286 1093461
833286 1418938
1093461 1418938
1064621 1401670
220598 1004341
815531 848591
297051 298126
336221 521070
336221 610946
336221 653282
521070 610946
521070 653282
610946 653282
6709 551450
6709 1529799
551450 1529799
518233 1183176
1113543 1254684
1113543 1493322
1254684 1493322
280039 705717
197729 381912
197729 696436
197729 836818
197729 959531
197729 1059827
381912 696436
381912 836818
381912 959531
381912 1059827
696436 836818
696436 959531
696436 1059827
836818 959531
836818 1059827
959531 1059827
84357 821915
423566 430550
423566 1068410
430550 1068410
228742 1456343
946928 1096818
280101 483517
280101 1270033
483517 1270033
147761 424493
147761 831958
424493 831958
436958 1276244
1054091 1399630
84094 1267032
84094 1299852
1267032 1299852
229431 762785
229431 789442
229431 1305810
762785 789442
762785 1305810
789442 1305810
180569 266523
180569 679159
266523 679159
1133343 1456780
3161 212824
3161 723280
212824 723280
131425 804432
376686 993271
376686 1073338
376686 1287696
993271 1073338
993271 1287696
1073338 1287696
230433 346013
42520 299463
655434 1468456
126549 350660
374500 1178880
8271 233310
146278 172361
366917 1418535
27852 876696
23841 451590
23841 968508
451590 968508
327740 469551
327740 747062
469551 747062
301832 1243385
2569 476836
161244 398841
310479 382330
310479 773500
382330 773500
49576 269345
49576 269719
49576 843997
49576 921628
49576 1115226
269345 269719
269345 843997
269345 921628
269345 1115226
269719 843997
269719 921628
269719 1115226
843997 921628
843997 1115226
921628 1115226
113545 1088570
113545 1332854
1088570 1332854
512744 798726
512744 1055762
798726 1055762
309939 1112994
921648 990041
232354 454725
232354 1063662
454725 1063662
426742 1212887
402995 1409626
281915 566849
755679 838536
94903 140335
592230 994503
70151 164076
70151 1132607
164076 1132607
787618 1106289
696530 1338576
802692 1401470
502630 885716
502630 1466691
885716 1466691
896732 1283450
97671 819387
260624 864432
260624 873476
260624 1192245
260624 1301973
864432 873476
864432 1192245
864432 1301973
873476 1192245
873476 1301973
1192245 1301973
512388 1248605
17180 117508
273275 528627
292849 1047486
292849 1304267
1047486 1304267
495622 1210236
368694 422275
368694 566849
422275 566849
37217 1075803
21878 842906
21878 1502607
842906 1502607
537295 898994
24875 560699
24875 1198162
24875 1326984
560699 1198162
560699 1326984
1198162 1326984
108472 912506
108472 960674
912506 960674
104763 493012
104763 602451
104763 1208991
493012 602451
493012 1208991
602451 1208991
376874 943664
5079 212053
5079 216807
212053 216807
788407 888567
788407 1137748
888567 1137748
424072 575319
320145 531639
210351 503018
210351 584988
210351 655226
210351 898994
210351 901327
503018 584988
503018 655226
503018 898994
503018 901327
584988 655226
584988 898994
584988 901327
655226 898994
655226 901327
898994 901327
77309 141265
77309 1262902
141265 1262902
163872 1279320
163872 887575
887575 1279320
816223 1136967
816223 1231652
816223 1401668
1136967 1231652
1136967 1401668
1231652 1401668
930439 1233494
1137641 1253443
447040 612668
202221 546829
144570 325007
144570 497564
144570 507972
325007 497564
325007 507972
497564 507972
717454 1253535
354600 466821
354600 621370
466821 621370
315390 1531336
108674 276394
207695 1381925
340690 1039652
872172 1524656
321296 676755
947203 1020918
326933 595999
237729 763876
9786 618547
240987 673550
287159 311721
156445 169369
506070 827558
673550 1061022
827558 1504493
176087 269317
176087 633803
176087 1174152
176087 1348354
176087 1530382
269317 633803
269317 1174152
269317 1348354
269317 1530382
633803 1174152
633803 1348354
633803 1530382
1174152 1348354
1174152 1530382
1348354 1530382
251961 279608
251961 583884
279608 583884
401721 988922
132536 136399
132536 275057
136399 275057
605713 1511131
53526 1050833
113778 541900
113778 657153
113778 1250210
113778 1271153
541900 657153
541900 1250210
541900 1271153
657153 1250210
657153 1271153
1250210 1271153
402229 628080
990853 1080883
508743 990853
536448 1052701
536448 1281750
1052701 1281750
179984 508780
179984 637037
179984 826879
179984 1144712
179984 1156565
179984 1402330
508780 637037
508780 826879
508780 1144712
508780 1156565
508780 1402330
637037 826879
637037 1144712
637037 1156565
637037 1402330
826879 1144712
826879 1156565
826879 1402330
1144712 1156565
1144712 1402330
1156565 1402330
1120181 402229
20044 1120181
12797 676915
681447 1013953
516322 980585
233601 810293
233601 959669
810293 959669
103083 1233632
9395 703863
9395 955264
9395 1234684
703863 955264
703863 1234684
955264 1234684
858436 1234684
237042 341551
237042 524783
237042 1135901
237042 1400510
341551 524783
341551 1135901
341551 1400510
524783 1135901
524783 1400510
1135901 1400510
334554 482870
334554 490429
482870 490429
363959 823355
175477 1032774
1007171 1079593
99510 939897
99510 1496219
939897 1496219
551441 806994
208991 341551
208991 399769
341551 399769
469905 1134815
687039 1234684
1061022 1073360
199852 744230
199852 1368728
744230 1368728
158206 280224
557640 1186226
257614 738750
346885 591255
329063 387917
237671 497595
237671 559879
237671 1372986
237671 1440624
237671 1504595
497595 559879
497595 1372986
497595 1440624
497595 1504595
559879 1372986
559879 1440624
559879 1504595
1372986 1440624
1372986 1504595
1440624 1504595
821700 1372739
340930 1332613
281306 741023
47826 962826
61907 667884
178687 1192601
148293 1111022
148293 1344603
148293 1386866
148293 1471714
1111022 1344603
1111022 1386866
1111022 1471714
1344603 1386866
1344603 1471714
1386866 1471714
272684 448238
1344603 1471714
606092 676634
141923 1003627
787711 1398412
217777 427282
773001 1462182
26461 197950
26461 1354080
197950 1354080
237446 365181
237446 635937
237446 803283
237446 1151404
365181 635937
365181 803283
365181 1151404
635937 803283
635937 1151404
803283 1151404
263882 394492
263882 826729
394492 826729
93416 469494
93416 593603
93416 676634
469494 593603
469494 676634
593603 676634
612533 717459
1172250 1290427
360362 416551
360362 680555
360362 779097
416551 680555
416551 779097
680555 779097
247878 414192
133153 301980
536828 545472
536828 1189141
536828 1200991
545472 1189141
545472 1200991
1189141 1200991
300741 525353
300741 1345531
525353 1345531
872172 1524656
213170 856452
418096 1479787
291510 1035736
431366 920581
431366 1194162
431366 1398334
431366 1429980
920581 1194162
920581 1398334
920581 1429980
1194162 1398334
1194162 1429980
1398334 1429980
943971 1207895
943971 1288972
943971 1438183
1207895 1288972
1207895 1438183
1288972 1438183
432147 794059
985186 1320284
235466 1305308
331954 786723
351588 435799
351588 660834
351588 1084246
351588 1540980
435799 660834
435799 1084246
435799 1540980
660834 1084246
660834 1540980
1084246 1540980
737555 1097645
639527 1440624
427844 661377
427844 1208543
661377 1208543
97833 901092
345377 461522
22737 376057
22737 1313496
22737 1363396
376057 1313496
376057 1363396
1313496 1363396
71528 82487
71528 571805
71528 1043069
82487 571805
82487 1043069
571805 1043069
506042 948997
677108 772577
660834 1084246
660834 1540980
1084246 1540980
273382 995190
303782 431836
180251 337105
124024 420402
124024 661158
124024 899567
124024 1047726
420402 661158
420402 899567
420402 1047726
661158 899567
661158 1047726
899567 1047726
15412 82286
15412 280339
82286 280339
161619 257400
75238 545922
75238 576305
545922 576305
74397 457186
74397 491616
74397 568945
457186 491616
457186 568945
491616 568945
170124 333755
170124 802297
333755 802297
333755 943009
333755 1087155
943009 1087155
566960 727491
566960 931292
566960 1506175
727491 931292
727491 1506175
931292 1506175
226267 1126282
226267 1211523
1126282 1211523
512578 692002
14454 97454
14454 245409
14454 999361
97454 245409
97454 999361
245409 999361
894813 1162142
160803 412635
160803 655400
160803 1124093
412635 655400
412635 1124093
655400 1124093
120470 655400
28437 71921
171356 393350
171356 779769
393350 779769
388007 762537
402995 1409626
62832 94260
62832 391033
94260 391033
413615 1132650
38635 664327
217777 427282
515041 1053799
269693 891213
269693 1285858
891213 1285858
118865 381647
281384 477223
240632 595209
114248 177791
114248 420219
114248 555772
177791 420219
177791 555772
420219 555772
113778 152849
146265 301949
314208 398681
314208 1193943
398681 1193943
1114766 1201699
1114766 1350646
1201699 1350646
431721 452170
431721 514790
452170 514790
764385 909052
827437 1290325
843997 1315922
20495 120470
387632 899602
57922 526172
57922 980124
57922 1240191
526172 980124
526172 1240191
980124 1240191
216083 507687
216083 1062826
507687 1062826
813463 1241851
342181 562778
342181 1469945
562778 1469945
342181 403261
342181 1387690
342181 1469945
403261 1387690
403261 1469945
1387690 1469945
346423 480579
230433 425115
230433 660116
425115 660116
431239 1353714
245173 480579
245173 757716
480579 757716
202548 1193596
535494 995747
496432 1225998
677251 1494150
677251 1530532
1494150 1530532
120884 799045
275274 675749
275274 1084943
675749 1084943
581053 1220000
13884 984481
13884 1007228
13884 1240191
984481 1007228
984481 1240191
1007228 1240191
709438 1023968
528194 1014171
101765 643365
101765 708192
101765 945893
101765 1362761
101765 1534556
643365 708192
643365 945893
643365 1362761
643365 1534556
708192 945893
708192 1362761
708192 1534556
945893 1362761
945893 1534556
1362761 1534556
70508 353552
70508 433983
353552 433983
821274 839019
821274 874315
839019 874315
39524 162414
31208 161223
31208 960622
161223 960622
185718 605383
199081 254057
199081 634231
199081 945808
199081 1413235
254057 634231
254057 945808
254057 1413235
634231 945808
634231 1413235
945808 1413235
16016 199081
16016 254057
16016 945808
199081 254057
199081 945808
254057 945808
92703 871828
655434 893465
655434 1468456
893465 1468456
428362 436801
119595 543792
285473 378353
285473 838536
285473 898990
378353 838536
378353 898990
838536 898990
92703 1024237
239585 404481
201244 767019
61438 1427161
133722 564600
133722 666735
133722 751912
133722 991593
564600 666735
564600 751912
564600 991593
666735 751912
666735 991593
751912 991593
330784 1334949
115031 339806
115031 623595
339806 623595
537044 1379310
188061 315019
188061 833070
188061 967565
188061 1382610
315019 833070
315019 967565
315019 1382610
833070 967565
833070 1382610
967565 1382610
154818 220793
17776 235565
523496 543792
219725 594671
251223 449156
304855 486563
304855 972301
486563 972301
18890 482038
66304 165236
94330 312430
94330 1198656
312430 1198656
275773 348409
275773 595399
275773 636853
348409 595399
348409 636853
595399 636853
890162 1167866
232383 960674
673574 1491083
57834 1138890
191034 1209787
177355 303659
52564 173806
77309 141265
77309 359776
77309 384697
77309 727869
141265 359776
141265 384697
141265 727869
359776 384697
359776 727869
384697 727869
78791 212172
246259 633003
176335 436229
727467 969113
8854 541900
228484 442577
744585 954924
226157 291207
535198 828190
535198 1538708
828190 1538708
99828 570502
122106 201018
692729 832282
509314 705218
437191 969045
175477 543781
60260 431310
437191 494280
304734 816095
179984 508780
179984 826879
179984 1144712
508780 826879
508780 1144712
826879 1144712
48036 1104509
324196 560541
324196 775697
560541 775697
579625 1048051
579625 1485260
1048051 1485260
507065 545782
458042 848384
798 175996
111477 643155
449526 601220
707973 1382377
150743 707973
145763 335542
145763 418286
145763 1030061
145763 1030315
145763 1198878
335542 418286
335542 1030061
335542 1030315
335542 1198878
418286 1030061
418286 1030315
418286 1198878
1030061 1030315
1030061 1198878
1030315 1198878
546544 1100393
410173 978376
410173 1179022
978376 1179022
355077 827558
1117687 1327368
254909 284186
871710 1308437
412623 747970
412623 862439
747970 862439
13884 200412
13884 1397426
200412 1397426
37419 114228
37419 252336
37419 463826
37419 617339
37419 935983
114228 252336
114228 463826
114228 617339
114228 935983
252336 463826
252336 617339
252336 935983
463826 617339
463826 935983
617339 935983
412623 533158
2569 855359
53534 231836
221874 819820
75977 616290
633803 994988
124024 420402
350182 1339007
418336 1421113
96122 152939
96122 965231
152939 965231
289154 619990
87993 708904
634164 773677
557060 842539
557060 851113
842539 851113
727467 969113
8404 122905
98930 597117
98930 1223159
597117 1223159
256583 385906
381009 953789
58377 397055
58377 811365
58377 1444271
397055 811365
397055 1444271
811365 1444271
26471 591496
70857 1089863
161076 321296
1541481 823757
798 95845
31208 1224447
147018 157920
147018 494450
157920 494450
775697 1262727
827558 1413295
363154 554955
1152341 1168636
142557 707973
205044 821304
142557 1178547
468379 509183
231266 295844
177311 207078
560046 866201
747062 1465885
384872 630363
623528 629625
777276 990260
231567 266597
178216 447160
523329 684648
28622 855359
149706 336393
149706 469545
336393 469545
203298 381647
119924 258065
713875 791177
20517 89275
244649 339224
557132 611383
891897 1456258
182526 519238
28410 451704
154998 1217298
75594 173433
75594 1182254
173433 1182254
72733 214810
533536 593463
1442253 1496489
289143 812938
289143 853496
289143 1440693
812938 853496
812938 1440693
853496 1440693
20255 593879
172556 184712
342181 369603
342181 522001
342181 1387690
369603 522001
369603 1387690
522001 1387690
119594 500816
119594 655601
119594 841821
500816 655601
500816 841821
655601 841821
206241 289599
90634 680220
282507 877722
376973 760927
376973 765101
760927 765101
561035 1390038
990853 1339007
68973 154896
68973 269385
68973 541900
68973 1368728
154896 269385
154896 541900
154896 1368728
269385 541900
269385 1368728
541900 1368728
412623 533158
9387 63238
9387 80540
9387 107881
9387 1155180
63238 80540
63238 107881
63238 1155180
80540 107881
80540 1155180
107881 1155180
285859 312826
285859 488393
312826 488393
586580 605713
586580 1511131
605713 1511131
262875 794324
262875 1190653
794324 1190653
120738 844075
251961 711859
66883 647970
169369 541900
109175 1512215
326933 595999
252296 377155
113059 1150309
74831 296427
74831 1395093
296427 1395093
552095 604016
189389 619774
103083 1233632
332553 1084683
1684 498065
1684 994271
498065 994271
509900 557132
509900 1193943
557132 1193943
214454 984651
214454 1375729
984651 1375729
399724 628730
399724 1450100
628730 1450100
455675 793195
13615 1062858
285859 488393
280288 1095825
794324 1463304
625664 1084683
58156 851946
62594 754305
62594 1002459
754305 1002459
108473 628036
108473 1000312
628036 1000312
156445 390404
827558 1413295
1057209 1221349
323001 1372790
175477 1004691
275781 1468521
363154 468379
363154 509183
363154 554955
363154 919424
468379 509183
468379 554955
468379 919424
509183 554955
509183 919424
554955 919424
1152341 1168636
583782 707973
142557 707973
142557 1178547
62872 1143138
248994 1393215
108472 421624
206241 585484
363808 442577
320905 1188293
73984 1104488
73984 1176897
1104488 1176897
192831 1155699
881072 1120146
1104488 1509400
609914 1450589
384081 1369487
299724 1369487
612765 848174
612765 1139805
848174 1139805
518530 830102
206103 301804
206103 804683
206103 1248351
301804 804683
301804 1248351
804683 1248351
37637 95321
207695 1381925
482685 546338
1160305 1368299
786444 1098252
786444 1312336
1098252 1312336
86047 1282401
27632 191192
27632 508195
191192 508195
605056 681372
249250 1425277
16538 714043
339374 1394365
340364 1482113
27852 431166
27852 488428
431166 488428
1874 483321
134357 1000680
134357 1289314
1000680 1289314
104763 172060
104763 391399
104763 469100
104763 493012
104763 602451
104763 983033
104763 1257411
172060 391399
172060 469100
172060 493012
172060 602451
172060 983033
172060 1257411
391399 469100
391399 493012
391399 602451
391399 983033
391399 1257411
469100 493012
469100 602451
469100 983033
469100 1257411
493012 602451
493012 983033
493012 1257411
602451 983033
602451 1257411
983033 1257411
699779 1312336
500816 622746
500816 655601
500816 841821
622746 655601
622746 841821
655601 841821
285859 312826
285859 412623
312826 412623
126705 229009
126705 378353
126705 1022074
229009 378353
229009 1022074
378353 1022074
1278132 1315922
714397 1063662
714397 1482113
1063662 1482113
207199 475962
494479 823757
276412 511188
31208 1224447
1035736 1345708
6779 15438
6779 417379
15438 417379
393789 774894
223999 916097
187396 317016
6581 29799
6581 802507
6581 940741
29799 802507
29799 940741
802507 940741
206241 585484
391347 1396231
157754 1238570
258065 1013596
258065 1311967
1013596 1311967
74334 623491
74334 785153
623491 785153
200545 431166
200545 488428
431166 488428
800718 1296229
69408 416292
69408 664040
416292 664040
14909 1146401
57673 420254
57673 871920
420254 871920
608516 949951
576085 949951
576085 1385267
949951 1385267
788492 831923
1110 424632
1110 1229413
424632 1229413
478148 1087619
478148 1194383
1087619 1194383
175687 354975
202275 389746
202275 609963
389746 609963
336201 966582
447492 1008153
136088 246613
136088 260364
136088 668866
136088 1128940
136088 1265492
136088 1314432
246613 260364
246613 668866
246613 1128940
246613 1265492
246613 1314432
260364 668866
260364 1128940
260364 1265492
260364 1314432
668866 1128940
668866 1265492
668866 1314432
1128940 1265492
1128940 1314432
1265492 1314432
57750 808718
115555 972991
1145116 1259871
1128630 1152296
73107 496875
73107 753334
73107 1337758
496875 753334
496875 1337758
753334 1337758
153153 196077
196077 730973
323549 1195567
97068 220349
846298 1111372
229912 1147978
768348 1195420
338935 379776
690581 971667
907554 1093497
4674 660706
4674 1440944
660706 1440944
44331 1374029
55404 275421
1203828 1393215
156445 1315922
201892 1018368
201892 302846
201892 1527843
302846 1527843
592230 593945
592230 981920
593945 981920
767019 790466
508743 643515
231381 981920
1404312 1539487
626759 1054091
184515 217777
184515 392969
184515 1289715
184515 1319279
217777 392969
217777 1289715
217777 1319279
392969 1289715
392969 1319279
1289715 1319279
10362 1388685
467022 585171
467022 1001693
585171 1001693
897229 940497
897229 1431626
897229 1508191
940497 1431626
940497 1508191
1431626 1508191
118410 853509
118410 1525372
853509 1525372
257780 316745
257780 1332854
316745 1332854
99563 1536906
28930 633806
119339 1319810
264133 801988
264133 862373
801988 862373
885715 1467874
1190692 1381228
402226 481162
162780 225925
162780 564596
225925 564596
1264331 1387438
1264331 1428477
1387438 1428477
13338 579956
106941 449218
106941 519875
106941 624826
106941 845395
106941 1188449
449218 519875
449218 624826
449218 845395
449218 1188449
519875 624826
519875 845395
519875 1188449
624826 845395
624826 1188449
845395 1188449
402995 1409626
720865 1054091
264193 422059
249250 562635
249250 823757
562635 823757
231567 321794
231567 473916
321794 473916
52346 886936
707992 1314265
557132 560153
179568 1103165
174265 372452
134801 921404
120884 799045
789211 922493
405504 884047
405504 1277674
884047 1277674
1056155 1501782
818498 1246565
568176 1511300
966630 1362804
897258 992019
1196485 1509211
735516 1413576
735516 1477193
1413576 1477193
470782 476477
2935 821915
2935 1237761
821915 1237761
133227 1252139
260654 1025899
432553 735174
71890 1350519
582644 628542
217862 471619
189048 1188293
189048 1404326
1188293 1404326
127375 643515
228306 248994
417160 857679
557413 1057117
769484 832372
710724 1054818
897258 992019
137172 1193851
544487 1331459
114971 752003
114971 1157839
752003 1157839
569163 572639
569163 1104821
572639 1104821
43603 434794
133491 881723
200018 529621
200018 915678
200018 962063
200018 1251362
200018 1361470
529621 915678
529621 962063
529621 1251362
529621 1361470
915678 962063
915678 1251362
915678 1361470
962063 1251362
962063 1361470
1251362 1361470
426247 497313
426247 620484
426247 1134610
426247 1425346
426247 1431141
426247 1444133
426247 1484594
497313 620484
497313 1134610
497313 1425346
497313 1431141
497313 1444133
497313 1484594
620484 1134610
620484 1425346
620484 1431141
620484 1444133
620484 1484594
1134610 1425346
1134610 1431141
1134610 1444133
1134610 1484594
1425346 1431141
1425346 1444133
1425346 1484594
1431141 1444133
1431141 1484594
1444133 1484594
9512 28622
9512 172060
9512 202368
9512 351562
9512 391399
9512 422056
9512 488839
9512 493012
9512 855359
9512 1082835
9512 1194476
9512 1240179
9512 1257411
28622 172060
28622 202368
28622 351562
28622 391399
28622 422056
28622 488839
28622 493012
28622 855359
28622 1082835
28622 1194476
28622 1240179
28622 1257411
172060 202368
172060 351562
172060 391399
172060 422056
172060 488839
172060 493012
172060 855359
172060 1082835
172060 1194476
172060 1240179
172060 1257411
202368 351562
202368 391399
202368 422056
202368 488839
202368 493012
202368 855359
202368 1082835
202368 1194476
202368 1240179
202368 1257411
351562 391399
351562 422056
351562 488839
351562 493012
351562 855359
351562 1082835
351562 1194476
351562 1240179
351562 1257411
391399 422056
391399 488839
391399 493012
391399 855359
391399 1082835
391399 1194476
391399 1240179
391399 1257411
422056 488839
422056 493012
422056 855359
422056 1082835
422056 1194476
422056 1240179
422056 1257411
488839 493012
488839 855359
488839 1082835
488839 1194476
488839 1240179
488839 1257411
493012 855359
493012 1082835
493012 1194476
493012 1240179
493012 1257411
855359 1082835
855359 1194476
855359 1240179
855359 1257411
1082835 1194476
1082835 1240179
1082835 1257411
1194476 1240179
1194476 1257411
1240179 1257411
79925 89117
79925 1245186
89117 1245186
83047 537650
42666 896798
472716 1103704
621129 673393
621129 973877
621129 1005344
673393 973877
673393 1005344
973877 1005344
57719 509504
57719 758458
57719 1468456
509504 758458
509504 1468456
758458 1468456
204939 247813
331191 471613
1136250 1285987
380189 1464740
786139 1047084
72733 93309
72733 214810
93309 214810
105860 1528234
786139 924082
608462 933955
737972 973606
261568 791523
261568 828042
791523 828042
493287 1021308
160345 929887
41170 315603
41170 419713
41170 1322456
315603 419713
315603 1322456
419713 1322456
516448 516496
516448 587547
516448 899958
516496 587547
516496 899958
587547 899958
29229 909052
169125 941707
169125 1034271
941707 1034271
4787 819142
4787 970063
819142 970063
560668 749713
57073 930192
638221 990848
82832 551889
262084 831896
686982 1489850
78202 182286
78202 239585
78202 268125
78202 404481
182286 239585
182286 268125
182286 404481
239585 268125
239585 404481
268125 404481
284186 1465885
197089 494821
665557 1339007
1120181 1339007
275781 399766
634701 843026
781561 1173000
861259 1459353
8854 29204
402229 844418
102055 506231
102055 1049678
506231 1049678
911904 1273586
187833 923384
158206 280224
158206 280224
202173 407716
614120 1475683
147180 775202
147180 847269
775202 847269
18406 402229
410173 1033865
418182 763075
15393 907466
758458 1468456
66883 570104
165511 984087
165511 1278171
984087 1278171
248994 372535
248994 404303
372535 404303
82099 859575
82099 944241
859575 944241
773963 1099124
175477 1393215
970106 1310582
271036 1012625
271036 1012625
87151 257279
88524 629606
428676 828742
255393 1255051
11050 339590
267240 1316087
589272 631586
89455 1443216
89455 1456585
1443216 1456585
32475 521342
851367 882045
492339 610982
492339 1260343
610982 1260343
575200 1224188
575200 1473909
1224188 1473909
1141791 1423101
88521 1142122
88521 1379672
1142122 1379672
308004 340566
454339 593557
454339 609554
454339 1482234
593557 609554
593557 1482234
609554 1482234
494739 1502989
257780 316745
257780 549370
316745 549370
406057 593522
406057 1171190
593522 1171190
257780 1313079
257780 1332854
1313079 1332854
183622 570104
183622 1341287
183622 1525939
570104 1341287
570104 1525939
1341287 1525939
336280 404764
336280 437451
336280 459294
336280 537077
336280 1523611
404764 437451
404764 459294
404764 537077
404764 1523611
437451 459294
437451 537077
437451 1523611
459294 537077
459294 1523611
537077 1523611
335470 484706
335470 1367042
484706 1367042
257431 1328307
42133 269145
42133 391775
269145 391775
661555 721379
661555 1235028
721379 1235028
80072 460619
38151 158043
8429 858642
721379 1235028
162651 511557
102237 1266084
14673 698569
258356 1327486
213468 601653
569163 572639
569163 955306
572639 955306
117804 834034
117804 1453502
834034 1453502
928017 938259
107815 140884
107815 605981
107815 1027521
140884 605981
140884 1027521
605981 1027521
587727 743533
587727 1377498
743533 1377498
360978 502163
360978 1076168
502163 1076168
471234 639375
469905 1134815
253311 282211
412623 519573
412623 862439
519573 862439
747970 862439
355077 827558
204540 1258258
586747 1413295
586747 1413295
258065 1473368
637454 656263
74831 916768
10697 117385
405534 854123
9387 80540
9387 80540
99828 1212681
148093 747197
252296 488393
35076 771055
35076 902810
771055 902810
41170 519573
230303 985236
276737 833255
747197 1285858
389704 412623
254909 284186
123716 243062
123716 541900
243062 541900
502870 569505
502870 666221
569505 666221
66883 625022
499903 551304
468379 600415
468379 707973
600415 707973
389466 1131499
148093 747197
795419 1035388
593879 1242185
41170 156445
20044 1120181
88521 1142122
88521 757704
88521 908082
757704 908082
50007 945643
431338 1226223
332391 395362
332391 546029
332391 665728
332391 726059
332391 780622
332391 1023777
395362 546029
395362 665728
395362 726059
395362 780622
395362 1023777
546029 665728
546029 726059
546029 780622
546029 1023777
665728 726059
665728 780622
665728 1023777
726059 780622
726059 1023777
780622 1023777
240392 719578
240392 1452231
719578 1452231
624376 648032
624376 1408149
624376 1503239
648032 1408149
648032 1503239
1408149 1503239
94886 621370
94886 1043037
94886 1439965
621370 1043037
621370 1439965
1043037 1439965
387409 1540757
152911 1061662
280617 1337105
280617 1493755
1337105 1493755
131311 364269
131311 364269
166479 446014
166479 1374184
446014 1374184
318801 1348561
318801 1403547
1348561 1403547
897759 1491281
270268 306239
230539 922106
230539 1229540
922106 1229540
230539 580262
230539 922106
230539 1229540
580262 922106
580262 1229540
922106 1229540
273330 663569
273330 1340624
273330 1410679
663569 1340624
663569 1410679
1340624 1410679
40996 821265
40996 1274382
821265 1274382
113054 154289
113054 195651
113054 206784
113054 313887
113054 541525
113054 622234
113054 899735
113054 1469705
154289 195651
154289 206784
154289 313887
154289 541525
154289 622234
154289 899735
154289 1469705
195651 206784
195651 313887
195651 541525
195651 622234
195651 899735
195651 1469705
206784 313887
206784 541525
206784 622234
206784 899735
206784 1469705
313887 541525
313887 622234
313887 899735
313887 1469705
541525 622234
541525 899735
541525 1469705
622234 899735
622234 1469705
899735 1469705
541525 622234
624376 648032
185874 441499
185874 857493
441499 857493
104527 238744
104527 692557
104527 1369732
238744 692557
238744 1369732
692557 1369732
1026195 1394606
668484 799029
668484 1117161
668484 1128064
668484 1354155
668484 1502150
799029 1117161
799029 1128064
799029 1354155
799029 1502150
1117161 1128064
1117161 1354155
1117161 1502150
1128064 1354155
1128064 1502150
1354155 1502150
360007 1100114
504633 936815
504633 1268505
936815 1268505
1237399 1275788
213039 312145
213039 318801
213039 1460024
312145 318801
312145 1460024
318801 1460024
240392 719578
240392 719578
166479 301978
166479 538097
166479 828177
301978 538097
301978 828177
538097 828177
393905 838967
280617 306240
270268 306239
861687 1039264
469905 1134815
412623 862439
29204 82714
796302 1180115
328470 640688
698569 1036227
98116 355077
98116 1413295
355077 1413295
481764 827558
73314 1061022
545723 1004691
120569 228484
120569 442577
228484 442577
22247 86014
22247 710724
22247 797539
22247 1054818
86014 710724
86014 797539
86014 1054818
710724 797539
710724 1054818
797539 1054818
22660 80919
22660 476597
80919 476597
136399 1463306
71890 528880
71890 1181503
71890 1350519
528880 1181503
528880 1350519
1181503 1350519
120738 844075
120738 1281750
844075 1281750
120738 844075
251961 711859
37411 992596
434274 1212681
236196 820080
236196 842676
820080 842676
51817 1350519
682572 1450758
169369 628080
175477 1523070
188102 564394
188102 1074048
564394 1074048
152726 203556
152726 338812
152726 377155
152726 551304
152726 1239484
203556 338812
203556 377155
203556 551304
203556 1239484
338812 377155
338812 551304
338812 1239484
377155 551304
377155 1239484
551304 1239484
320905 1188293
627537 857885
185298 204378
185298 1145010
204378 1145010
38303 64309
38303 530620
38303 1476170
64309 530620
64309 1476170
530620 1476170
9387 80540
9387 1155180
80540 1155180
8437 524549
8437 804593
524549 804593
790403 985544
790403 985544
140999 1122603
91115 485177
583292 1217468
970032 1495566
473847 978723
956430 985544
74831 508195
74831 916768
508195 916768
698402 910121
1178539 1476170
919196 1113294
28948 949907
142110 1440627
418378 843950
213347 465442
253311 1251066
11672 370665
120196 1226866
1007769 1178539
242713 1211458
267833 744415
267833 849450
267833 1338984
744415 849450
744415 1338984
849450 1338984
687832 1109461
434849 770340
434849 962643
770340 962643
470896 1385678
242407 1405386
770340 1440583
106433 770340
62876 1356226
66570 1197060
208759 699561
714873 848768
111944 209866
111944 1244929
209866 1244929
241195 365632
241195 885343
365632 885343
333524 656805
333524 818617
656805 818617
81754 942731
467471 819820
467471 843441
819820 843441
387302 1212681
818617 1146039
654127 815860
150343 753239
457097 566588
43125 70447
43125 569919
43125 1240416
43125 1451914
70447 569919
70447 1240416
70447 1451914
569919 1240416
569919 1451914
1240416 1451914
859491 1447310
38598 765234
38598 765234
976415 1361656
676574 827676
676574 1029251
676574 1273554
676574 1450173
827676 1029251
827676 1273554
827676 1450173
1029251 1273554
1029251 1450173
1273554 1450173
279820 1424238
366378 929174
63621 514721
63621 747726
514721 747726
22512 356552
22512 416763
356552 416763
721031 1286820
52455 234713
52455 283204
52455 1458082
234713 283204
234713 1458082
283204 1458082
738058 1008711
738058 1008711
39660 398758
39660 566428
39660 679814
398758 566428
398758 679814
566428 679814
616179 902748
616179 940762
902748 940762
357647 1109039
52408 316884
761144 912472
761144 1472787
912472 1472787
470660 849295
470660 1179170
849295 1179170
59419 1108111
462145 738058
462145 1008711
738058 1008711
331920 804266
331920 809772
804266 809772
491198 797944
357453 1033030
534936 563017
534936 755308
563017 755308
324696 954759
854947 1157078
324210 1373216
30003 810767
30003 984012
810767 984012
39979 276394
39979 1167134
276394 1167134
1378223 1505314
844472 1353902
782390 936815
380502 449681
412968 691362
418883 480080
418883 719912
480080 719912
42133 556568
392761 679243
412623 862439
412623 963489
862439 963489
571183 965368
571183 1388079
965368 1388079
190812 738750
280069 592733
196045 481751
8854 310334
74831 603526
8854 541900
827558 1504493
74831 391399
639906 916768
639906 1110623
916768 1110623
606039 1415259
9387 74831
9387 80540
74831 80540
7018 46452
7018 74831
46452 74831
37331 1049986
1110623 1315922
53624 222669
610253 763876
74831 640688
74831 731588
640688 731588
604016 674176
120738 1444269
254057 634231
254057 945808
254057 1049768
634231 945808
634231 1049768
945808 1049768
242178 724706
254057 945808
254057 1049768
945808 1049768
28201 1029327
147454 1253853
147454 1436406
1253853 1436406
168849 223613
168849 1036344
168849 1438624
223613 1036344
223613 1438624
1036344 1438624
157754 205415
157754 314208
205415 314208
375482 1442269
157754 205415
157754 346802
205415 346802
291795 601505
291795 720865
601505 720865
57629 902199
57629 935628
902199 935628
30316 334352
601505 720865
340686 781896
340686 1204599
781896 1204599
820988 1180788
104419 546069
455710 534147
455710 1040133
534147 1040133
59089 476326
59089 490417
59089 561673
59089 661302
59089 1242110
476326 490417
476326 561673
476326 661302
476326 1242110
490417 561673
490417 661302
490417 1242110
561673 661302
561673 1242110
661302 1242110
357455 781561
248027 618429
1312336 1346162
55651 67282
96122 350182
822151 1003003
822151 1294943
1003003 1294943
569505 666221
630712 1527889
517684 776786
413343 530444
509506 933146
402995 1409626
323549 1195567
101095 449264
57750 277230
403055 1261425
403055 1311965
1261425 1311965
70245 114038
839559 1322808
159275 1429192
87130 832512
87130 832512
855406 1147420
855406 1459938
1147420 1459938
235187 811162
297134 1067797
297134 1457893
1067797 1457893
527065 877244
320783 1325954
625664 1084683
836343 1265519
295799 314288
295799 679159
295799 777956
314288 679159
314288 777956
679159 777956
230433 249417
483321 593879
523192 1126431
798160 1020093
798160 1128584
1020093 1128584
209732 790558
290647 588734
2523 338453
2523 478747
2523 1010749
338453 478747
338453 1010749
478747 1010749
103505 237601
1433378 1436668
842095 1352930
490934 1515821
4551 14989
4551 70317
4551 634534
14989 70317
14989 634534
70317 634534
148286 389337
42133 449681
1063218 1373356
460281 1084859
62491 1386776
14989 378353
14989 599820
14989 605384
378353 599820
378353 605384
599820 605384
522492 842673
522492 1088386
522492 1346238
522492 1382759
522492 1402087
842673 1088386
842673 1346238
842673 1382759
842673 1402087
1088386 1346238
1088386 1382759
1088386 1402087
1346238 1382759
1346238 1402087
1382759 1402087
522492 842673
522492 1056384
522492 1088386
522492 1346238
522492 1382759
522492 1402087
842673 1056384
842673 1088386
842673 1346238
842673 1382759
842673 1402087
1056384 1088386
1056384 1346238
1056384 1382759
1056384 1402087
1088386 1346238
1088386 1382759
1088386 1402087
1346238 1382759
1346238 1402087
1382759 1402087
558631 602545
409984 748117
115353 243585
115353 315652
115353 373936
115353 1017582
243585 315652
243585 373936
243585 1017582
315652 373936
315652 1017582
373936 1017582
881386 1344097
1194295 1398788
135404 838536
207973 440901
207973 765825
440901 765825
70245 114038
439349 922813
357837 697818
357837 777093
244513 1248073
244774 431086
244774 505491
431086 505491
879627 961341
879627 1043129
961341 1043129
194350 461617
127982 758458
511033 693955
231698 731348
636899 1212135
7451 331150
7451 1268460
331150 1268460
570104 1341287
42133 759004
594671 1327053
18329 699821
133833 1111353
519886 802737
472203 1505314
380502 449681
860485 1339015
1033927 1484419
187675 759700
773998 1033927
494950 808174
331854 1494451
262363 1206554
615720 703742
615720 1365985
703742 1365985
116034 1097556
335443 728230
261544 396955
66883 625022
774985 1421785
472313 738063
66796 230433
66796 1497622
230433 1497622
816978 852607
634019 754765
4551 57010
4551 70317
4551 634534
57010 70317
57010 634534
70317 634534
279336 481104
279336 1382610
481104 1382610
192831 811162
192831 827940
811162 827940
191986 1124218
65605 175020
65605 1436099
175020 1436099
14454 311754
566854 1334949
759706 975770
295237 361566
424540 1302966
1041658 1363090
123716 471619
30153 434265
30153 638229
30153 1253358
434265 638229
434265 1253358
638229 1253358
317016 503253
91244 635549
506972 1476712
41170 1131379
243404 714593
524907 1243778
664327 873128
975495 1188293
41170 156445
41170 519573
156445 519573
373293 655311
175477 187833
175477 1004691
187833 1004691
74831 916768
9387 80540
9387 169369
80540 169369
99828 108166
99828 1454952
108166 1454952
794324 1190653
628542 973744
120738 844075
120738 1281750
844075 1281750
251961 711859
251961 747197
711859 747197
794879 1124592
467471 819820
105493 1294815
29204 1393215
8854 541900
405782 1205052
377155 499903
73314 402229
275057 639827
9512 28622
9512 104763
9512 228950
9512 351562
9512 391399
9512 462080
9512 488839
9512 493012
9512 602451
9512 855359
9512 913296
9512 1208991
9512 1317196
28622 104763
28622 228950
28622 351562
28622 391399
28622 462080
28622 488839
28622 493012
28622 602451
28622 855359
28622 913296
28622 1208991
28622 1317196
104763 228950
104763 351562
104763 391399
104763 462080
104763 488839
104763 493012
104763 602451
104763 855359
104763 913296
104763 1208991
104763 1317196
228950 351562
228950 391399
228950 462080
228950 488839
228950 493012
228950 602451
228950 855359
228950 913296
228950 1208991
228950 1317196
351562 391399
351562 462080
351562 488839
351562 493012
351562 602451
351562 855359
351562 913296
351562 1208991
351562 1317196
391399 462080
391399 488839
391399 493012
391399 602451
391399 855359
391399 913296
391399 1208991
391399 1317196
462080 488839
462080 493012
462080 602451
462080 855359
462080 913296
462080 1208991
462080 1317196
488839 493012
488839 602451
488839 855359
488839 913296
488839 1208991
488839 1317196
493012 602451
493012 855359
493012 913296
493012 1208991
493012 1317196
602451 855359
602451 913296
602451 1208991
602451 1317196
855359 913296
855359 1208991
855359 1317196
913296 1208991
913296 1317196
1208991 1317196
469119 1191996
893605 1084684
28622 855359
282507 877722
282507 1360769
877722 1360769
177311 207078
121222 1054091
244649 339224
244649 1351499
244649 1417339
244649 1518157
339224 1351499
339224 1417339
339224 1518157
1351499 1417339
1351499 1518157
1417339 1518157
119924 258065
20517 89275
220844 1094367
75594 173433
75594 451704
75594 1421529
173433 451704
173433 1421529
451704 1421529
28410 451704
807547 975504
139319 853287
101092 300192
106757 171787
106757 1063164
106757 1540831
171787 1063164
171787 1540831
1063164 1540831
457308 753311
350184 1372799
747972 786232
171787 1063164
171787 1540831
1063164 1540831
553508 722314
553508 1084248
722314 1084248
137955 833966
765734 1099255
171270 386196
62391 255914
62391 1299507
255914 1299507
24273 682870
90500 210859
215118 755441
997114 1123194
514432 1057698
514432 1057698
812723 1176251
603725 1168289
189103 427604
189103 796413
427604 796413
546850 767019
546850 767019
124024 420402
124024 661158
124024 899567
124024 1047726
420402 661158
420402 899567
420402 1047726
661158 899567
661158 1047726
899567 1047726
435183 633199
1112987 1436154
700925 1065019
8404 122905
401721 402995
401721 1043801
402995 1043801
38635 664327
38635 664327
702 311514
292532 414608
113778 152849
267750 431721
267750 637287
431721 637287
226375 253215
342181 562778
342181 1469945
562778 1469945
27067 51898
230433 425115
230433 660116
425115 660116
431239 1292617
431239 1353714
1292617 1353714
431854 924480
163493 851145
70508 353552
70508 364494
70508 433983
353552 364494
353552 433983
364494 433983
532201 1328907
124865 1280922
209273 229170
284066 1099514
551191 952426
196077 709102
136399 1234684
418174 453424
418174 1409200
453424 1409200
615934 629320
124865 1280922
976972 1072371
1232836 1314776
99828 248994
285535 910225
80540 360361
80540 741023
360361 741023
713532 821304
713532 911006
821304 911006
615934 629320
442329 1050408
749514 1147960
824601 1196838
290619 800610
290619 507606
111351 628945
883122 404325
615779 220898
334875 175648
1117687 108472
988965 307873
988965 40063
307873 40063
1509317 14088699
143297 421818
14145976 14145977
14145976 1137303
14145977 1137303
14146031 724706
16686 36870
14146033 14146034
14146040 14146041
971776 198910
407549 222986
606391 637214
14169118 14169119
14169121 543227
14169123 1085845
754643 1146628
754643 140210
754643 211731
1146628 140210
1146628 211731
140210 211731
84357 821915
1126272 237257
987839 14169128
276720 1225253
276720 877433
1225253 877433
89907 14169129
991000 1525856
14169132 14169133
583630 1138966
583630 1019094
1138966 1019094
318939 821915
482230 51119
1146628 754643
1146628 140210
1146628 211731
754643 140210
754643 211731
140210 211731
696876 824093
14169138 1245186
1099431 14169141
1099431 52745
14169141 52745
14169142 14169143
14169142 14169144
14169143 14169144
180708 14169145
534842 239497
1424616 14169146
1424616 724490
14169146 724490
29911 51392
757127 665197
548999 14169148
548999 331050
14169148 331050
97621 449681
1188293 117570
1257952 381081
1070173 665197
953764 505099
14169152 237257
1140516 1115830
1385403 738621
14169153 14169154
14169153 14169155
14169154 14169155
1146628 754643
1146628 140210
1146628 211731
754643 140210
754643 211731
140210 211731
14169157 14169158
1072211 1507478
145126 14169160
557181 1084427
14169161 1108183
14169162 543227
14169163 51392
1245186 89117
14169166 948971
998797 14169168
1365983 703742
14169169 595898
623561 959818
543897 527124
1072211 1507478
1385403 738621
1097335 14169172
1146628 754643
1146628 140210
1146628 211731
754643 140210
754643 211731
140210 211731
14105754 357687
1029546 988979
1029546 221755
1029546 1481750
988979 221755
988979 1481750
221755 1481750
1307439 673735
955306 572639
955306 569163
572639 569163
220349 756666
836343 1277453
557181 671206
332653 824093
889499 1162944
