747197 1285858
106148 1131157
143297 245199
121653 1171190
221874 819820
557100 907311
557100 1265488
907311 1265488
252088 338606
252088 582484
252088 1191996
338606 582484
338606 1191996
582484 1191996
133534 626013
133534 626013
94080 793853
135552 138647
135552 225667
135552 260791
135552 1541185
138647 225667
138647 260791
138647 1541185
225667 260791
225667 1541185
260791 1541185
488393 862439
181082 862439
84524 152849
84524 280039
84524 412623
84524 1476712
152849 280039
152849 412623
152849 1476712
280039 412623
280039 1476712
412623 1476712
26526 84532
26526 289049
26526 587447
26526 1235639
84532 289049
84532 587447
84532 1235639
289049 587447
289049 1235639
587447 1235639
637898 717801
226724 378001
226724 542388
226724 721188
226724 1246167
378001 542388
378001 721188
378001 1246167
542388 721188
542388 1246167
721188 1246167
29431 853097
217533 419569
152849 172895
152849 1386663
172895 1386663
376884 675002
219954 343352
219954 458590
219954 1264963
343352 458590
343352 1264963
458590 1264963
583 99864
583 242326
583 451919
583 786590
583 1105873
99864 242326
99864 451919
99864 786590
99864 1105873
242326 451919
242326 786590
242326 1105873
451919 786590
451919 1105873
786590 1105873
233052 1084683
27808 261707
27808 599326
27808 1009520
27808 1286661
261707 599326
261707 1009520
261707 1286661
599326 1009520
599326 1286661
1009520 1286661
15204 1051998
505644 541070
505644 969544
541070 969544
127033 508126
127033 1496210
508126 1496210
404684 1498012
1039665 1088269
84809 130063
94103 443773
94103 1083883
443773 1083883
70508 313584
70508 513235
313584 513235
239753 952401
197390 230786
224295 309527
224295 573594
224295 701857
309527 573594
309527 701857
573594 701857
124024 420402
124024 899567
420402 899567
70024 222064
70024 867729
222064 867729
269975 666911
58038 206199
58038 308208
58038 938471
58038 1045205
58038 1170317
206199 308208
206199 938471
206199 1045205
206199 1170317
308208 938471
308208 1045205
308208 1170317
938471 1045205
938471 1170317
1045205 1170317
423242 794234
94260 172301
94260 215052
94260 302508
94260 761229
94260 882716
172301 215052
172301 302508
172301 761229
172301 882716
215052 302508
215052 761229
215052 882716
302508 761229
302508 882716
761229 882716
469576 681379
578036 768275
53815 593113
6375 912281
6375 1186952
912281 1186952
461986 588702
50489 397273
50489 490690
50489 579219
50489 681734
50489 1119373
397273 490690
397273 579219
397273 681734
397273 1119373
490690 579219
490690 681734
490690 1119373
579219 681734
579219 1119373
681734 1119373
403055 458344
403055 869796
403055 1011142
458344 869796
458344 1011142
869796 1011142
454136 1202652
454136 1279799
1202652 1279799
106697 899373
551365 729664
551365 906630
551365 1018966
729664 906630
729664 1018966
906630 1018966
196059 218886
196059 309493
196059 403498
196059 846589
218886 309493
218886 403498
218886 846589
309493 403498
309493 846589
403498 846589
53828 224295
53828 319436
53828 485496
53828 554278
53828 1213767
224295 319436
224295 485496
224295 554278
224295 1213767
319436 485496
319436 554278
319436 1213767
485496 554278
485496 1213767
554278 1213767
859831 1029299
116650 223970
116650 830393
116650 981920
116650 1514564
223970 830393
223970 981920
223970 1514564
830393 981920
830393 1514564
981920 1514564
1200214 1364051
220844 279766
33001 136525
33001 331459
33001 801815
33001 1034508
136525 331459
136525 801815
136525 1034508
331459 801815
331459 1034508
801815 1034508
876697 1468456
259117 345793
259117 799913
259117 864473
345793 799913
345793 864473
799913 864473
495095 502870
100363 256646
254781 880065
53368 234662
53368 775466
53368 878976
53368 960422
53368 989035
234662 775466
234662 878976
234662 960422
234662 989035
775466 878976
775466 960422
775466 989035
878976 960422
878976 989035
960422 989035
162320 683949
162320 1064501
683949 1064501
534788 619121
226724 769130
226724 922731
226724 946575
769130 922731
769130 946575
922731 946575
298323 540096
298323 714776
298323 804191
298323 913695
540096 714776
540096 804191
540096 913695
714776 804191
714776 913695
804191 913695
365014 1117664
441495 529505
239753 652217
811908 1314144
382354 811908
110488 522140
379318 613227
379318 949134
379318 1437513
613227 949134
613227 1437513
949134 1437513
141888 498715
141888 820993
498715 820993
28185 539637
28185 619121
28185 763372
28185 1143109
539637 619121
539637 763372
539637 1143109
619121 763372
619121 1143109
763372 1143109
761229 1273311
25491 67791
25491 70508
25491 135845
25491 353552
25491 433983
25491 646805
25491 858871
67791 70508
67791 135845
67791 353552
67791 433983
67791 646805
67791 858871
70508 135845
70508 353552
70508 433983
70508 646805
70508 858871
135845 353552
135845 433983
135845 646805
135845 858871
353552 433983
353552 646805
353552 858871
433983 646805
433983 858871
646805 858871
63298 212863
63298 494415
63298 660594
212863 494415
212863 660594
494415 660594
131416 301949
131416 599489
131416 922946
131416 1314365
131416 1441655
301949 599489
301949 922946
301949 1314365
301949 1441655
599489 922946
599489 1314365
599489 1441655
922946 1314365
922946 1441655
1314365 1441655
583 870142
583 1253433
870142 1253433
105305 131416
82867 1117664
83227 836756
83227 1192935
836756 1192935
297173 981089
297173 1238388
981089 1238388
1076250 1238388
175733 1238388
175733 297173
175733 405141
175733 461522
175733 1238388
297173 405141
297173 461522
297173 1238388
405141 461522
405141 1238388
461522 1238388
24549 1104758
24549 1211108
24549 1409665
24549 1414115
1104758 1211108
1104758 1409665
1104758 1414115
1211108 1409665
1211108 1414115
1409665 1414115
1104758 1414115
1104758 1211108
24549 1104758
228481 317624
29071 40443
52369 389731
52369 786535
52369 916325
52369 1222225
389731 786535
389731 916325
389731 1222225
786535 916325
786535 1222225
916325 1222225
361766 826186
361766 878919
361766 1065019
826186 878919
826186 1065019
878919 1065019
40816 541648
40816 1448893
40816 1491423
541648 1448893
541648 1491423
1448893 1491423
42338 301832
876354 1166798
265170 334990
265170 491089
265170 697928
265170 866651
334990 491089
334990 697928
334990 866651
491089 697928
491089 866651
697928 866651
713615 824743
713615 1215561
713615 1221352
824743 1215561
824743 1221352
1215561 1221352
353502 848468
353502 1083449
353502 1186907
353502 1235974
848468 1083449
848468 1186907
848468 1235974
1083449 1186907
1083449 1235974
1186907 1235974
189700 639399
189700 847648
639399 847648
20576 1492589
51148 583782
58972 876868
626013 1163997
181967 523952
181967 1482113
523952 1482113
90858 148279
217777 225815
217777 1528335
225815 1528335
566849 747362
155069 833426
105261 707973
105261 1207795
707973 1207795
157754 707973
1074380 1134365
1074380 1361101
1134365 1361101
237325 1518157
775697 909871
368694 566849
323105 1348991
307495 1292640
179620 324196
179620 336221
324196 336221
645986 868102
168085 1234924
374454 785491
922385 1217121
153738 397175
239765 612148
416772 1447347
1090662 1238610
133944 710140
133944 997525
133944 1453502
710140 997525
710140 1453502
997525 1453502
102295 389727
102295 722337
102295 1268499
102295 1497978
389727 722337
389727 1268499
389727 1497978
722337 1268499
722337 1497978
1268499 1497978
94548 511445
94548 1069395
511445 1069395
517620 873874
517620 873874
517620 1385632
873874 1385632
217521 1296623
1012723 1040471
207942 412142
18451 1128401
96776 374212
96776 1165982
374212 1165982
203576 405174
92489 580755
92489 595960
92489 1318218
580755 595960
580755 1318218
595960 1318218
23769 900572
1090662 1153346
551211 579964
75185 1168483
75185 1253241
1168483 1253241
618141 1053596
14323 88066
14323 1492352
88066 1492352
1074675 1185079
1074675 1395087
1185079 1395087
219016 1185079
219016 1395087
219016 1465404
1185079 1395087
1185079 1465404
1395087 1465404
330159 1117687
312430 540297
312430 1090600
540297 1090600
312430 540297
312430 1090600
540297 1090600
282507 877722
121222 243609
121222 1518157
243609 1518157
368495 704881
368495 894947
704881 894947
11050 153487
68341 81434
68341 816223
68341 1401668
81434 816223
81434 1401668
816223 1401668
368495 398242
662590 892367
662590 1365104
892367 1365104
78417 236812
78417 303023
78417 871049
236812 303023
236812 871049
303023 871049
1137641 1253443
614120 1475683
282211 1059780
301949 536602
301949 974798
536602 974798
331157 344300
101833 506686
234037 312906
262363 970564
262363 996398
262363 1156920
262363 1531336
970564 996398
970564 1156920
970564 1531336
996398 1156920
996398 1531336
1156920 1531336
621370 1057055
233244 1365104
119046 1180447
405040 466905
405040 1169538
405040 1311133
466905 1169538
466905 1311133
1169538 1311133
446089 452691
446089 634701
452691 634701
458042 509183
656673 1066865
342181 1394046
218936 256438
218936 969484
256438 969484
1502607 1531681
377400 589369
377400 1479213
589369 1479213
190232 960674
207574 602467
5079 1480480
66618 178127
66618 642678
178127 642678
260677 848978
260677 877465
260677 1242968
848978 877465
848978 1242968
877465 1242968
399769 652052
1117530 1229303
173255 366902
269064 991590
269064 1322369
991590 1322369
296047 356873
296047 1138975
296047 1336026
356873 1138975
356873 1336026
1138975 1336026
16958 806659
552192 1513949
175477 923384
841821 1237858
9387 80540
9387 87176
9387 459914
9387 680418
80540 87176
80540 459914
80540 680418
87176 459914
87176 680418
459914 680418
73314 177466
73314 562145
177466 562145
605713 1481635
605713 1511131
1481635 1511131
711128 734972
711128 794324
711128 1357644
734972 794324
734972 1357644
794324 1357644
169369 387302
169369 541900
387302 541900
607778 870176
377155 763876
296427 645206
296427 812864
645206 812864
557642 1113566
557642 1463302
1113566 1463302
20044 1120181
298049 1273586
121653 880331
442577 530729
442577 1126733
34248 246751
42133 287126
535198 706765
535198 1386184
706765 1386184
175648 1026193
175477 1026582
624360 793486
291207 740318
792277 1100372
696013 910932
302426 959444
321778 1523135
128777 140027
128777 516283
128777 811053
128777 1245434
128777 1411623
140027 516283
140027 811053
140027 1245434
140027 1411623
516283 811053
516283 1245434
516283 1411623
811053 1245434
811053 1411623
1245434 1411623
469905 1134815
343989 1234684
175477 248994
175477 778927
248994 778927
108166 227997
108166 390404
227997 390404
59139 719149
59139 1164482
719149 1164482
727467 969113
585576 1308160
8854 763876
228484 442577
228484 672539
442577 672539
73117 82796
73117 963489
82796 963489
115462 639906
75977 674364
103531 551146
277865 368235
277865 637521
277865 848174
277865 1374472
368235 637521
368235 848174
368235 1374472
637521 848174
637521 1374472
848174 1374472
285837 787478
196252 933717
335542 1131370
867348 1413010
124467 987682
1145024 1388334
802 368959
110720 705268
318303 476720
318303 1262191
476720 1262191
216918 1315922
502139 755997
502139 873008
755997 873008
178964 200710
178964 445985
200710 445985
94260 391033
189142 350661
189142 412742
189142 548047
350661 412742
350661 548047
412742 548047
607395 827666
607395 1237921
827666 1237921
212904 321659
786296 1498012
639625 1004895
828501 910602
828501 1238170
828501 1530532
910602 1238170
910602 1530532
1238170 1530532
843997 1315922
82423 830720
917535 1200267
198398 234883
105305 826186
154382 373171
154382 503628
154382 524053
154382 661428
373171 503628
373171 524053
373171 661428
503628 524053
503628 661428
524053 661428
361766 410973
261491 826186
246367 750248
335542 1131370
36181 396748
17478 342996
81223 131588
81223 394630
81223 1292144
81223 1479310
131588 394630
131588 1292144
131588 1479310
394630 1292144
394630 1479310
1292144 1479310
297134 452329
297134 700705
297134 731705
297134 1386776
297134 1493404
297134 1529931
452329 700705
452329 731705
452329 1386776
452329 1493404
452329 1529931
700705 731705
700705 1386776
700705 1493404
700705 1529931
731705 1386776
731705 1493404
731705 1529931
1386776 1493404
1386776 1529931
1493404 1529931
141888 820993
285853 362278
436801 1486675
91372 644483
91372 754542
91372 896933
91372 1139752
644483 754542
644483 896933
644483 1139752
754542 896933
754542 1139752
896933 1139752
295844 1282493
1043029 1224711
230433 791189
353385 1399911
92703 363179
245582 659964
69788 319272
69788 665869
319272 665869
80431 1046031
177156 205415
177156 314208
177156 346802
177156 475490
177156 539790
205415 314208
205415 346802
205415 475490
205415 539790
314208 346802
314208 475490
314208 539790
346802 475490
346802 539790
475490 539790
842095 1004069
665557 676619
268645 1002992
543792 556575
339224 1054091
403082 1149384
325848 528952
322883 757740
22660 266523
22660 681333
266523 681333
788407 947203
711941 1505079
594671 856506
592733 1226751
273768 1280748
273768 1352640
1280748 1352640
8630 388815
8630 623894
8630 979017
8630 1247517
388815 623894
388815 979017
388815 1247517
623894 979017
623894 1247517
979017 1247517
7555 1171365
92703 1437913
30506 677251
118818 1109424
1006406 1300142
813534 1029469
154382 373171
154382 503628
154382 524053
154382 661428
373171 503628
373171 524053
373171 661428
503628 524053
503628 661428
524053 661428
796473 1349830
543792 556575
20447 116313
20447 166801
20447 190261
20447 850742
116313 166801
116313 190261
116313 850742
166801 190261
166801 850742
190261 850742
7062 319768
7062 758489
319768 758489
107998 159643
107998 841501
159643 841501
243512 735140
738142 994168
738142 1054091
994168 1054091
321794 878533
564880 1007288
564880 1369290
1007288 1369290
36858 180569
488393 491618
263857 1094413
441547 706201
209731 1061043
209731 1436154
1061043 1436154
1074675 1395087
122085 791523
673550 1061022
45226 375239
228484 291207
228484 442577
228484 740318
228484 1126733
291207 442577
291207 740318
291207 1126733
442577 740318
442577 1126733
740318 1126733
442577 1126733
705179 1201043
705179 1294943
1201043 1294943
705218 954924
78325 398679
158960 1515364
237708 252296
237708 485767
252296 485767
315019 797050
315019 967565
797050 967565
42284 175477
61199 799343
61199 1035771
799343 1035771
214060 886627
461035 509314
179984 826879
179984 1144712
826879 1144712
108473 628036
108473 1000312
628036 1000312
365567 1086024
147092 1115768
16341 204649
1828 708916
149555 561093
12177 795826
12177 899891
795826 899891
14323 88066
14323 763460
14323 1492352
88066 763460
88066 1492352
763460 1492352
38774 189027
38774 901123
189027 901123
682426 1057698
93841 882147
93841 173154
544321 924428
129703 335121
129703 1189565
335121 1189565
454873 480156
454873 647646
454873 864274
454873 922808
454873 1260827
480156 647646
480156 864274
480156 922808
480156 1260827
647646 864274
647646 922808
647646 1260827
864274 922808
864274 1260827
922808 1260827
106905 290431
106905 1092646
290431 1092646
105161 507045
38774 173154
38774 503440
38774 626524
38774 706543
173154 503440
173154 626524
173154 706543
503440 626524
503440 706543
626524 706543
480156 514432
109034 166485
109034 278541
109034 290619
109034 303921
109034 331818
109034 448466
109034 681883
109034 758615
109034 773963
109034 1099124
109034 1149869
109034 1172214
109034 1294711
166485 278541
166485 290619
166485 303921
166485 331818
166485 448466
166485 681883
166485 758615
166485 773963
166485 1099124
166485 1149869
166485 1172214
166485 1294711
278541 290619
278541 303921
278541 331818
278541 448466
278541 681883
278541 758615
278541 773963
278541 1099124
278541 1149869
278541 1172214
278541 1294711
290619 303921
290619 331818
290619 448466
290619 681883
290619 758615
290619 773963
290619 1099124
290619 1149869
290619 1172214
290619 1294711
303921 331818
303921 448466
303921 681883
303921 758615
303921 773963
303921 1099124
303921 1149869
303921 1172214
303921 1294711
331818 448466
331818 681883
331818 758615
331818 773963
331818 1099124
331818 1149869
331818 1172214
331818 1294711
448466 681883
448466 758615
448466 773963
448466 1099124
448466 1149869
448466 1172214
448466 1294711
681883 758615
681883 773963
681883 1099124
681883 1149869
681883 1172214
681883 1294711
758615 773963
758615 1099124
758615 1149869
758615 1172214
758615 1294711
773963 1099124
773963 1149869
773963 1172214
773963 1294711
1099124 1149869
1099124 1172214
1099124 1294711
1149869 1172214
1149869 1294711
1172214 1294711
290619 681883
290619 758615
290619 773963
290619 1099124
681883 758615
681883 773963
681883 1099124
758615 773963
758615 1099124
773963 1099124
270129 278541
270129 758615
278541 758615
154998 433983
154998 475962
154998 626013
154998 891213
154998 914923
433983 475962
433983 626013
433983 891213
433983 914923
475962 626013
475962 891213
475962 914923
626013 891213
626013 914923
891213 914923
758615 1099124
290619 681883
290619 773963
290619 1099124
681883 773963
681883 1099124
773963 1099124
190812 350093
190812 738750
350093 738750
365567 439200
937231 1277895
58377 397055
58377 1509475
397055 1509475
480269 506012
480269 827558
480269 1504493
506012 827558
506012 1504493
827558 1504493
488393 491618
93980 114150
93980 418529
93980 459927
93980 809699
93980 885177
93980 1131592
93980 1176408
114150 418529
114150 459927
114150 809699
114150 885177
114150 1131592
114150 1176408
418529 459927
418529 809699
418529 885177
418529 1131592
418529 1176408
459927 809699
459927 885177
459927 1131592
459927 1176408
809699 885177
809699 1131592
809699 1176408
885177 1131592
885177 1176408
1131592 1176408
605713 654171
605713 1511131
654171 1511131
364498 628080
747970 1135406
46667 470814
46667 1248073
470814 1248073
393390 412623
439200 519350
503628 607489
503628 765964
503628 901934
503628 1522613
607489 765964
607489 901934
607489 1522613
765964 901934
765964 1522613
901934 1522613
122905 344444
450073 827558
278541 290619
278541 758615
278541 1149869
278541 1294711
290619 758615
290619 1149869
290619 1294711
758615 1149869
758615 1294711
1149869 1294711
525665 974798
525665 1415662
974798 1415662
1224849 1275481
157110 204133
430278 856668
141193 141222
141193 193313
141222 193313
592359 637898
88521 431053
248275 964216
412623 638966
412623 862439
638966 862439
233052 1084683
1103925 1233379
1103925 1388848
1233379 1388848
133959 168188
133959 1297137
168188 1297137
1125157 1368597
158884 173433
158884 451704
173433 451704
921890 1054091
36858 180569
118865 381647
70285 381647
277586 757142
37244 74302
37244 159241
37244 461971
37244 697204
74302 159241
74302 461971
74302 697204
159241 461971
159241 697204
461971 697204
33375 178625
33375 624899
178625 624899
603725 843441
204711 254577
258065 944539
437553 732906
437553 1041928
732906 1041928
51148 583782
51148 626013
583782 626013
148279 459294
148279 537077
459294 537077
220033 254057
666 121222
758489 1363203
716624 1262563
205415 1121810
415617 551450
415617 684392
415617 1366475
551450 684392
551450 1366475
684392 1366475
257140 595066
257140 1117646
257140 1131367
595066 1117646
595066 1131367
1117646 1131367
104653 1518157
76598 687547
74831 481037
698564 1368728
237708 252296
237708 485767
237708 557643
237708 881427
252296 485767
252296 557643
252296 881427
485767 557643
485767 881427
557643 881427
268292 494875
38681 166819
38681 175477
38681 923384
166819 175477
166819 923384
175477 923384
82796 794772
401721 1075119
711859 876870
784676 935840
131476 692937
402229 461165
1828 708916
73314 805428
158849 636899
158849 1154903
636899 1154903
402229 756609
402229 985544
402229 1240218
402229 1368728
756609 985544
756609 1240218
756609 1368728
985544 1240218
985544 1368728
1240218 1368728
144927 607778
120738 497611
103531 551146
179984 826879
179984 1144712
826879 1144712
231567 613635
7062 21878
7062 304855
7062 537295
7062 1097002
21878 304855
21878 537295
21878 1097002
304855 537295
304855 1097002
537295 1097002
7062 21878
7062 304855
7062 537295
7062 1097002
21878 304855
21878 537295
21878 1097002
304855 537295
304855 1097002
537295 1097002
21878 154216
21878 1301839
154216 1301839
233052 1084683
148279 443677
148279 468594
443677 468594
289143 1518157
481862 1172726
289143 1518157
93309 452473
93309 1230611
452473 1230611
148279 1253086
120569 202947
120569 228484
120569 442577
202947 228484
202947 442577
228484 442577
586223 736691
586223 1353714
736691 1353714
207574 602467
207574 617662
602467 617662
177296 1319540
932568 1196918
54550 870903
54550 1084683
870903 1084683
54550 870903
54550 1084683
870903 1084683
303311 328687
303311 1117687
328687 1117687
150621 373955
150621 482124
150621 596488
150621 650684
150621 1068620
373955 482124
373955 596488
373955 650684
373955 1068620
482124 596488
482124 650684
482124 1068620
596488 650684
596488 1068620
650684 1068620
619774 1313076
75185 683803
75185 1252729
75185 1345740
683803 1252729
683803 1345740
1252729 1345740
566514 722178
314208 491536
540910 638966
485205 713875
148105 254057
148105 312880
148105 572463
148105 1266265
254057 312880
254057 572463
254057 1266265
312880 572463
312880 1266265
572463 1266265
124507 284524
557132 562869
177311 207078
177311 638552
177311 990967
207078 638552
207078 990967
638552 990967
325537 537650
45516 323939
407606 1392028
66883 312826
66883 328470
66883 595999
312826 328470
312826 595999
328470 595999
413829 1513451
878144 1532842
239753 510298
239753 510298
41174 281781
834459 899898
834459 1413295
899898 1413295
727467 969113
727467 969113
433819 705179
99828 1393215
154998 891213
454852 892074
9561 1101155
248994 404303
248994 572661
404303 572661
177432 1537698
72442 150036
72442 197773
72442 1076255
150036 197773
150036 1076255
197773 1076255
103519 295844
154998 433983
154998 475962
154998 626013
154998 891213
154998 914923
433983 475962
433983 626013
433983 891213
433983 914923
475962 626013
475962 891213
475962 914923
626013 891213
626013 914923
891213 914923
315114 334117
315114 986340
315114 1262902
334117 986340
334117 1262902
986340 1262902
42284 175477
74831 296427
672679 1494150
75977 227997
76598 687547
153487 1237931
223085 702246
273382 443244
273382 515041
273382 1053799
443244 515041
443244 1053799
515041 1053799
147761 831958
354600 466821
354600 621370
466821 621370
292023 507087
244513 1228436
244513 1518498
1228436 1518498
144570 156156
144570 497564
144570 507972
156156 497564
156156 507972
497564 507972
521329 1246611
521329 1290151
1246611 1290151
784 1124207
70003 623962
378353 605384
378353 838536
605384 838536
31603 150230
31603 605385
31603 815503
150230 605385
150230 815503
605385 815503
199539 288631
199539 470430
288631 470430
596857 934008
798 20517
240241 856727
38911 197735
318810 1048156
972991 1152268
404474 1057209
404474 1221347
1057209 1221347
6779 487014
123716 243062
123716 541900
243062 541900
363154 694423
273173 371163
273173 417052
273173 482851
273173 621262
273173 1409645
371163 417052
371163 482851
371163 621262
371163 1409645
417052 482851
417052 621262
417052 1409645
482851 621262
482851 1409645
621262 1409645
70024 843441
578036 768275
10697 117385
115462 459747
115462 916768
459747 916768
466980 588388
50052 73342
50052 703910
50052 875921
73342 703910
73342 875921
703910 875921
243284 497017
169982 422682
158206 280224
707973 1382377
75238 206241
269693 891213
269693 1285858
891213 1285858
79481 632783
252336 463826
253460 293956
300364 442647
300364 575797
442647 575797
75594 173433
582644 628542
582644 827392
628542 827392
137619 646884
786342 840726
202173 730106
113778 152849
677440 695001
41180 169369
41180 745601
169369 745601
205039 235565
402065 689006
402065 1121283
689006 1121283
570104 1341287
223999 916097
843997 1315922
137795 535198
502870 797179
176301 1165896
36510 372535
36510 404303
36510 594741
36510 1155617
36510 1393215
372535 404303
372535 594741
372535 1155617
372535 1393215
404303 594741
404303 1155617
404303 1393215
594741 1155617
594741 1393215
1155617 1393215
210318 1502237
27632 214680
27632 629775
214680 629775
7537 14673
7537 639906
14673 639906
272450 626013
402229 595999
402229 1110623
402229 1126963
402229 1398422
595999 1110623
595999 1126963
595999 1398422
1110623 1126963
1110623 1398422
1126963 1398422
42133 247381
231567 967652
418905 1478716
526172 1240191
526172 1242185
1240191 1242185
228481 700694
798 324196
798 609434
798 775697
324196 609434
324196 775697
609434 775697
7404 529379
48780 260809
48780 610098
260809 610098
800079 887564
125783 242469
125783 324785
242469 324785
36639 148732
36639 312184
148732 312184
57424 446385
57424 1491248
446385 1491248
600698 860840
600698 1491763
860840 1491763
6870 327423
327423 586717
103583 927834
177836 454367
603728 841810
603728 1380481
841810 1380481
499230 1218229
121999 122546
121999 201947
122546 201947
716977 1129136
209086 484241
209086 595122
484241 595122
622954 704298
529499 577102
53080 1094356
189700 635348
189700 847648
635348 847648
39289 158721
39289 1088642
39289 1108296
158721 1088642
158721 1108296
1088642 1108296
442435 982824
114204 443669
114204 1154242
443669 1154242
398703 1161970
308454 934433
306719 887404
789058 1012394
789058 1306186
789058 1396582
1012394 1306186
1012394 1396582
1306186 1396582
370635 978531
632709 1337084
257780 316745
257780 549370
316745 549370
90827 370635
249250 933665
331157 344300
331157 487133
344300 487133
323398 512027
323398 521297
323398 1084368
323398 1440139
512027 521297
512027 1084368
512027 1440139
521297 1084368
521297 1440139
1084368 1440139
251802 257478
251802 391878
257478 391878
256742 508947
146074 906107
146074 1007369
906107 1007369
32343 479318
270249 1104968
911098 1221932
693231 1139467
231567 795835
73842 767764
57750 156775
57750 194320
156775 194320
1000009 1229616
348501 1317104
389735 627747
193335 1242238
96288 449634
341934 419682
132925 654257
167628 955980
468578 755948
755948 833871
200728 494767
200728 1355703
494767 1355703
280275 1099746
155154 470814
818469 1234272
158206 280224
193248 774548
430153 1096044
158206 1458196
183813 617339
964669 1411058
290067 528549
290067 536828
528549 536828
728124 1466473
1061043 1436154
18890 482038
67773 839117
23053 63297
69927 320461
69927 839117
69927 1437400
320461 839117
320461 1437400
839117 1437400
142557 707973
142557 1178547
707973 1178547
12682 152025
12682 1003627
12682 1364919
152025 1003627
152025 1364919
1003627 1364919
94330 890162
94330 1132903
890162 1132903
1084246 1402998
872172 1524656
839598 1121283
1003627 1200991
564993 660834
564993 1402998
660834 1402998
261999 1440624
166211 1170269
487014 1071219
257460 416116
257460 1215587
416116 1215587
954136 960081
457609 908196
271394 578470
329819 552778
96695 184605
90827 370635
90827 978531
370635 978531
99563 262747
307839 765646
5561 784799
897229 940497
897229 1068326
940497 1068326
613624 1264857
739554 1402115
355856 474421
36858 791523
36858 1259639
791523 1259639
139360 344944
99563 1216938
194870 495714
13338 429149
13338 1401842
429149 1401842
6414 139360
1008353 1050745
265277 365291
320330 613624
320330 1076083
613624 1076083
13338 429149
13338 903157
429149 903157
1005651 1226398
273143 468430
23126 31225
23126 602490
31225 602490
79463 1394812
775697 1002278
46452 472341
363154 377604
255053 954924
313794 916945
313794 916945
289943 940650
111050 1039940
1103298 1247321
375053 1247321
375053 602490
66796 230433
432785 750162
432785 807521
750162 807521
67640 314854
228845 1377212
228711 308907
84969 233428
84969 990719
233428 990719
296056 793023
67484 269493
369051 450853
624857 887821
624857 1539637
887821 1539637
78325 252965
501078 1508867
169030 889562
169030 1058829
889562 1058829
261093 788014
24490 1393950
155003 863283
323996 1434601
211614 490091
469905 1134815
1806 1198661
240987 709570
240987 1327890
709570 1327890
1067797 1457893
37369 531856
37369 1053312
531856 1053312
1386776 1529931
311723 692316
311723 730969
692316 730969
248994 829093
408560 1112460
514226 903527
213400 1125879
175477 1004691
227449 672426
94812 158662
94812 267354
158662 267354
599124 699009
599124 957305
699009 957305
427059 633199
427059 633199
716653 1358615
972291 1119590
470814 1248073
175477 248994
248994 1393215
248994 1523070
1393215 1523070
973743 979564
575378 642046
990994 1415046
990994 1477674
1415046 1477674
562596 874579
642219 1350519
427059 1260167
269683 341166
649480 790739
175477 543781
175477 543781
216559 406719
216559 995173
406719 995173
999073 1239890
999073 1333071
1239890 1333071
530378 601708
530378 1221209
601708 1221209
259175 1273859
340690 1039652
973746 1092385
25078 562007
25078 1081064
562007 1081064
22505 295870
22505 712475
22505 1047578
295870 712475
295870 1047578
712475 1047578
24050 57719
24050 212195
24050 509504
24050 758458
24050 1468456
57719 212195
57719 509504
57719 758458
57719 1468456
212195 509504
212195 758458
212195 1468456
509504 758458
509504 1468456
758458 1468456
434064 686711
487736 639131
1346877 1400511
206241 699392
206241 925215
699392 925215
269437 456927
269437 1037418
456927 1037418
298430 312797
298430 346953
298430 572272
298430 706536
298430 1456580
312797 346953
312797 572272
312797 706536
312797 1456580
346953 572272
346953 706536
346953 1456580
572272 706536
572272 1456580
706536 1456580
212055 593358
78463 80129
78463 429066
78463 570152
78463 1358051
78463 1388164
80129 429066
80129 570152
80129 1358051
80129 1388164
429066 570152
429066 1358051
429066 1388164
570152 1358051
570152 1388164
1358051 1388164
426210 537792
702669 1530802
44333 314734
44333 427411
44333 677408
44333 734103
44333 871732
44333 1436692
314734 427411
314734 677408
314734 734103
314734 871732
314734 1436692
427411 677408
427411 734103
427411 871732
427411 1436692
677408 734103
677408 871732
677408 1436692
734103 871732
734103 1436692
871732 1436692
754338 1151126
27272 1057145
1022388 1182959
786897 1439188
609824 1189429
8534 1167109
44333 314734
44333 427411
314734 427411
238915 538532
238915 967550
238915 968231
238915 1063999
238915 1101731
538532 967550
538532 968231
538532 1063999
538532 1101731
967550 968231
967550 1063999
967550 1101731
968231 1063999
968231 1101731
1063999 1101731
121034 1390662
852798 1514047
350097 817122
350097 1194935
817122 1194935
343741 367659
343741 1380025
367659 1380025
1018789 1152915
426865 563403
426865 563403
586580 757637
586580 1445354
757637 1445354
801377 1357270
801377 1357270
990853 1339007
634701 843026
144303 570104
422447 673786
422447 722238
673786 722238
541842 1324918
343297 515041
692316 730969
123716 541900
280069 784789
147092 1259871
108166 254235
9387 66883
9387 74831
9387 80540
66883 74831
66883 80540
74831 80540
42226 945893
74831 80540
569032 663534
569032 818921
663534 818921
215985 339748
215985 965368
339748 965368
88066 471477
88066 781578
88066 1492352
471477 781578
471477 1492352
781578 1492352
88745 102248
941626 1413082
66883 647970
541900 708916
18329 204273
18329 1353076
204273 1353076
831856 966564
879731 926191
879731 1368450
926191 1368450
65875 110129
66883 1205066
202173 371204
202173 834101
371204 834101
21271 970108
172160 560660
54598 865485
8745 349853
802170 1276575
802170 1429683
1276575 1429683
1072025 1433186
1072025 1500207
1433186 1500207
402555 467376
402555 831652
467376 831652
689499 1114014
198959 831856
560800 1226398
45794 356749
136902 1142745
626285 657706
626285 1518671
657706 1518671
2037 118505
2037 523559
2037 1207054
2037 1280293
118505 523559
118505 1207054
118505 1280293
523559 1207054
523559 1280293
1207054 1280293
495413 573134
1142122 1268455
581863 591823
708801 928098
21878 487860
112562 555301
108472 912506
108472 912506
490432 1258037
248275 1182051
207574 602467
207574 808965
602467 808965
922290 1460034
676181 841843
431854 624196
788407 888567
788407 1137748
888567 1137748
509900 557132
548019 1114975
141438 1208089
160385 1092385
1218123 1374928
829093 1393215
770826 1502522
244649 339224
102111 1145839
882980 1024130
42133 273727
42133 846693
42133 1163738
273727 846693
273727 1163738
846693 1163738
369051 450853
215985 965368
215985 965368
386912 830363
104312 162654
76874 204266
76874 258354
204266 258354
175477 1032774
175477 1032774
1221209 1255576
894549 1221209
129715 1221209
49306 205510
49306 205510
49306 205510
440243 1343768
710724 1054818
710724 1525541
1054818 1525541
648537 1393215
472515 1435878
343925 494827
343925 967115
494827 967115
981214 1521923
222905 376231
222905 1273900
376231 1273900
316964 1023218
417010 849930
75623 994785
416772 1533150
416772 1533150
53604 1039321
277454 749497
617776 1065577
490091 560887
73984 240987
469905 1134815
108166 390404
90758 525666
368438 522343
114271 468641
114271 1116563
468641 1116563
248994 1393215
248994 1523070
1393215 1523070
456294 748825
216918 397859
216918 680418
216918 709839
397859 680418
397859 709839
680418 709839
237729 763876
666 189389
666 619774
666 1339007
189389 619774
189389 1339007
619774 1339007
125776 619774
538642 728359
614120 692316
614120 730969
692316 730969
827558 1504493
136399 275057
9387 80540
115846 286773
148093 747197
219272 472142
120738 844075
120738 844075
89365 786139
115462 406570
115462 639906
406570 639906
338126 942691
221874 819820
5583 141246
35076 619774
22660 230303
527025 1178547
41170 454213
13511 14673
1031418 1413919
262590 937154
821304 911006
275057 744230
275057 1368728
744230 1368728
402229 1120181
73137 88521
73137 1142122
88521 1142122
735420 983914
192762 644537
280617 442775
280617 1493755
280617 1525202
442775 1493755
442775 1525202
1493755 1525202
708822 805937
708822 1185608
708822 1195463
708822 1297800
805937 1185608
805937 1195463
805937 1297800
1185608 1195463
1185608 1297800
1195463 1297800
188368 564490
188368 1176799
188368 1246611
564490 1176799
564490 1246611
1176799 1246611
560916 806335
560916 1435316
806335 1435316
1192156 1532449
925525 953036
243099 602852
264834 479451
264834 560920
479451 560920
560916 806335
560916 806335
936815 962218
86260 230539
86260 387899
86260 657898
86260 754282
86260 854297
86260 1057716
86260 1229540
230539 387899
230539 657898
230539 754282
230539 854297
230539 1057716
230539 1229540
387899 657898
387899 754282
387899 854297
387899 1057716
387899 1229540
657898 754282
657898 854297
657898 1057716
657898 1229540
754282 854297
754282 1057716
754282 1229540
854297 1057716
854297 1229540
1057716 1229540
2037 1072602
2037 1207054
1072602 1207054
719729 1076549
719729 1076549
1026195 1394606
15916 1271397
1452379 1473375
145968 845261
145968 1419794
845261 1419794
16008 206784
16008 325503
16008 395405
16008 541525
16008 622234
16008 643422
16008 879860
206784 325503
206784 395405
206784 541525
206784 622234
206784 643422
206784 879860
325503 395405
325503 541525
325503 622234
325503 643422
325503 879860
395405 541525
395405 622234
395405 643422
395405 879860
541525 622234
541525 643422
541525 879860
622234 643422
622234 879860
643422 879860
849237 1221972
516874 1172350
726059 803295
726059 1253973
803295 1253973
521329 1246611
521329 1290151
1246611 1290151
196111 1191102
511002 914458
312345 318810
477485 1076787
909773 1061022
829093 1523070
8854 541900
175477 1004691
146634 796302
146634 1180115
796302 1180115
73117 923384
586580 605713
794324 1190653
65605 175020
65605 1512426
175020 1512426
769005 1294815
113778 541900
78157 227997
169369 541900
355710 395204
326933 595999
494876 753573
248994 1393215
248994 1523070
1393215 1523070
177159 320978
252296 377155
860187 1092385
117932 954236
299731 835742
93076 339165
93076 416946
339165 416946
133349 1388504
133349 1464367
1388504 1464367
50708 1451038
63326 892528
337409 451901
728197 1157454
419930 1022361
985544 987173
347165 508209
347165 902365
347165 1155180
508209 902365
508209 1155180
902365 1155180
1024725 1500664
289635 746293
801850 953568
289635 1328091
132043 1476170
586580 1476170
881286 1210503
233312 971368
757819 1285884
694549 1265994
34885 461978
449218 595364
120196 1012203
100135 433614
100135 665633
100135 668654
433614 665633
433614 668654
665633 668654
756614 1249173
262614 310981
1238966 1277444
1037662 1475836
29170 703335
175793 441180
112461 540422
320978 785607
276891 756614
877023 1038996
21380 683040
1007769 1178539
8437 524549
8437 804593
524549 804593
385288 487388
1330061 1419470
586580 1155180
165898 247672
578733 949907
38390 462507
191894 772910
902365 1155180
385288 487388
398881 1513630
843950 975550
7018 218130
110413 825346
110413 961122
825346 961122
179912 1333020
770340 1384111
597892 1226650
597892 1497834
1226650 1497834
137674 573005
137674 740734
137674 1369807
573005 740734
573005 1369807
740734 1369807
226816 889042
226816 1109461
889042 1109461
310367 1109461
584249 1236048
309667 967469
567087 1063008
1063008 1107155
340301 817088
340301 1440583
817088 1440583
773691 809283
773691 1185018
809283 1185018
330912 800061
392575 744415
392575 800061
392575 849450
744415 800061
744415 849450
800061 849450
130351 330912
95966 941372
469905 1134815
251775 1524563
727467 969113
116756 173203
116756 1213225
173203 1213225
825804 1104593
495143 897054
460468 657153
970935 1101251
646664 780276
646664 1355942
780276 1355942
19682 119741
19682 772751
19682 1035877
19682 1123533
19682 1505416
119741 772751
119741 1035877
119741 1123533
119741 1505416
772751 1035877
772751 1123533
772751 1505416
1035877 1123533
1035877 1505416
1123533 1505416
681158 927622
263932 653153
263932 785834
263932 1171378
263932 1307104
263932 1515237
653153 785834
653153 1171378
653153 1307104
653153 1515237
785834 1171378
785834 1307104
785834 1515237
1171378 1307104
1171378 1515237
1307104 1515237
56755 399741
56755 819931
56755 832425
56755 1122860
56755 1189168
56755 1390699
399741 819931
399741 832425
399741 1122860
399741 1189168
399741 1390699
819931 832425
819931 1122860
819931 1189168
819931 1390699
832425 1122860
832425 1189168
832425 1390699
1122860 1189168
1122860 1390699
1189168 1390699
98630 221866
98630 1023601
98630 1508314
221866 1023601
221866 1508314
1023601 1508314
1054060 1326183
190420 301422
431363 781461
431363 1317201
431363 1330274
431363 1346729
781461 1317201
781461 1330274
781461 1346729
1317201 1330274
1317201 1346729
1330274 1346729
465167 483739
465167 809294
483739 809294
329574 480174
329574 800055
329574 1102660
329574 1135820
329574 1255599
480174 800055
480174 1102660
480174 1135820
480174 1255599
800055 1102660
800055 1135820
800055 1255599
1102660 1135820
1102660 1255599
1135820 1255599
60754 392008
335944 597112
318181 669377
317546 409382
317546 1076144
409382 1076144
196350 199798
196350 711893
196350 846439
196350 923239
199798 711893
199798 846439
199798 923239
711893 846439
711893 923239
846439 923239
785412 812722
785412 1198908
785412 1436983
812722 1198908
812722 1436983
1198908 1436983
356239 800188
356239 842694
800188 842694
356239 800188
356239 842694
800188 842694
179248 1135820
713610 832626
713610 1135417
713610 1482331
832626 1135417
832626 1482331
1135417 1482331
713610 832626
713610 1135417
713610 1482331
832626 1135417
832626 1482331
1135417 1482331
291131 795967
287357 737535
831856 958251
69737 1219574
761071 779659
453392 598359
453392 1002565
453392 1166358
598359 1002565
598359 1166358
1002565 1166358
127158 244785
324696 954759
324708 809873
329261 1046020
1309786 1413728
281036 1005817
273581 679243
1363781 1508758
153245 874579
963636 1089072
16833 359123
107178 372817
107178 642721
372817 642721
216559 995790
216559 506677
177694 964408
177694 1055918
964408 1055918
390404 673550
8854 310334
355075 1504493
9387 80540
9387 1413295
80540 1413295
117385 655348
251961 279608
251961 583884
279608 583884
401721 611000
844075 1281750
115462 639906
566514 942691
254909 284186
248994 1393215
248994 1523070
1393215 1523070
42891 677163
541900 1212681
109175 1240218
109175 1512215
1240218 1512215
460468 657153
844075 1281750
230660 1266598
611180 628945
275057 975337
176301 328357
176301 328357
677251 1049941
677251 1292895
1049941 1292895
893605 1010555
160873 1318585
73342 157522
73342 248191
73342 458344
73342 607688
73342 925574
157522 248191
157522 458344
157522 607688
157522 925574
248191 458344
248191 607688
248191 925574
458344 607688
458344 925574
607688 925574
885336 1343038
30506 677251
50937 471681
50937 1478251
471681 1478251
52532 283499
175687 490861
56623 69001
366359 592733
572632 781560
211096 971217
544814 801271
158206 280224
268312 290507
8871 255781
383507 422714
371014 957004
843102 1114691
988768 1045607
988768 1268693
1045607 1268693
558230 1036924
245262 592482
238613 861047
911176 917598
1260167 1390299
788473 1153890
594408 991431
594408 1085346
991431 1085346
493799 755948
592997 1253766
63594 684201
42133 467434
42133 846693
42133 1163738
467434 846693
467434 1163738
846693 1163738
244785 461971
130162 489633
1067797 1457893
76598 854920
63328 1292582
836343 1265519
63320 485267
344909 1339007
270840 934776
270840 1245186
934776 1245186
698569 1135049
683624 948160
969422 1311097
44735 734871
98066 143688
98066 727364
143688 727364
282887 938702
192831 305734
192831 827940
305734 827940
1386776 1529931
555108 711941
555108 1505079
711941 1505079
196888 925573
124633 853522
282114 1156268
998695 1251099
13057 698893
32343 1120618
114841 516758
1868 1020093
655434 758458
655434 893465
655434 1468456
758458 893465
758458 1468456
893465 1468456
633207 706431
109601 941800
207439 593201
207439 904534
593201 904534
158206 280224
244774 948457
244774 948457
244774 948457
961341 979240
378353 1142565
192831 571709
192831 848252
571709 848252
79481 964174
558631 1325773
1278077 1325774
79481 964174
79481 964174
79481 234493
79481 632783
234493 632783
50052 703910
409984 748117
236200 488889
224904 474663
224904 511060
474663 511060
91665 616881
244785 383819
371595 986427
182211 783169
106697 899373
668717 1117664
400682 612762
659118 1036173
700023 813600
507821 813600
75638 396955
75638 396955
330784 1334949
347501 1417647
449681 935607
456294 748825
456294 1495647
748825 1495647
340930 1332613
570104 1341287
903253 1117664
18329 699821
563759 1026415
165101 431264
165101 1295759
431264 1295759
62594 754305
62594 1002459
754305 1002459
215312 318895
497333 928198
301523 563759
371247 588876
359123 887283
1598 204068
1598 596570
204068 596570
42133 878645
594671 659538
165101 1295759
276737 1150309
488441 1183124
59234 1526736
60156 230433
60156 793642
230433 793642
167552 241960
281915 566849
52346 886936
842095 1361878
481104 1382610
244774 431086
244774 431086
1109423 1448593
26554 842095
723380 1307477
375088 1020093
375088 1095295
1020093 1095295
89953 836343
89953 1346238
836343 1346238
449681 1365984
268430 336575
268430 383536
336575 383536
558631 1325773
355002 736628
1255953 1391091
270652 301698
270652 344630
301698 344630
241014 848508
241014 871987
848508 871987
468307 1455009
606095 791972
606095 1290703
791972 1290703
225101 1414160
242962 243404
744415 822041
800301 849384
477485 1076787
248994 404303
248994 829093
404303 829093
248994 404303
248994 457211
248994 829093
248994 1523070
404303 457211
404303 829093
404303 1523070
457211 829093
457211 1523070
829093 1523070
175477 1004691
175477 1004691
9387 66883
347165 551304
338812 1294815
1110623 1315922
66883 625022
304734 816095
179984 826879
179984 1144712
826879 1144712
665197 1070173
233052 625664
233052 1084683
625664 1084683
318810 1048156
49576 138446
49576 189584
49576 269719
138446 189584
138446 269719
189584 269719
165571 810293
254057 1049773
536448 1052701
536448 1281750
1052701 1281750
411846 1142122
411846 1379672
1142122 1379672
73137 88521
73137 908082
88521 908082
73137 88521
73137 1358946
88521 1358946
5302 682426
5302 1057698
682426 1057698
306704 854627
713532 821304
713532 911006
821304 911006
897229 940497
897229 1508191
940497 1508191
210044 289152
210044 289152
103583 418337
103583 751180
418337 751180
103583 418337
103583 751180
418337 751180
137699 911006
36249 152402
36249 203779
36249 366546
152402 203779
152402 366546
203779 366546
88435 387948
88435 443702
387948 443702
226375 253215
226375 700432
253215 700432
226375 253215
226375 700432
253215 700432
37980 1111552
358123 426750
358123 807054
426750 807054
358123 426750
358123 807054
426750 807054
506169 1078915
1131132 1533577
1131132 1533577
30506 241210
30506 677251
30506 1494150
241210 677251
241210 1494150
677251 1494150
56623 69001
56623 1435951
69001 1435951
15412 82286
15412 280339
82286 280339
113059 148279
113059 468594
113059 608179
148279 468594
148279 608179
468594 608179
867348 1413010
494479 809036
197731 502759
197729 836818
727467 969113
83756 419155
83756 521857
83756 551733
419155 521857
419155 551733
521857 551733
8854 123716
8854 541900
123716 541900
178964 200710
178964 445985
200710 445985
63747 908196
150743 707973
99828 149730
607395 827666
607395 877482
607395 1237921
827666 877482
827666 1237921
877482 1237921
273442 542751
76709 243989
1494150 1530532
431721 452170
431721 514790
452170 514790
38740 302093
843997 1315922
391236 608259
391236 917535
391236 1200267
608259 917535
608259 1200267
917535 1200267
399877 424616
154382 373171
154382 503628
154382 524053
154382 661428
373171 503628
373171 524053
373171 661428
503628 524053
503628 661428
524053 661428
183813 252336
183813 463826
252336 463826
442176 992750
162001 1020130
889475 1489566
69001 1000179
933717 949847
130647 336280
130647 452620
130647 609679
130647 1461898
336280 452620
336280 609679
336280 1461898
452620 609679
452620 1461898
609679 1461898
485767 602451
485767 1124207
602451 1124207
382237 104764
382237 113778
382237 156432
382237 1482113
382237 626013
382237 432785
382237 338606
382237 510098
104764 113778
104764 156432
104764 1482113
104764 626013
104764 432785
104764 338606
104764 510098
113778 156432
113778 1482113
113778 626013
113778 432785
113778 338606
113778 510098
156432 1482113
156432 626013
156432 432785
156432 338606
156432 510098
1482113 626013
1482113 432785
1482113 338606
1482113 510098
626013 432785
626013 338606
626013 510098
432785 338606
432785 510098
338606 510098
302508 322
302508 139188
322 139188
302508 322
302508 139188
322 139188
926755 1476712
1290695 377604
988968 1074675
888567 1117687
1257127 16958
1007171 285853
676915 797979
747645 447159
1217058 1120843
804462 462386
120360 1394606
120360 1335680
1394606 1335680
978531 1636205
1004719 758135
1636741 1523070
1636741 1223018
1523070 1223018
1507758 1636742
1507758 1523070
1636742 1523070
1573476 1636743
1573476 14088701
1636743 14088701
1038916 143297
1038916 421818
143297 421818
485793 1009130
485793 1115268
1009130 1115268
