243128 460030
243128 708252
460030 708252
149553 290619
149553 294402
149553 708252
149553 742301
149553 1133966
149553 1227068
149553 1442253
290619 294402
290619 708252
290619 742301
290619 1133966
290619 1227068
290619 1442253
294402 708252
294402 742301
294402 1133966
294402 1227068
294402 1442253
708252 742301
708252 1133966
708252 1227068
708252 1442253
742301 1133966
742301 1227068
742301 1442253
1133966 1227068
1133966 1442253
1227068 1442253
72442 742301
72442 639731
72442 742301
639731 742301
823362 999486
823362 1227068
999486 1227068
38650 294402
38650 703763
38650 742301
38650 1048359
38650 1133966
294402 703763
294402 742301
294402 1048359
294402 1133966
703763 742301
703763 1048359
703763 1133966
742301 1048359
742301 1133966
1048359 1133966
300733 934148
1316847 1500737
533397 808473
533397 1413295
808473 1413295
335206 1370777
485460 1378121
485460 1378121
412623 862439
412623 1112987
130162 826662
196045 373293
920073 1122209
402579 1124539
317607 1009438
928294 1508669
368754 377155
1052701 1281750
808473 1413295
705251 849812
576769 1191996
762533 888567
762533 1475683
888567 1475683
180657 489100
1068495 1124661
829403 1230293
829403 1465974
1230293 1465974
707992 720865
279727 493012
412623 862439
128749 654460
108166 390404
108166 593879
390404 593879
264194 881430
22660 230303
37411 992596
926619 1076189
42221 311723
198909 939610
297978 1247321
321659 1052653
165064 284622
165064 1097619
165064 1312526
284622 1097619
284622 1312526
1097619 1312526
165997 389162
405364 456044
119116 570097
119116 851189
119116 892096
570097 851189
570097 892096
851189 892096
49716 1048018
171647 468413
41254 239868
344659 1285464
344659 1479872
1285464 1479872
136255 599820
213249 454660
213249 496875
213249 1171293
213249 1213889
213249 1337758
454660 496875
454660 1171293
454660 1213889
454660 1337758
496875 1171293
496875 1213889
496875 1337758
1171293 1213889
1171293 1337758
1213889 1337758
558743 803249
72873 197725
727451 749640
207199 566431
668768 981389
936285 1531263
81104 1335817
202173 1177203
357990 972439
357990 1099211
972439 1099211
547746 1050241
854619 1145586
854619 1462604
1145586 1462604
105466 152739
105466 270249
152739 270249
105466 152739
105466 1343517
152739 1343517
49716 385625
648882 1057645
35641 744444
35641 1142226
744444 1142226
163229 338037
207813 381746
207813 993286
207813 1298049
381746 993286
381746 1298049
993286 1298049
595 811417
329813 363214
1330490 1400764
15211 518062
17025 1083525
340838 655910
469671 1197161
354625 482926
146893 840726
146893 1270385
840726 1270385
421098 1154883
569131 703793
514930 1178462
805122 1120903
1058693 1108129
13057 41776
188791 896862
364993 1016998
93048 456948
93048 678470
456948 678470
932358 1158906
932358 1264478
1158906 1264478
449797 1218777
801297 1530480
694848 1235028
468836 1354986
38206 568029
38206 1477193
568029 1477193
542892 699009
648045 843946
879627 961341
99828 285859
843924 1508669
37637 535198
666010 1024033
491198 1081173
83756 396955
83756 478074
396955 478074
536448 1281750
478982 862003
988968 1116563
141438 278316
141438 487844
278316 487844
268430 336575
320905 1188293
214320 267354
259105 665197
259105 757127
665197 757127
1062202 1492352
762923 920392
663304 976140
1274611 1517459
360765 1358767
29285 758952
29285 763930
758952 763930
187563 913214
563083 602451
563083 694423
563083 710301
602451 694423
602451 710301
694423 710301
631710 632330
631710 881790
631710 1050781
632330 881790
632330 1050781
881790 1050781
1023745 1109571
1023745 1143776
1023745 1499493
1109571 1143776
1109571 1499493
1143776 1499493
440968 1110162
516448 587547
484847 560918
484847 579829
484847 1207054
560918 579829
560918 1207054
579829 1207054
359345 1099153
308004 638590
46888 913184
154450 981308
657665 1449253
1180447 1366204
257431 672243
99828 365791
415651 1364534
1094649 1502320
37989 689633
723730 793506
723730 904136
723730 914386
723730 1169394
793506 904136
793506 914386
793506 1169394
904136 914386
904136 1169394
914386 1169394
446975 1272210
664894 749497
664894 845514
749497 845514
384486 1301339
555772 832512
1272719 1476712
705268 767019
705268 768574
767019 768574
625022 1125879
351345 361618
197390 688339
72873 197725
230660 896862
368137 583782
368137 1413295
583782 1413295
454213 890433
99828 963489
6375 433983
108865 1476712
1317853 1358156
1317853 1464740
1358156 1464740
117981 322598
527340 1530480
433819 1315922
635922 937584
583782 1413295
159794 921918
230433 775697
412623 827558
994629 1409200
412623 862439
412623 862439
412623 46913
412623 963489
862439 46913
862439 963489
46913 963489
108166 390404
108166 593879
108166 711859
390404 593879
390404 711859
593879 711859
108166 390404
108166 593879
390404 593879
511002 581821
511002 1076787
581821 1076787
460468 476597
460468 1368728
476597 1368728
1050833 1200681
1050833 1472772
1200681 1472772
924575 1082636
99828 108166
794324 46913
794324 963489
46913 963489
165646 413456
165646 617555
413456 617555
6106 564394
6106 1474574
564394 1474574
25544 301949
25544 377155
25544 499466
25544 948325
301949 377155
301949 499466
301949 948325
377155 499466
377155 948325
499466 948325
459927 809699
387215 1230570
275412 519120
66883 625022
155354 835788
861687 1073955
713293 740045
365632 1085033
118056 730545
118056 1222673
730545 1222673
491543 744415
491543 509169
284464 714488
284464 1372113
714488 1372113
759503 1338984
865240 1132667
108166 390404
922155 1267365
377107 1113068
229622 602394
216559 672723
1150932 1397795
1108639 1188204
1108639 1331998
1188204 1331998
116034 867033
636135 678486
294607 920073
598674 1351502
239679 1331058
112327 381554
112327 895719
381554 895719
148264 504968
148264 644334
148264 1373219
148264 1447285
504968 644334
504968 1373219
504968 1447285
644334 1373219
644334 1447285
1373219 1447285
42105 188728
42105 512235
42105 1164988
188728 512235
188728 1164988
512235 1164988
1403206 1443145
46549 879773
46549 1490151
879773 1490151
137823 595851
227816 376884
