220644 534329
420627 569080
113059 1150309
339224 1054091
368198 373293
368198 477062
373293 477062
139912 541576
139912 742301
541576 742301
123934 175640
123934 198398
123934 234883
123934 320133
123934 703763
123934 1442810
175640 198398
175640 234883
175640 320133
175640 703763
175640 1442810
198398 234883
198398 320133
198398 703763
198398 1442810
234883 320133
234883 703763
234883 1442810
320133 703763
320133 1442810
703763 1442810
84452 600529
84452 608032
600529 608032
1171168 1290688
24889 674257
1040760 1468936
378015 397947
378015 1051960
397947 1051960
777908 793476
777908 1169142
793476 1169142
232445 260838
232445 794795
232445 1319605
260838 794795
260838 1319605
794795 1319605
491026 887922
318187 975905
15932 844802
15932 1412046
844802 1412046
637475 1204061
637475 1494068
1204061 1494068
234717 251032
568975 774598
794795 1319605
336478 509789
336478 1432229
336478 1529882
509789 1432229
509789 1529882
1432229 1529882
96188 995963
71767 232445
71767 794795
71767 1319605
232445 794795
232445 1319605
794795 1319605
113739 210460
113739 240058
113739 347001
113739 534028
113739 979771
210460 240058
210460 347001
210460 534028
210460 979771
240058 347001
240058 534028
240058 979771
347001 534028
347001 979771
534028 979771
23386 131719
23386 1506728
131719 1506728
661007 1389164
159767 1385151
425391 1412588
216714 980083
732526 1156301
112972 681075
660439 1391091
660439 1418937
1391091 1418937
291541 829192
291541 881615
829192 881615
14681 1225191
17486 82953
17486 273382
17486 847648
82953 273382
82953 847648
273382 847648
380676 398452
763767 900284
313640 716073
651247 933572
14989 128469
14989 1040354
128469 1040354
17460 118529
17460 243356
17460 399877
17460 975682
17460 1163713
118529 243356
118529 399877
118529 975682
118529 1163713
243356 399877
243356 975682
243356 1163713
399877 975682
399877 1163713
975682 1163713
217 206372
217 1129481
206372 1129481
183823 683509
362490 1027288
61938 208095
61938 615237
61938 834276
61938 873797
61938 875343
61938 920073
208095 615237
208095 834276
208095 873797
208095 875343
208095 920073
615237 834276
615237 873797
615237 875343
615237 920073
834276 873797
834276 875343
834276 920073
873797 875343
873797 920073
875343 920073
91392 135556
91392 1246963
135556 1246963
240060 1260860
101658 858675
33861 1188871
364632 825946
398001 1442729
441745 662959
224944 542730
224944 994271
542730 994271
61059 141832
356497 394935
198964 318470
404226 551797
263655 542730
263655 744874
542730 744874
56734 124467
974973 1166384
101833 176408
101833 506686
101833 1438605
176408 506686
176408 1438605
506686 1438605
74334 241854
74334 551990
241854 551990
507087 507600
507087 673245
507600 673245
13729 365781
13729 1113480
365781 1113480
159794 1427990
8236 317016
251149 341936
1301199 1485771
268283 478377
422440 867271
422440 1083980
867271 1083980
240313 1001504
119114 298504
96449 421607
96449 721414
421607 721414
242572 269345
242572 590369
242572 1295928
242572 1422656
269345 590369
269345 1295928
269345 1422656
590369 1295928
590369 1422656
1295928 1422656
71157 179594
18103 655639
695243 144570
695243 314938
695243 507972
695243 577719
695243 635392
695243 760932
144570 314938
144570 507972
144570 577719
144570 635392
144570 760932
314938 507972
314938 577719
314938 635392
314938 760932
507972 577719
507972 635392
507972 760932
577719 635392
577719 760932
635392 760932
564352 649577
12797 34248
12797 676915
34248 676915
66806 1406628
599516 649103
49943 736971
58801 818469
648842 736971
118945 369509
118945 932870
369509 932870
15769 911904
83065 1137748
77856 818469
191699 503817
106135 1118685
374699 867195
374699 1456461
867195 1456461
399724 1254160
190989 243284
963412 976833
620069 684201
1041193 1370813
292751 1518157
104417 1392524
75238 775697
75238 1130166
75238 1335722
775697 1130166
775697 1335722
1130166 1335722
291795 1118545
291795 1343083
1118545 1343083
106697 894813
106697 899373
894813 899373
798 568357
20517 795648
97308 279482
97308 1002278
279482 1002278
319386 1372502
124554 474309
366561 684201
97818 724706
289955 452935
106697 899373
574528 1029868
574528 1131794
574528 1506400
1029868 1131794
1029868 1506400
1131794 1506400
158206 489879
240313 741502
240313 1001504
741502 1001504
221562 285688
167403 705268
357990 362278
357990 769362
362278 769362
868799 1153982
868799 1153982
182517 458673
182517 1228168
182517 1299720
458673 1228168
458673 1299720
1228168 1299720
1099153 1352982
438503 677067
438503 711067
438503 1123757
677067 711067
677067 1123757
711067 1123757
359884 1347060
586289 1068819
32915 213332
32915 697789
213332 697789
548061 833717
548061 945808
833717 945808
41385 1051619
41385 1518157
1051619 1518157
383459 491998
383459 1358786
491998 1358786
271124 310853
54395 99172
54395 283354
99172 283354
265176 443291
191338 220844
785098 793642
409177 478047
334554 354112
334554 482870
334554 909021
354112 482870
354112 909021
482870 909021
334554 354112
334554 482870
334554 909021
354112 482870
354112 909021
482870 909021
255053 355167
705218 954924
740157 954924
79389 408545
656190 838591
175477 1124776
41542 561812
41542 757227
561812 757227
270652 1370358
176954 182211
176954 740082
182211 740082
202889 207938
559099 1447671
57263 293445
57263 511377
293445 511377
6021 145554
6021 557639
6021 718276
6021 812648
6021 1282401
145554 557639
145554 718276
145554 812648
145554 1282401
557639 718276
557639 812648
557639 1282401
718276 812648
718276 1282401
812648 1282401
143557 581209
474309 489001
474309 693065
474309 793296
474309 952515
474309 1299289
489001 693065
489001 793296
489001 952515
489001 1299289
693065 793296
693065 952515
693065 1299289
793296 952515
793296 1299289
952515 1299289
758324 847523
274537 287601
274537 1068432
287601 1068432
944832 1210315
27892 861017
27892 948809
861017 948809
1112449 1113825
131090 578303
131090 615001
131090 938727
131090 985087
578303 615001
578303 938727
578303 985087
615001 938727
615001 985087
938727 985087
344364 469346
344364 487894
344364 554955
344364 563745
344364 1100234
469346 487894
469346 554955
469346 563745
469346 1100234
487894 554955
487894 563745
487894 1100234
554955 563745
554955 1100234
563745 1100234
350568 1365463
397947 796960
397947 1358786
796960 1358786
108688 1253086
148279 463860
148279 468594
463860 468594
46630 81365
558925 585484
203046 778946
305332 648195
305332 992732
305332 1057880
648195 992732
648195 1057880
992732 1057880
1253086 1331977
230303 586561
230303 1296046
586561 1296046
169266 617695
169266 1248933
617695 1248933
1105259 1238710
88521 197735
88521 557485
88521 1358946
197735 557485
197735 1358946
557485 1358946
545257 812702
545257 866534
545257 1312576
545257 1445507
812702 866534
812702 1312576
812702 1445507
866534 1312576
866534 1445507
1312576 1445507
102913 639518
102913 715780
102913 1110039
639518 715780
639518 1110039
715780 1110039
639293 1201871
13729 661153
20803 265807
78939 373629
78939 522560
78939 570534
78939 583431
78939 1376168
373629 522560
373629 570534
373629 583431
373629 1376168
522560 570534
522560 583431
522560 1376168
570534 583431
570534 1376168
583431 1376168
3505 977470
60746 926286
60746 1309684
926286 1309684
554816 1099877
208587 321778
208587 602209
321778 602209
85978 108630
85978 299282
108630 299282
521117 1181374
477058 1087988
442156 817410
229011 839961
128334 427051
339826 561655
529353 801499
23860 625969
23860 1187868
625969 1187868
291541 881615
118945 932870
27072 194833
27072 797051
27072 883749
194833 797051
194833 883749
797051 883749
13858 525665
7451 349806
7451 369509
349806 369509
7451 349806
7451 369509
349806 369509
316804 1124592
94270 926725
94270 1475999
926725 1475999
316804 1124592
13884 257751
13884 396772
257751 396772
483632 1365104
672861 816223
123757 331150
20517 795648
20517 829136
795648 829136
20517 795648
333756 418197
144250 908321
144250 1338611
908321 1338611
377604 931448
354153 982554
104837 1245687
377384 547801
377384 998359
547801 998359
903433 981064
903433 1062646
981064 1062646
617695 1248933
205811 607688
56943 649283
618403 1301335
36960 1425469
69124 1286407
21230 810533
47006 931448
660439 1391091
269064 360389
269064 378843
269064 666976
269064 1020306
269064 1391774
360389 378843
360389 666976
360389 1020306
360389 1391774
378843 666976
378843 1020306
378843 1391774
666976 1020306
666976 1391774
1020306 1391774
194755 233236
194755 287898
194755 793176
194755 1186202
194755 1306708
233236 287898
233236 793176
233236 1186202
233236 1306708
287898 793176
287898 1186202
287898 1306708
793176 1186202
793176 1306708
1186202 1306708
156043 233531
156043 863168
233531 863168
68612 68721
68612 98317
68612 989231
68721 98317
68721 989231
98317 989231
313669 313682
366492 842990
102728 233297
102728 1445649
102728 1534649
233297 1445649
233297 1534649
1445649 1534649
102482 505390
102482 1116289
505390 1116289
564217 785872
356352 515734
576068 576266
576068 1037800
576266 1037800
112036 549630
112036 624426
549630 624426
122339 227125
655691 1259912
211642 1152628
211642 1472464
1152628 1472464
563798 1301325
28775 785947
345153 1160667
413183 614120
413183 1050864
614120 1050864
147761 410476
147761 831958
410476 831958
138446 149438
138446 244900
138446 298950
138446 320724
138446 449142
138446 470762
138446 473299
138446 559146
138446 630959
138446 1179917
138446 1291853
149438 244900
149438 298950
149438 320724
149438 449142
149438 470762
149438 473299
149438 559146
149438 630959
149438 1179917
149438 1291853
244900 298950
244900 320724
244900 449142
244900 470762
244900 473299
244900 559146
244900 630959
244900 1179917
244900 1291853
298950 320724
298950 449142
298950 470762
298950 473299
298950 559146
298950 630959
298950 1179917
298950 1291853
320724 449142
320724 470762
320724 473299
320724 559146
320724 630959
320724 1179917
320724 1291853
449142 470762
449142 473299
449142 559146
449142 630959
449142 1179917
449142 1291853
470762 473299
470762 559146
470762 630959
470762 1179917
470762 1291853
473299 559146
473299 630959
473299 1179917
473299 1291853
559146 630959
559146 1179917
559146 1291853
630959 1179917
630959 1291853
1179917 1291853
102905 570004
102905 1454516
570004 1454516
280035 993310
171280 1182619
1386002 1502405
1066423 1324004
1066423 1401869
1324004 1401869
71436 244900
71436 1142136
244900 1142136
103939 106209
103939 769154
103939 769232
106209 769154
106209 769232
769154 769232
528104 769232
528104 889576
528104 1027388
769232 889576
769232 1027388
889576 1027388
539778 1104842
81207 121687
370441 816698
370441 1426242
816698 1426242
1088387 1209354
404302 1164496
404302 1237363
1164496 1237363
710783 881642
710783 944445
881642 944445
171291 620285
171291 717454
171291 770654
171291 955959
171291 1253535
620285 717454
620285 770654
620285 955959
620285 1253535
717454 770654
717454 955959
717454 1253535
770654 955959
770654 1253535
955959 1253535
624388 955668
624388 955959
624388 1487574
955668 955959
955668 1487574
955959 1487574
15135 93595
15135 1428180
93595 1428180
503818 989543
503818 991214
989543 991214
520758 1393231
424493 477261
129840 788662
478512 805651
99172 201142
99172 805651
99172 1001929
201142 805651
201142 1001929
805651 1001929
513091 615091
513091 1215278
615091 1215278
968428 1151415
243920 824260
1272062 1325512
833084 1003158
833084 1484822
1003158 1484822
979931 980257
1349797 1516405
146184 216943
146184 854831
146184 1147288
216943 854831
216943 1147288
854831 1147288
390112 1015329
1185030 1211407
176906 564348
269683 545634
187727 1163223
1416312 1473332
898912 1140335
898912 1458672
1140335 1458672
359675 1206449
138958 403080
394935 535287
394935 1099416
535287 1099416
637517 757586
637517 1096654
637517 1509547
757586 1096654
757586 1509547
1096654 1509547
354880 1217555
50873 1072816
220148 735999
754565 786688
754565 1011046
786688 1011046
881642 944445
372706 382437
372706 477258
372706 529679
372706 712648
382437 477258
382437 529679
382437 712648
477258 529679
477258 712648
529679 712648
274337 278449
812896 1243664
705683 1003569
636260 687093
636260 1399701
687093 1399701
940735 1112385
450025 1113480
450025 1248073
1113480 1248073
70549 1361849
472843 514819
472843 958095
472843 1354369
514819 958095
514819 1354369
958095 1354369
347572 709801
347572 887955
347572 1390871
709801 887955
709801 1390871
887955 1390871
147516 413643
403334 563024
403334 575428
403334 809448
403334 1242689
403334 1246648
563024 575428
563024 809448
563024 1242689
563024 1246648
575428 809448
575428 1242689
575428 1246648
809448 1242689
809448 1246648
1242689 1246648
9079 477561
9079 571805
9079 713541
9079 1007444
477561 571805
477561 713541
477561 1007444
571805 713541
571805 1007444
713541 1007444
80622 1530577
208207 598510
361486 1225018
99964 183075
99964 1245206
183075 1245206
82286 294346
82286 585484
82286 1290135
294346 585484
294346 1290135
585484 1290135
976883 1243405
517858 571268
517858 1054236
571268 1054236
373170 695624
373170 860303
695624 860303
17352 203931
17352 389731
203931 389731
575428 618105
575428 809448
575428 864644
575428 1403695
575428 1481366
618105 809448
618105 864644
618105 1403695
618105 1481366
809448 864644
809448 1403695
809448 1481366
864644 1403695
864644 1481366
1403695 1481366
207133 416999
207133 807537
207133 1436052
416999 807537
416999 1436052
807537 1436052
130351 550209
130351 1001915
130351 1092775
550209 1001915
550209 1092775
1001915 1092775
427249 1126945
6021 145554
6021 337601
6021 557639
6021 812648
6021 933487
6021 1084221
6021 1282401
145554 337601
145554 557639
145554 812648
145554 933487
145554 1084221
145554 1282401
337601 557639
337601 812648
337601 933487
337601 1084221
337601 1282401
557639 812648
557639 933487
557639 1084221
557639 1282401
812648 933487
812648 1084221
812648 1282401
933487 1084221
933487 1282401
1084221 1282401
1186958 1493294
537281 1516286
285459 1405689
567774 722262
125538 179524
125538 529616
125538 685775
125538 1172240
179524 529616
179524 685775
179524 1172240
529616 685775
529616 1172240
685775 1172240
230303 586561
891942 1087210
244039 1376062
832782 877718
200012 882549
200012 1071546
882549 1071546
1076189 1525115
399877 471290
399877 882549
399877 1361047
471290 882549
471290 1361047
882549 1361047
45899 365749
45899 439663
45899 1535788
365749 439663
365749 1535788
439663 1535788
413916 619009
413916 1121329
619009 1121329
1013859 1258474
344852 600287
128342 839758
128342 952745
128342 1228863
128342 1245097
128342 1476478
128342 1522712
839758 952745
839758 1228863
839758 1245097
839758 1476478
839758 1522712
952745 1228863
952745 1245097
952745 1476478
952745 1522712
1228863 1245097
1228863 1476478
1228863 1522712
1245097 1476478
1245097 1522712
1476478 1522712
124812 697078
124812 1539148
697078 1539148
702124 934950
702124 1526732
934950 1526732
454725 1188025
454725 1453708
1188025 1453708
412623 1221221
916768 1261077
402579 784789
402579 916768
784789 916768
538518 1251732
458014 856014
916768 1070173
916768 1261077
1070173 1261077
37209 326205
37209 570109
37209 837357
326205 570109
326205 837357
570109 837357
116606 821915
116606 821915
402229 700665
67382 694714
67382 1513946
694714 1513946
458014 789460
458014 898040
789460 898040
1055989 1410750
267354 1050542
426865 1192262
586289 1068819
330267 754674
330267 972760
330267 1471249
754674 972760
754674 1471249
972760 1471249
200042 784789
75928 1120181
75928 1494557
1120181 1494557
48280 848263
313640 575093
404764 459294
404764 537077
459294 537077
118865 889117
94815 481862
90454 661153
765689 1172726
765689 1446850
1172726 1446850
537077 716073
473735 529990
473735 701714
473735 1191996
529990 701714
529990 1191996
701714 1191996
1185079 1286614
95171 204926
95171 222058
95171 222413
95171 379504
95171 745793
95171 973742
204926 222058
204926 222413
204926 379504
204926 745793
204926 973742
222058 222413
222058 379504
222058 745793
222058 973742
222413 379504
222413 745793
222413 973742
379504 745793
379504 973742
745793 973742
784789 1124207
430196 682491
430196 760836
430196 868527
430196 886979
430196 959487
430196 1115105
430196 1353683
430196 1388276
430196 1467104
682491 760836
682491 868527
682491 886979
682491 959487
682491 1115105
682491 1353683
682491 1388276
682491 1467104
760836 868527
760836 886979
760836 959487
760836 1115105
760836 1353683
760836 1388276
760836 1467104
868527 886979
868527 959487
868527 1115105
868527 1353683
868527 1388276
868527 1467104
886979 959487
886979 1115105
886979 1353683
886979 1388276
886979 1467104
959487 1115105
959487 1353683
959487 1388276
959487 1467104
1115105 1353683
1115105 1388276
1115105 1467104
1353683 1388276
1353683 1467104
1388276 1467104
108472 765627
273442 569131
76275 314208
76275 346802
314208 346802
568094 1319540
565015 594408
155516 416720
7071 46888
81434 663335
81434 816223
663335 816223
816223 907127
514751 1212290
1307338 1372861
1307338 1372861
83155 280035
482705 733745
482705 887575
482705 1067528
733745 887575
733745 1067528
887575 1067528
317016 995190
323167 1060775
78417 236812
21603 316315
21603 770457
21603 1087235
316315 770457
316315 1087235
770457 1087235
15135 93595
138958 403080
15914 1113480
15914 1248073
1113480 1248073
1252 372666
1252 442304
1252 513668
372666 442304
372666 513668
442304 513668
101833 176408
101833 506686
101833 1438605
176408 506686
176408 1438605
506686 1438605
204274 1230997
881086 1527392
768582 908599
840502 1472446
99582 270249
163150 380381
878144 1532842
173216 258905
173216 1068836
258905 1068836
1408482 1479091
135843 820062
175062 546963
83360 1043695
526119 535097
526119 1284447
535097 1284447
228142 1066428
312788 950872
886561 1422133
118380 663335
118380 672861
118380 816223
118380 907127
663335 672861
663335 816223
663335 907127
672861 816223
672861 907127
816223 907127
269693 290420
667369 711453
326205 570109
106076 287418
743673 1480881
541571 963667
541571 1212958
541571 1216861
963667 1212958
963667 1216861
1212958 1216861
134720 346763
614851 642762
758508 926464
306428 758508
497958 1106770
595999 1015330
25917 959933
1494557 1513946
196045 963489
196045 1004665
963489 1004665
41273 402229
41273 779228
402229 779228
218953 224193
218953 235741
218953 411251
218953 604016
224193 235741
224193 411251
224193 604016
235741 411251
235741 604016
411251 604016
156445 169369
156445 753340
169369 753340
242514 645206
242514 784789
242514 1124207
645206 784789
645206 1124207
784789 1124207
169982 586580
169982 757637
586580 757637
136399 523314
136399 758508
136399 876032
136399 985236
523314 758508
523314 876032
523314 985236
758508 876032
758508 985236
876032 985236
136399 401721
136399 1494557
401721 1494557
75928 1408674
75928 1494557
1408674 1494557
32338 482447
32338 963489
32338 46913
482447 963489
482447 46913
963489 46913
172070 942691
264129 402579
277528 779228
1828 210720
66883 911904
109464 967565
109464 1090316
967565 1090316
245097 1108156
1144421 1174717
5155 112892
1275481 1282028
58500 641760
532201 743120
46513 535589
46513 937745
535589 937745
1513442 1539320
1513442 1539320
581053 1137240
29714 37673
29714 122923
29714 230433
29714 1008780
37673 122923
37673 230433
37673 1008780
122923 230433
122923 1008780
230433 1008780
850046 1190253
949604 1241056
760912 800730
442577 838322
77856 818469
109089 175477
109089 255053
109089 954924
175477 255053
175477 954924
255053 954924
535198 879246
448131 1026582
228484 383492
109089 175477
109089 175477
624360 793486
175477 248994
175477 343549
248994 343549
175648 714813
175648 1067381
175648 1118685
714813 1067381
714813 1118685
1067381 1118685
42133 287126
306273 720057
752003 1157839
263770 285853
5409 936164
5409 963955
936164 963955
241149 713301
241149 1413796
241149 1523135
713301 1413796
713301 1523135
1413796 1523135
900816 951744
900816 1530947
951744 1530947
861229 1278237
718966 1179062
718966 1305063
1179062 1305063
107696 187948
107696 1008127
187948 1008127
5589 148103
524827 1041485
524827 1117628
1041485 1117628
99510 122852
172073 207954
712555 809081
5773 312648
5773 648396
312648 648396
701965 1038992
1081055 1367957
84468 644149
600568 637822
137674 740734
60175 1308160
514627 538785
514627 821535
538785 821535
398819 681833
398819 1039934
681833 1039934
467725 494875
469905 1534620
368069 585576
136399 1233939
386474 1233939
8854 131476
175477 629029
175477 1004691
629029 1004691
175477 1004691
255053 355167
975258 1146103
508780 718069
502466 763876
217122 486470
217122 1535240
486470 1535240
269693 290420
269693 891213
290420 891213
364498 552192
328730 1151331
805428 827558
189080 270129
9786 160338
277865 653708
277865 1388369
653708 1388369
36221 684201
36221 852709
684201 852709
273905 644892
273905 1046860
644892 1046860
287108 1320553
162800 580083
639902 719514
639902 1507857
719514 1507857
362278 660144
483423 1466064
209080 795050
366561 684201
284224 299445
284224 321258
299445 321258
767587 937231
553546 915037
711941 1093747
711941 1389408
1093747 1389408
416866 1159833
416866 1416927
1159833 1416927
634701 692316
634701 784836
634701 843026
692316 784836
692316 843026
784836 843026
280719 1097168
794945 819695
187831 258182
187831 660116
187831 682848
258182 660116
258182 682848
660116 682848
672685 1353714
28201 284887
28201 845409
284887 845409
191986 670170
582869 880658
24429 261262
24429 385661
24429 1453208
261262 385661
261262 1453208
385661 1453208
340364 722553
340364 1170134
722553 1170134
64110 203284
409177 478047
561577 974838
561577 1032310
561577 1226181
974838 1032310
974838 1226181
1032310 1226181
203977 232159
402725 432060
254057 472706
243284 684236
801941 1030954
113237 1376894
795891 866687
399036 538747
70235 1363449
284282 318501
284282 1445161
318501 1445161
84529 404224
318501 1445161
66565 896847
576338 801318
576338 1524656
801318 1524656
106697 899373
707100 890118
707100 1024123
707100 1050129
707100 1054854
707100 1383512
890118 1024123
890118 1050129
890118 1054854
890118 1383512
1024123 1050129
1024123 1054854
1024123 1383512
1050129 1054854
1050129 1383512
1054854 1383512
409154 487792
14325 160938
14325 173581
14325 211498
14325 638335
14325 693065
160938 173581
160938 211498
160938 638335
160938 693065
173581 211498
173581 638335
173581 693065
211498 638335
211498 693065
638335 693065
52762 724888
256584 634084
14989 128469
14989 311054
14989 367508
14989 835261
14989 1040354
14989 1457891
128469 311054
128469 367508
128469 835261
128469 1040354
128469 1457891
311054 367508
311054 835261
311054 1040354
311054 1457891
367508 835261
367508 1040354
367508 1457891
835261 1040354
835261 1457891
1040354 1457891
302346 443401
1185079 1286614
270717 403423
42706 62906
42706 143792
42706 387185
62906 143792
62906 387185
143792 387185
389061 1390084
23657 1390084
1105259 1238710
203058 223999
203058 321104
203058 876875
223999 321104
223999 876875
321104 876875
223999 870066
223999 951038
870066 951038
66057 223999
66057 297089
66057 318684
66057 534798
223999 297089
223999 318684
223999 534798
297089 318684
297089 534798
318684 534798
197724 302226
677792 832074
677792 1184446
677792 1241270
832074 1184446
832074 1241270
1184446 1241270
655216 907726
655216 1240411
907726 1240411
509552 953789
672180 1376394
80431 186428
256584 799905
422682 1330850
527887 1126478
291478 359947
91729 200930
91729 655602
200930 655602
745650 833717
84063 594671
84063 676634
594671 676634
29714 37673
29714 122923
29714 230433
29714 1008780
37673 122923
37673 230433
37673 1008780
122923 230433
122923 1008780
230433 1008780
669956 1078404
1066000 1319540
228057 300708
228057 349574
228057 375539
300708 349574
300708 375539
349574 375539
1002845 1048777
1002845 1534628
1048777 1534628
801579 1512583
303782 966647
711531 1013364
209080 350342
209080 806417
209080 1023460
350342 806417
350342 1023460
806417 1023460
1115105 1354253
80431 576918
464611 1160504
62709 382251
139582 524907
144178 453794
144178 896933
453794 896933
324062 469346
324062 626769
324062 720574
469346 626769
469346 720574
626769 720574
407503 941991
86990 327973
86990 335092
86990 1035585
327973 335092
327973 1035585
335092 1035585
3992 88524
187948 1008127
68679 186722
678107 1415730
74016 1245428
74016 1358450
74016 1434940
1245428 1358450
1245428 1434940
1358450 1434940
26895 1353208
797038 964130
711202 1035136
338206 425329
338206 736160
338206 990985
425329 736160
425329 990985
736160 990985
813372 1139831
813372 1151629
1139831 1151629
640918 835897
689740 1212304
320697 1341935
37637 614225
37637 867442
614225 867442
125743 132053
125743 1476712
132053 1476712
11205 394188
11205 419757
394188 419757
96899 517320
96899 1054116
517320 1054116
176385 662590
176385 1476712
662590 1476712
274593 743787
274593 1396733
743787 1396733
147761 980689
29306 75966
29306 212445
29306 1152176
75966 212445
75966 1152176
212445 1152176
45226 1188621
311851 621762
131090 615001
343380 725632
343380 630121
343380 1527392
630121 1527392
133405 295642
696719 857796
481341 1350224
17776 716669
48146 889372
48146 1386404
889372 1386404
26822 236234
693065 753855
693065 770067
693065 1394497
753855 770067
753855 1394497
770067 1394497
852914 1385391
783169 965643
329985 397358
274988 1242017
788922 892017
788922 1468247
892017 1468247
151064 299776
151064 327051
299776 327051
366561 684201
261924 657151
28201 284887
28201 1020309
284887 1020309
215854 1157415
342996 715590
224647 657156
767587 937231
720061 950202
504962 747197
444022 1274343
108323 744237
280719 1097168
80431 576918
301972 649084
301972 730806
649084 730806
1598 160762
676516 1528864
715810 1097168
80431 1297309
80431 1421618
1297309 1421618
35500 619331
35500 1086102
619331 1086102
504962 747197
849994 1246654
23957 821215
23957 936903
821215 936903
35527 904708
273905 410098
273905 1000179
273905 1046860
410098 1000179
410098 1046860
1000179 1046860
481631 681189
481631 1105012
681189 1105012
125743 176385
125743 353779
125743 705955
125743 1476712
176385 353779
176385 705955
176385 1476712
353779 705955
353779 1476712
705955 1476712
409154 487792
798 38690
798 374618
798 1357777
798 1435518
38690 374618
38690 1357777
38690 1435518
374618 1357777
374618 1435518
1357777 1435518
225316 712178
1598 869545
306630 334164
306630 497404
306630 639293
306630 1022250
306630 1107371
334164 497404
334164 639293
334164 1022250
334164 1107371
497404 639293
497404 1022250
497404 1107371
639293 1022250
639293 1107371
1022250 1107371
273727 385827
273727 558631
385827 558631
236055 421066
236055 911006
421066 911006
17486 82953
17486 273382
17486 324111
17486 396496
17486 847648
82953 273382
82953 324111
82953 396496
82953 847648
273382 324111
273382 396496
273382 847648
324111 396496
324111 847648
396496 847648
323532 609679
444663 777034
444663 823983
444663 1374398
444663 1381827
777034 823983
777034 1374398
777034 1381827
823983 1374398
823983 1381827
1374398 1381827
26471 510298
26471 1118753
26471 1187094
510298 1118753
510298 1187094
1118753 1187094
319890 707100
319890 1054854
319890 1150918
707100 1054854
707100 1150918
1054854 1150918
82563 393158
82563 452780
82563 1260167
82563 1506175
393158 452780
393158 1260167
393158 1506175
452780 1260167
452780 1506175
1260167 1506175
27767 421940
27767 569131
27767 590981
27767 864951
27767 1534562
421940 569131
421940 590981
421940 864951
421940 1534562
569131 590981
569131 864951
569131 1534562
590981 864951
590981 1534562
864951 1534562
618410 991097
105054 309658
105054 619199
105054 923626
105054 1153096
309658 619199
309658 923626
309658 1153096
619199 923626
619199 1153096
923626 1153096
384080 557257
186473 404764
186473 437900
186473 537077
404764 437900
404764 537077
437900 537077
315285 327071
677067 1183646
93252 418146
93252 430538
93252 1174741
418146 430538
418146 1174741
430538 1174741
200621 483149
200621 782222
200621 784746
483149 782222
483149 784746
782222 784746
166197 242869
166197 669826
242869 669826
388643 1487740
106663 129567
69911 495129
69911 851915
495129 851915
194100 312797
194100 1163622
194100 1354103
194100 1365636
312797 1163622
312797 1354103
312797 1365636
1163622 1354103
1163622 1365636
1354103 1365636
129175 384439
129175 782230
129175 1404326
129175 1454908
384439 782230
384439 1404326
384439 1454908
782230 1404326
782230 1454908
1404326 1454908
126046 169399
126046 373209
126046 1319065
169399 373209
169399 1319065
373209 1319065
95321 508695
95321 1268259
508695 1268259
46751 1208748
65605 1350519
65605 1512426
1350519 1512426
338062 634003
338062 966478
634003 966478
156819 378318
156819 430416
156819 447102
156819 668969
156819 700854
156819 1220865
156819 1267641
156819 1271851
378318 430416
378318 447102
378318 668969
378318 700854
378318 1220865
378318 1267641
378318 1271851
430416 447102
430416 668969
430416 700854
430416 1220865
430416 1267641
430416 1271851
447102 668969
447102 700854
447102 1220865
447102 1267641
447102 1271851
668969 700854
668969 1220865
668969 1267641
668969 1271851
700854 1220865
700854 1267641
700854 1271851
1220865 1267641
1220865 1271851
1267641 1271851
236196 501184
236196 1023659
236196 1458161
501184 1023659
501184 1458161
1023659 1458161
51385 677293
51385 1247772
677293 1247772
393103 822586
2213 26050
2213 393103
2213 822586
26050 393103
26050 822586
393103 822586
6793 540001
130560 562869
532201 743120
921692 1525475
363154 1534337
87814 191936
456585 707207
617695 1248933
622197 1314404
22705 1114035
328967 362309
106749 805219
60249 62105
60249 887309
60249 1145980
62105 887309
62105 1145980
887309 1145980
576187 642978
343547 478337
343547 1240590
478337 1240590
37674 155154
44407 1105433
44407 1228280
44407 1297151
1105433 1228280
1105433 1297151
1228280 1297151
822151 961239
1180975 1243405
375444 428835
375444 434263
375444 763128
375444 798603
375444 877244
375444 891483
375444 961807
375444 1046031
375444 1138515
428835 434263
428835 763128
428835 798603
428835 877244
428835 891483
428835 961807
428835 1046031
428835 1138515
434263 763128
434263 798603
434263 877244
434263 891483
434263 961807
434263 1046031
434263 1138515
763128 798603
763128 877244
763128 891483
763128 961807
763128 1046031
763128 1138515
798603 877244
798603 891483
798603 961807
798603 1046031
798603 1138515
877244 891483
877244 961807
877244 1046031
877244 1138515
891483 961807
891483 1046031
891483 1138515
961807 1046031
961807 1138515
1046031 1138515
551902 783424
551902 989959
783424 989959
200901 1117157
215312 871757
215312 1321542
871757 1321542
366561 684201
449681 760993
343297 1029404
267607 366432
267607 1443489
366432 1443489
938727 1525115
237601 641222
417171 508133
417171 612929
508133 612929
342996 715590
187262 703909
242922 428725
1181968 1396364
442992 629700
442992 831958
442992 1007039
442992 1098928
442992 1494347
629700 831958
629700 1007039
629700 1098928
629700 1494347
831958 1007039
831958 1098928
831958 1494347
1007039 1098928
1007039 1494347
1098928 1494347
798 408282
530213 677176
530213 879923
530213 960183
530213 1506728
677176 879923
677176 960183
677176 1506728
879923 960183
879923 1506728
960183 1506728
247289 1339015
892017 1468247
80431 186428
3490 106172
527887 1126478
611220 820993
798 999174
397947 796960
397947 1404931
796960 1404931
346385 838938
218059 807521
433672 758594
159275 310894
5201 977721
48546 964651
48546 964997
48546 1140789
964651 964997
964651 1140789
964997 1140789
232045 1183585
104181 466375
104181 721025
466375 721025
6826 220447
6826 631701
220447 631701
2877 951377
285803 528304
550637 1038774
550637 1239515
550637 1248966
1038774 1239515
1038774 1248966
1239515 1248966
26627 129691
149327 1210550
149327 1220867
1210550 1220867
36802 1156868
36802 1248966
1156868 1248966
1154859 1508765
153817 774116
153817 1098735
774116 1098735
426233 692419
245376 453972
137907 886644
137907 1505681
886644 1505681
396748 1271897
434798 893036
434798 923167
893036 923167
149327 243306
149327 456529
149327 909935
149327 1064290
149327 1210550
149327 1220867
149327 1256642
243306 456529
243306 909935
243306 1064290
243306 1210550
243306 1220867
243306 1256642
456529 909935
456529 1064290
456529 1210550
456529 1220867
456529 1256642
909935 1064290
909935 1210550
909935 1220867
909935 1256642
1064290 1210550
1064290 1220867
1064290 1256642
1210550 1220867
1210550 1256642
1220867 1256642
1020093 1228947
801537 1365534
204312 932441
644752 1313584
1126539 1432028
155680 1010621
107712 1108455
396955 1394731
548801 873060
87315 145438
87315 408047
87315 1332383
145438 408047
145438 1332383
408047 1332383
194389 804919
194389 1223766
194389 1314723
804919 1223766
804919 1314723
1223766 1314723
166492 238190
166492 505890
166492 1042155
238190 505890
238190 1042155
505890 1042155
634019 688856
129775 180112
129775 226995
180112 226995
342241 953931
211666 1515119
714839 1011160
47437 147654
848337 939238
189233 355445
189233 596570
189233 673664
355445 596570
355445 673664
596570 673664
355445 596570
345256 610384
345256 1000975
610384 1000975
189233 355445
189233 596570
189233 673664
189233 786042
355445 596570
355445 673664
355445 786042
596570 673664
596570 786042
673664 786042
109828 816791
575518 774116
575518 817773
575518 1378995
774116 817773
774116 1378995
817773 1378995
98489 882549
98489 1071546
98489 1457335
882549 1071546
882549 1457335
1071546 1457335
845519 1099626
21246 39999
21246 95171
21246 135471
21246 204926
21246 222413
21246 379504
21246 394859
21246 518728
21246 745793
21246 973742
39999 95171
39999 135471
39999 204926
39999 222413
39999 379504
39999 394859
39999 518728
39999 745793
39999 973742
95171 135471
95171 204926
95171 222413
95171 379504
95171 394859
95171 518728
95171 745793
95171 973742
135471 204926
135471 222413
135471 379504
135471 394859
135471 518728
135471 745793
135471 973742
204926 222413
204926 379504
204926 394859
204926 518728
204926 745793
204926 973742
222413 379504
222413 394859
222413 518728
222413 745793
222413 973742
379504 394859
379504 518728
379504 745793
379504 973742
394859 518728
394859 745793
394859 973742
518728 745793
518728 973742
745793 973742
98374 397675
379955 537295
118865 889117
825498 1020918
630608 857485
859979 1106051
859979 1199891
1106051 1199891
222058 428725
222058 1494150
428725 1494150
676044 680418
568094 1319540
173871 446369
173871 1294017
446369 1294017
43689 173433
43689 204133
173433 204133
120924 1002570
120924 1032574
1002570 1032574
519421 601220
218413 394105
218413 496515
394105 496515
83886 319768
83886 1098859
319768 1098859
511832 793948
131090 615001
511832 793948
270464 368495
270464 585222
270464 1540138
368495 585222
368495 1540138
585222 1540138
83155 280035
83155 577360
280035 577360
953363 1158979
483632 1365104
19194 574523
142557 1533541
80175 985682
80175 1260366
985682 1260366
234133 673269
662737 797979
206682 370275
206682 428032
206682 470860
206682 504731
206682 569842
206682 581365
206682 647798
206682 672734
206682 870726
206682 970102
206682 1228401
370275 428032
370275 470860
370275 504731
370275 569842
370275 581365
370275 647798
370275 672734
370275 870726
370275 970102
370275 1228401
428032 470860
428032 504731
428032 569842
428032 581365
428032 647798
428032 672734
428032 870726
428032 970102
428032 1228401
470860 504731
470860 569842
470860 581365
470860 647798
470860 672734
470860 870726
470860 970102
470860 1228401
504731 569842
504731 581365
504731 647798
504731 672734
504731 870726
504731 970102
504731 1228401
569842 581365
569842 647798
569842 672734
569842 870726
569842 970102
569842 1228401
581365 647798
581365 672734
581365 870726
581365 970102
581365 1228401
647798 672734
647798 870726
647798 970102
647798 1228401
672734 870726
672734 970102
672734 1228401
870726 970102
870726 1228401
970102 1228401
369069 843110
369069 894587
843110 894587
254354 673269
254354 738588
673269 738588
58377 365567
62674 904708
37674 155154
46078 555493
409154 487792
385794 1153010
106433 827558
576139 576187
576139 1249207
576187 1249207
160708 597499
221874 819820
97979 478216
604231 628566
604231 759224
628566 759224
778567 824049
334554 354112
334554 482870
334554 909021
354112 482870
354112 909021
482870 909021
1047507 1160762
335556 1196472
335556 1196472
335556 1196472
830496 1509403
755247 819019
185340 693967
409089 1211513
17348 338733
138459 752481
72467 1437035
40444 84772
40444 200991
40444 631671
40444 994351
84772 200991
84772 631671
84772 994351
200991 631671
200991 994351
631671 994351
96899 517320
96899 1054116
96899 1513831
517320 1054116
517320 1513831
1054116 1513831
771942 846370
771942 1526266
846370 1526266
367327 501001
718966 1179062
718966 1305063
1179062 1305063
70890 298638
70890 1446850
298638 1446850
539177 975405
569395 703763
569395 1255638
703763 1255638
765689 1172726
765689 1446850
1172726 1446850
223692 1033581
784 1440122
54481 488393
54481 588774
488393 588774
169125 261733
169125 482685
261733 482685
600568 637822
483345 516795
483345 1106212
516795 1106212
8854 381009
8854 1504493
381009 1504493
154744 381009
60572 212172
75238 775697
468594 677251
1185079 1286614
939782 979257
144224 829093
212172 475458
322127 718069
322127 784789
718069 784789
645206 784789
126768 150771
126768 899567
126768 917137
150771 899567
150771 917137
899567 917137
439087 677251
185764 540325
185764 872822
185764 1391497
540325 872822
540325 1391497
872822 1391497
26822 591674
75238 775697
75238 833571
775697 833571
91683 106264
30506 510178
336807 1191060
524370 619781
524370 635727
524370 705179
619781 635727
619781 705179
635727 705179
46630 853765
215946 443677
58801 113059
58801 117385
113059 117385
156445 364498
424166 468594
424166 1253086
468594 1253086
708094 744230
502466 536091
468594 584078
468594 1311417
468594 1362293
584078 1311417
584078 1362293
1311417 1362293
468594 584078
468594 1311417
468594 1362293
584078 1311417
584078 1362293
1311417 1362293
33277 149492
33277 540910
470359 524370
1828 1032271
15769 911904
86367 800028
86367 936164
800028 936164
9387 51846
9387 107882
9387 509900
51846 107882
51846 509900
107882 509900
113059 332977
51080 51148
51080 787123
51148 787123
108688 1253086
25938 638966
222058 428725
222058 585591
222058 638442
222058 1494150
428725 585591
428725 638442
428725 1494150
585591 638442
585591 1494150
638442 1494150
387302 1170833
403080 412623
113059 332977
227686 260794
227686 295346
260794 295346
329063 1393215
131476 274827
131476 937154
274827 937154
395901 395910
549611 549625
763767 900284
398371 459927
108461 1026133
548012 635727
548012 821535
635727 821535
385906 844571
30168 93298
30168 586933
30168 591195
30168 1301267
93298 586933
93298 591195
93298 1301267
586933 591195
586933 1301267
591195 1301267
205222 585484
433819 704657
433819 1169337
704657 1169337
145554 812648
50350 211563
525285 994389
13340 385906
221874 819820
97270 541900
97270 1481635
541900 1481635
75143 670270
152849 172895
719764 1368728
586561 1039543
91683 106264
364498 433819
364498 1378660
433819 1378660
158916 329063
37637 867442
37637 1247857
37637 1329196
37637 1352338
867442 1247857
867442 1329196
867442 1352338
1247857 1329196
1247857 1352338
1329196 1352338
418790 1078007
967565 1090316
137674 740734
598925 1099124
457625 1474634
212172 475458
467158 496506
467158 1201043
496506 1201043
896933 1139752
201018 270129
136402 367310
598925 1099124
479258 1252505
297651 331905
297651 1488020
331905 1488020
427282 781237
39649 780821
780821 811267
780821 1343542
811267 1343542
427282 515305
37499 78791
80622 1530577
145402 249250
145402 314560
145402 371894
145402 395630
145402 568432
145402 1027530
145402 1467397
145402 1506373
249250 314560
249250 371894
249250 395630
249250 568432
249250 1027530
249250 1467397
249250 1506373
314560 371894
314560 395630
314560 568432
314560 1027530
314560 1467397
314560 1506373
371894 395630
371894 568432
371894 1027530
371894 1467397
371894 1506373
395630 568432
395630 1027530
395630 1467397
395630 1506373
568432 1027530
568432 1467397
568432 1506373
1027530 1467397
1027530 1506373
1467397 1506373
754469 1125209
754469 1305990
1125209 1305990
189265 1055392
376419 655398
376419 785444
655398 785444
200838 791003
200838 797071
791003 797071
261568 532315
150149 547344
145402 249250
257751 396772
583313 1327479
261568 532315
78739 559879
78739 1379854
559879 1379854
306405 1178880
38635 45335
38635 664327
45335 664327
97308 144735
182517 1228168
182517 1299720
1228168 1299720
192075 1404326
192075 1454908
1404326 1454908
1002807 1233873
1002807 1492251
1233873 1492251
1059672 1492352
896091 933312
327761 409095
327761 491536
327761 619774
409095 491536
409095 619774
491536 619774
141110 415251
23849 833717
374789 561812
112378 989947
112378 1041652
989947 1041652
214505 504926
214505 1420065
504926 1420065
66565 70227
66565 1167213
70227 1167213
525151 1002845
525151 1048777
1002845 1048777
318501 1445161
3474 204410
428305 791189
428305 888374
428305 889363
791189 888374
791189 889363
888374 889363
384674 1229341
384674 1320929
384674 1355939
1229341 1320929
1229341 1355939
1320929 1355939
321104 1335309
745650 833717
32915 636871
363198 628280
63090 736173
9074 1029868
1102253 1513736
35538 290156
35538 311626
35538 463654
35538 589333
35538 894815
35538 1481317
290156 311626
290156 463654
290156 589333
290156 894815
290156 1481317
311626 463654
311626 589333
311626 894815
311626 1481317
463654 589333
463654 894815
463654 1481317
589333 894815
589333 1481317
894815 1481317
491803 1366265
1029868 1131794
1029868 1506400
1131794 1506400
452779 1486223
374303 674632
374303 847497
374303 1184430
674632 847497
674632 1184430
847497 1184430
521226 753410
96540 377828
96540 832212
377828 832212
85446 1316087
14673 676044
14673 680418
676044 680418
107706 166607
728098 868527
728098 959487
868527 959487
431053 735331
451978 538642
451978 661134
451978 728359
538642 661134
538642 728359
661134 728359
88521 411846
88521 529373
88521 1142122
88521 1143394
411846 529373
411846 1142122
411846 1143394
529373 1142122
529373 1143394
1142122 1143394
30437 1152938
30437 1496701
1152938 1496701
389828 591823
17830 447650
17830 785493
447650 785493
1081826 1265099
20517 795648
232981 546692
232981 1367113
546692 1367113
340364 665861
469969 955712
261568 583780
726591 1226751
20059 716433
468736 1460598
468736 1460598
927996 932184
927996 1173706
932184 1173706
355921 946822
355921 1058840
946822 1058840
295870 712475
295870 1047578
712475 1047578
148279 322416
253517 310853
253517 857421
310853 857421
480525 558925
480525 637104
480525 769818
480525 788407
558925 637104
558925 769818
558925 788407
637104 769818
637104 788407
769818 788407
191014 203298
191014 451482
191014 848128
191014 1238710
203298 451482
203298 848128
203298 1238710
451482 848128
451482 1238710
848128 1238710
468594 1253086
695501 1442743
1032271 1369424
96299 1489023
128882 493012
15769 911904
15769 911904
782978 1172726
88066 339527
88066 1492352
339527 1492352
130188 900461
130188 1230189
900461 1230189
1016858 1309684
72424 138958
72424 325170
72424 403080
72424 672888
72424 964688
72424 1442729
72424 1517481
138958 325170
138958 403080
138958 672888
138958 964688
138958 1442729
138958 1517481
325170 403080
325170 672888
325170 964688
325170 1442729
325170 1517481
403080 672888
403080 964688
403080 1442729
403080 1517481
672888 964688
672888 1442729
672888 1517481
964688 1442729
964688 1517481
1442729 1517481
279958 403080
279958 1442729
403080 1442729
845358 935628
938949 1188400
5773 312648
5773 626522
5773 648396
5773 1053258
312648 626522
312648 648396
312648 1053258
626522 648396
626522 1053258
648396 1053258
568094 1319540
65746 470496
65746 935994
470496 935994
521804 992750
784 1440122
581105 643515
581105 1071494
581105 1484010
643515 1071494
643515 1484010
1071494 1484010
479095 654883
479095 823355
654883 823355
475824 597550
475824 630315
475824 822856
475824 919548
597550 630315
597550 822856
597550 919548
630315 822856
630315 919548
822856 919548
15311 380676
545406 1407983
569395 703763
569395 1255638
703763 1255638
254354 673269
254354 738588
673269 738588
65314 430575
146893 266860
169125 261733
169125 482685
261733 482685
124500 338062
21063 385906
881786 992750
123934 175640
123934 198398
123934 234883
123934 321647
123934 703763
175640 198398
175640 234883
175640 321647
175640 703763
198398 234883
198398 321647
198398 703763
234883 321647
234883 703763
321647 703763
26822 1537540
42226 101765
42226 449432
42226 945893
101765 449432
101765 945893
449432 945893
224681 488393
224681 544327
488393 544327
54481 488393
54481 588774
488393 588774
369069 507229
369069 843110
507229 843110
282945 338062
115541 1139178
378971 391746
378971 1299908
378971 1468232
391746 1299908
391746 1468232
1299908 1468232
14520 1513451
451093 1216927
343547 1385591
173963 349749
173963 983218
173963 1096125
349749 983218
349749 1096125
983218 1096125
614728 1334247
157681 1327368
391463 910873
391463 910873
312774 1107460
1182489 1183407
97644 1090514
228902 551598
165257 710810
253712 670891
253712 715741
253712 1008714
670891 715741
670891 1008714
715741 1008714
715741 1008714
334496 1382265
33704 70607
33704 1154774
33704 1340116
70607 1154774
70607 1340116
1154774 1340116
97644 1456350
293713 359747
253712 672880
253712 1082980
672880 1082980
208893 343547
349010 876099
77116 365126
17905 627358
17905 969960
627358 969960
28480 379444
28480 674482
28480 693377
28480 1041282
28480 1351803
379444 674482
379444 693377
379444 1041282
379444 1351803
674482 693377
674482 1041282
674482 1351803
693377 1041282
693377 1351803
1041282 1351803
508780 718069
36145 1401930
1388075 1493016
90116 256430
52076 127228
52076 1061547
52076 1231631
127228 1061547
127228 1231631
1061547 1231631
156526 459747
156526 916768
459747 916768
193740 779228
196045 963489
8854 88957
8854 474276
8854 605713
88957 474276
88957 605713
474276 605713
250924 760482
173806 309632
123716 490670
123716 1212681
490670 1212681
784789 1124207
136399 1233939
136399 1444201
1233939 1444201
138458 821535
364498 1078819
99692 495561
75928 1494557
524370 770340
280136 1481635
215985 965368
215985 988381
965368 988381
44535 1170833
73117 1234684
595851 673550
144224 224003
144224 937154
224003 937154
113059 607778
113059 540910
113059 857771
113059 944226
540910 857771
540910 944226
857771 944226
44535 312826
44535 1463302
312826 1463302
402229 1110623
432661 619781
432661 635727
619781 635727
134899 1035820
112268 135471
112268 254851
112268 323917
112268 351562
112268 391399
112268 1032990
135471 254851
135471 323917
135471 351562
135471 391399
135471 1032990
254851 323917
254851 351562
254851 391399
254851 1032990
323917 351562
323917 391399
323917 1032990
351562 391399
351562 1032990
391399 1032990
82286 349499
82286 1260366
82286 1490184
349499 1260366
349499 1490184
1260366 1490184
257025 886627
257025 1116134
886627 1116134
148279 468594
156703 1199542
58801 818469
191014 203298
191014 451482
191014 465974
191014 848128
191014 1238710
203298 451482
203298 465974
203298 848128
203298 1238710
451482 465974
451482 848128
451482 1238710
465974 848128
465974 1238710
848128 1238710
254057 379998
289143 1210200
270129 519141
270129 687211
519141 687211
1115105 1353683
22933 707973
804 1096136
804 1253086
1096136 1253086
222058 423242
222058 1494150
423242 1494150
46630 515718
557132 560153
541579 935628
121222 235395
208587 1349854
666 215516
936164 963955
173433 503680
134589 269719
134589 1055784
269719 1055784
459294 949811
792893 848675
215516 1518157
709401 1079450
15211 1525888
148103 945220
199391 310670
199391 586252
310670 586252
666 905413
111334 115104
261311 640525
261311 1472712
640525 1472712
67804 270095
53602 615295
566849 1058840
240987 709570
240987 959933
709570 959933
662805 1387563
410098 1000179
410098 1304059
1000179 1304059
606391 709908
606391 1066376
709908 1066376
270129 758615
71208 849122
378231 829093
378231 1523070
829093 1523070
23482 367547
23482 397055
367547 397055
273442 1331824
148286 195445
148286 901934
195445 901934
217639 956029
217639 1169337
956029 1169337
105581 392778
105581 446914
392778 446914
332155 1509402
658324 1234684
115462 639906
935840 1463296
29204 259603
84237 1266398
2176 103519
2176 295844
103519 295844
88066 405684
88066 1492352
405684 1492352
29204 259603
275781 1078007
363959 823355
274827 763876
274827 1030569
763876 1030569
175477 1124776
329063 1393215
191192 293462
830496 1429249
830496 1465357
1429249 1465357
892657 960340
175477 940126
175477 1124776
940126 1124776
409679 763128
40517 49576
40517 82286
40517 411484
40517 575797
40517 605892
40517 723269
49576 82286
49576 411484
49576 575797
49576 605892
49576 723269
82286 411484
82286 575797
82286 605892
82286 723269
411484 575797
411484 605892
411484 723269
575797 605892
575797 723269
605892 723269
141710 1154051
112562 173858
182926 298333
182926 1428691
298333 1428691
477342 571728
477342 746433
571728 746433
702246 798150
702246 1356355
702246 1482696
798150 1356355
798150 1482696
1356355 1482696
71157 173858
71157 1351471
173858 1351471
40517 64242
89316 157478
89316 298333
89316 834250
157478 298333
157478 834250
298333 834250
366474 736039
66883 248994
66883 343549
66883 460468
66883 584107
66883 1393215
248994 343549
248994 460468
248994 584107
248994 1393215
343549 460468
343549 584107
343549 1393215
460468 584107
460468 1393215
584107 1393215
691148 1206953
364581 985656
460198 680751
683649 766753
683649 1203803
683649 1271286
766753 1203803
766753 1271286
1203803 1271286
66883 298789
66883 1339007
298789 1339007
24476 226701
24476 364648
226701 364648
176301 328357
176301 628255
176301 1165896
328357 628255
328357 1165896
628255 1165896
75238 775697
775697 1130166
63274 318810
63274 1048156
63274 1229875
318810 1048156
318810 1229875
1048156 1229875
1225671 1429789
30316 562635
406582 428725
406582 585591
406582 679003
406582 1065440
428725 585591
428725 679003
428725 1065440
585591 679003
585591 1065440
679003 1065440
417576 769379
375517 504777
186475 607688
17376 646243
134960 398881
944822 1205406
823757 859848
1153678 1496210
1153678 1496210
914923 1489676
676044 680418
66883 569131
29799 179568
29799 276412
179568 276412
450857 846298
27067 124362
175733 1306841
659607 791555
659607 1503650
791555 1503650
82286 173394
557132 611383
202173 844527
202173 1400087
844527 1400087
94260 306216
157754 205811
157754 223915
157754 556104
205811 223915
205811 556104
223915 556104
489920 557367
489920 707838
557367 707838
250126 482092
38236 351714
38236 457014
38236 1232921
38236 1238911
351714 457014
351714 1232921
351714 1238911
457014 1232921
457014 1238911
1232921 1238911
232196 833838
426907 1410178
116064 467833
189231 615841
189231 695164
189231 955284
615841 695164
615841 955284
695164 955284
45801 613456
275005 1166800
3263 1088796
3263 1166800
1088796 1166800
710076 1152383
518065 1004326
466363 1424872
103583 542592
103583 927834
542592 927834
45801 613456
485789 1383248
259542 1046578
385833 716977
385833 1129136
716977 1129136
771942 846370
771942 1526266
846370 1526266
257027 823860
232133 1181382
131334 676695
39289 1010352
39289 1108296
39289 1284378
1010352 1108296
1010352 1284378
1108296 1284378
269635 309339
937401 1007987
937401 1432768
1007987 1432768
505348 874288
505348 972841
505348 1478721
874288 972841
874288 1478721
972841 1478721
70530 183545
70530 183545
70530 1480997
183545 1480997
70530 183545
70530 1475736
70530 1480997
183545 1475736
183545 1480997
1475736 1480997
124224 972841
721390 1237948
395515 1407960
53997 155767
53997 1286147
155767 1286147
68796 570387
68796 1237948
570387 1237948
861226 878429
202719 422446
202719 447207
202719 549620
202719 878429
202719 1187998
422446 447207
422446 549620
422446 878429
422446 1187998
447207 549620
447207 878429
447207 1187998
549620 878429
549620 1187998
878429 1187998
225884 368116
225884 548252
225884 641806
225884 1082072
225884 1215838
225884 1386287
368116 548252
368116 641806
368116 1082072
368116 1215838
368116 1386287
548252 641806
548252 1082072
548252 1215838
548252 1386287
641806 1082072
641806 1215838
641806 1386287
1082072 1215838
1082072 1386287
1215838 1386287
415036 479988
415036 1162135
415036 1406044
479988 1162135
479988 1406044
1162135 1406044
415036 524539
277743 388334
277743 1534319
388334 1534319
619331 1086102
102913 327569
269064 780940
269064 1391774
780940 1391774
573148 951553
98668 203298
231567 613635
231567 1093707
613635 1093707
1152719 1259871
889734 1419743
636602 949633
676195 799343
447773 1128630
1407136 1437879
64607 194777
187989 961176
5589 148103
5589 1206953
148103 1206953
1494150 1530532
78895 444793
676044 680418
314336 1212920
691148 1206953
82633 443783
392979 784108
87305 388641
51358 1185666
218059 713390
218059 807521
713390 807521
310915 1148199
494767 501081
387410 532940
309175 728624
340690 533546
340690 730969
340690 907192
533546 730969
533546 907192
730969 907192
17068 1102909
184774 285082
184774 1360145
285082 1360145
945899 1163238
402254 1172920
586561 1039543
340014 763128
85919 447372
1279731 1416927
1333179 1530577
29001 46747
29001 1084246
46747 1084246
558925 788407
558925 1020918
788407 1020918
214505 1067306
1159833 1357141
436801 786139
285082 411629
169266 617695
169266 1248933
617695 1248933
376419 655398
376419 785444
655398 785444
564993 841467
497234 1509981
230303 586561
230303 1296046
586561 1296046
231969 472650
97308 144735
507600 834602
212824 403312
470814 1248073
863973 954103
501460 1442729
604571 1049483
586580 757637
586580 1445354
757637 1445354
1116243 1122603
627142 772910
1406051 1448968
183256 195272
183256 1097912
195272 1097912
258909 1476170
673011 1476170
482937 1244418
418378 464086
418378 1224852
464086 1224852
71070 175793
175793 179912
175793 231749
175793 1141665
179912 231749
179912 1141665
231749 1141665
100321 410418
462507 806419
671063 801850
73701 545581
263882 1475087
792000 929857
191893 1159833
256542 1456157
19398 704528
194239 869975
356361 871190
382398 683509
1131010 1324483
204049 1018107
132689 471912
132689 549512
132689 1007171
471912 549512
471912 1007171
549512 1007171
775339 973624
775339 1007171
973624 1007171
141222 193313
141222 429924
193313 429924
512052 645740
512053 580796
237963 1284512
237963 1403375
1284512 1403375
278044 1123486
253517 310853
84329 563431
173121 659301
173121 1077127
659301 1077127
673574 917191
77254 451595
77254 596570
451595 596570
464068 904708
116265 302000
116265 890874
302000 890874
218340 660594
243284 362278
243284 849098
362278 849098
147377 218656
147377 236055
147377 821304
218656 236055
218656 821304
236055 821304
113778 1130040
113778 1455407
1130040 1455407
963455 1098928
535434 1527217
424101 800644
424101 876923
424101 1059632
800644 876923
800644 1059632
876923 1059632
73188 371410
73188 374676
73188 838536
371410 374676
371410 838536
374676 838536
320981 342996
320981 752553
320981 793642
320981 1169307
320981 1181968
320981 1350224
342996 752553
342996 793642
342996 1169307
342996 1181968
342996 1350224
752553 793642
752553 1169307
752553 1181968
752553 1350224
793642 1169307
793642 1181968
793642 1350224
1169307 1181968
1169307 1350224
1181968 1350224
161879 216952
195190 661158
195190 899567
195190 1338744
661158 899567
661158 1338744
899567 1338744
28201 64875
28201 451709
64875 451709
256584 668058
513085 1487882
641115 1029404
324062 360251
433751 651066
498715 820993
175733 245977
175733 487014
175733 1456513
245977 487014
245977 1456513
487014 1456513
215 431450
658610 814657
658610 1260167
814657 1260167
807521 1367049
189776 307892
22532 558061
22532 594440
558061 594440
1212780 1271437
596160 1131182
596160 1257950
596160 1301194
1131182 1257950
1131182 1301194
1257950 1301194
369156 1506538
468536 1003746
468536 1518867
1003746 1518867
449085 1028486
449085 492584
1212780 1271437
449085 1212780
693967 883271
99563 508195
161081 963480
592640 734842
51679 1137374
13338 562668
13338 1401842
562668 1401842
13338 388164
13338 1196121
388164 1196121
615237 920073
71749 536142
71749 1357197
536142 1357197
148279 468594
289181 922448
289181 998240
922448 998240
175996 838799
196252 415128
145554 385906
145554 844571
385906 844571
289599 469818
171758 203809
171758 1169959
203809 1169959
1036924 1294730
212128 1247321
212128 1247321
218059 494737
218059 807521
494737 807521
473316 1004719
61995 506981
61995 510494
61995 671368
506981 510494
506981 671368
510494 671368
61995 172361
61995 1004719
172361 1004719
616183 1377053
616183 1406148
1377053 1406148
561854 722515
561854 1255781
193340 402065
159300 802507
159300 1270731
802507 1270731
134589 1412192
134589 1437641
1412192 1437641
36184 121222
36184 254057
121222 254057
558925 622296
558925 788407
558925 947203
622296 788407
622296 947203
788407 947203
203298 848128
848128 1253086
125743 1476712
883620 896862
883620 982554
883620 1417441
896862 982554
896862 1417441
982554 1417441
3474 1237793
666 9870
666 1094356
9870 1094356
21246 222413
128882 493012
237325 1518157
959487 1388276
4837 274827
4837 502466
4837 536091
4837 763876
4837 937154
274827 502466
274827 536091
274827 763876
274827 937154
502466 536091
502466 763876
502466 937154
536091 763876
536091 937154
763876 937154
70890 782978
70890 1172726
70890 1446850
782978 1172726
782978 1446850
1172726 1446850
173433 1294373
243409 259137
21246 39999
21246 95171
21246 119924
21246 130348
21246 204926
21246 222058
21246 222413
21246 379504
21246 745793
21246 842676
39999 95171
39999 119924
39999 130348
39999 204926
39999 222058
39999 222413
39999 379504
39999 745793
39999 842676
95171 119924
95171 130348
95171 204926
95171 222058
95171 222413
95171 379504
95171 745793
95171 842676
119924 130348
119924 204926
119924 222058
119924 222413
119924 379504
119924 745793
119924 842676
130348 204926
130348 222058
130348 222413
130348 379504
130348 745793
130348 842676
204926 222058
204926 222413
204926 379504
204926 745793
204926 842676
222058 222413
222058 379504
222058 745793
222058 842676
222413 379504
222413 745793
222413 842676
379504 745793
379504 842676
745793 842676
823560 1406005
56628 944539
808473 1520547
108472 765627
31524 190989
31524 775637
190989 775637
470496 935994
399341 508695
399341 898994
399341 1334371
508695 898994
508695 1334371
898994 1334371
77922 173433
77922 204328
77922 503680
77922 596516
77922 874482
77922 883784
173433 204328
173433 503680
173433 596516
173433 874482
173433 883784
204328 503680
204328 596516
204328 874482
204328 883784
503680 596516
503680 874482
503680 883784
596516 874482
596516 883784
874482 883784
134589 269719
237325 1518157
258065 264568
258065 339224
258065 424407
258065 1054091
258065 1271524
264568 339224
264568 424407
264568 1054091
264568 1271524
339224 424407
339224 1054091
339224 1271524
424407 1054091
424407 1271524
1054091 1271524
264310 293421
386494 421472
623064 899587
334443 337932
205791 771747
228050 464086
578733 949907
16355 19345
16355 184738
16355 524005
16355 1476170
19345 184738
19345 524005
19345 1476170
184738 524005
184738 1476170
524005 1476170
91115 262112
91115 1330061
91115 1388076
262112 1330061
262112 1388076
1330061 1388076
45209 181575
250793 871967
122099 1167106
122099 1384793
1167106 1384793
853893 970032
1145010 1528586
59410 91115
59410 184345
59410 278448
91115 184345
91115 278448
184345 278448
117932 954236
401820 624501
512739 1161779
806419 1102435
221237 1408598
449322 843950
293107 700684
578426 857885
174011 324328
140999 226147
140999 723036
226147 723036
325661 486771
132043 1150848
132043 1476170
1150848 1476170
1046878 1270858
803252 1536183
534593 985544
13511 244818
13511 753340
244818 753340
146634 906320
236994 937498
336807 1191060
339791 1219482
54440 1001585
208999 678797
156643 278493
22003 179912
443591 1024725
93076 295477
393368 1250683
763013 973970
1159767 1386817
727667 1105767
727667 1476170
1105767 1476170
64905 688733
105477 1011062
172321 502442
226147 443092
11672 762892
47745 782433
609785 727667
137674 740734
414163 513328
414163 513328
414163 777648
793023 1059362
881072 1393215
252965 966630
252965 1323163
966630 1323163
369051 1522959
124761 925128
179005 356040
686503 1310959
499202 803311
67484 425244
104029 496710
124761 146981
382505 420342
829093 1013951
829093 1138931
1013951 1138931
121653 880331
173806 309632
137674 538785
137674 1078195
538785 1078195
53602 137674
60175 1308160
196045 963489
196045 1004664
196045 1004665
196045 46913
963489 1004664
963489 1004665
963489 46913
1004664 1004665
1004664 46913
1004665 46913
125386 524370
553856 1374928
553856 1374928
810438 1061022
109176 268293
109176 398083
268293 398083
109176 268293
109176 398083
268293 398083
402579 784789
402579 916768
784789 916768
744230 784789
744230 901831
744230 1124207
744230 1212681
784789 901831
784789 1124207
784789 1212681
901831 1124207
901831 1212681
1124207 1212681
160338 278492
160338 916768
278492 916768
136399 1233939
470711 644933
470359 524370
364498 1378660
215985 965368
215985 988381
215985 1078959
965368 988381
965368 1078959
988381 1078959
175477 940126
939779 1116872
326933 713679
175477 248994
175477 343549
248994 343549
816698 835219
149973 473193
279896 1025404
390854 826533
390854 973401
826533 973401
390854 826533
44053 113059
296427 763871
42133 446211
402229 1110623
158916 329063
502466 1207705
502466 1234684
502466 1393215
502466 1488788
1207705 1234684
1207705 1393215
1207705 1488788
1234684 1393215
1234684 1488788
1393215 1488788
244818 291075
244818 399563
244818 705179
291075 399563
291075 705179
399563 705179
1332361 1511474
306275 691592
306275 1005754
306275 1373664
691592 1005754
691592 1373664
1005754 1373664
270840 623031
270840 709713
270840 845245
623031 709713
623031 845245
709713 845245
245590 393710
263857 401059
406135 447486
406135 548937
406135 1511474
447486 548937
447486 1511474
548937 1511474
347644 620786
72865 566300
72865 697866
72865 1255869
566300 697866
566300 1255869
697866 1255869
424702 477700
424702 882442
477700 882442
126572 183940
67837 124162
67837 231327
67837 541892
67837 959612
124162 231327
124162 541892
124162 959612
231327 541892
231327 959612
541892 959612
1332836 1391018
388301 407479
388301 742654
388301 864542
407479 742654
407479 864542
742654 864542
93852 786139
30630 522775
30630 680431
522775 680431
373147 419965
373147 680431
419965 680431
229281 406135
229281 447486
229281 1511474
406135 447486
406135 1511474
447486 1511474
1033704 1421150
292910 1339932
292910 1352199
1339932 1352199
188399 853938
188399 881480
188399 1027696
853938 881480
853938 1027696
881480 1027696
39889 331300
39889 347996
39889 866651
331300 347996
331300 866651
347996 866651
27680 28622
27680 138572
27680 143278
27680 212052
27680 264195
27680 422056
27680 423290
27680 488839
27680 694423
27680 706721
27680 1040172
27680 1082835
28622 138572
28622 143278
28622 212052
28622 264195
28622 422056
28622 423290
28622 488839
28622 694423
28622 706721
28622 1040172
28622 1082835
138572 143278
138572 212052
138572 264195
138572 422056
138572 423290
138572 488839
138572 694423
138572 706721
138572 1040172
138572 1082835
143278 212052
143278 264195
143278 422056
143278 423290
143278 488839
143278 694423
143278 706721
143278 1040172
143278 1082835
212052 264195
212052 422056
212052 423290
212052 488839
212052 694423
212052 706721
212052 1040172
212052 1082835
264195 422056
264195 423290
264195 488839
264195 694423
264195 706721
264195 1040172
264195 1082835
422056 423290
422056 488839
422056 694423
422056 706721
422056 1040172
422056 1082835
423290 488839
423290 694423
423290 706721
423290 1040172
423290 1082835
488839 694423
488839 706721
488839 1040172
488839 1082835
694423 706721
694423 1040172
694423 1082835
706721 1040172
706721 1082835
1040172 1082835
106050 233162
689934 1228749
29074 728266
55841 204939
55841 247813
55841 437158
55841 458556
55841 551441
55841 703447
55841 1089829
55841 1184432
55841 1428896
204939 247813
204939 437158
204939 458556
204939 551441
204939 703447
204939 1089829
204939 1184432
204939 1428896
247813 437158
247813 458556
247813 551441
247813 703447
247813 1089829
247813 1184432
247813 1428896
437158 458556
437158 551441
437158 703447
437158 1089829
437158 1184432
437158 1428896
458556 551441
458556 703447
458556 1089829
458556 1184432
458556 1428896
551441 703447
551441 1089829
551441 1184432
551441 1428896
703447 1089829
703447 1184432
703447 1428896
1089829 1184432
1089829 1428896
1184432 1428896
93309 214810
93309 281782
93309 1460434
214810 281782
214810 1460434
281782 1460434
138848 718198
396842 433315
338506 764786
338506 910535
338506 1234080
764786 910535
764786 1234080
910535 1234080
438406 545787
161842 1033709
161842 1320055
161842 1337131
161842 1444793
1033709 1320055
1033709 1337131
1033709 1444793
1320055 1337131
1320055 1444793
1337131 1444793
561035 920532
285853 1502791
156746 985465
99510 122852
270129 290619
270129 519141
270129 758615
270129 773963
270129 1099124
290619 519141
290619 758615
290619 773963
290619 1099124
519141 758615
519141 773963
519141 1099124
758615 773963
758615 1099124
773963 1099124
55509 242701
5619 38502
5619 132058
5619 465709
5619 591341
5619 645423
5619 797701
5619 863559
5619 1048546
5619 1234684
38502 132058
38502 465709
38502 591341
38502 645423
38502 797701
38502 863559
38502 1048546
38502 1234684
132058 465709
132058 591341
132058 645423
132058 797701
132058 863559
132058 1048546
132058 1234684
465709 591341
465709 645423
465709 797701
465709 863559
465709 1048546
465709 1234684
591341 645423
591341 797701
591341 863559
591341 1048546
591341 1234684
645423 797701
645423 863559
645423 1048546
645423 1234684
797701 863559
797701 1048546
797701 1234684
863559 1048546
863559 1234684
1048546 1234684
156526 753340
165896 619331
165896 1086102
619331 1086102
137674 924276
53602 137674
121994 253311
121994 324165
253311 324165
1161023 1180788
1161023 1347007
1180788 1347007
160385 451901
127700 1164199
558925 788407
829093 1393215
393775 856668
131476 248994
131476 584107
248994 584107
259603 584107
151768 885075
121484 657155
121484 796302
657155 796302
744230 1212681
90275 937154
159794 917734
159794 1427990
917734 1427990
22933 707973
148093 942691
33277 149492
108323 136399
108323 377155
108323 387302
136399 377155
136399 387302
377155 387302
196227 1477057
215985 965368
215985 988381
965368 988381
476597 962240
138167 1317619
72516 78157
740318 1477788
849593 921890
159292 1060775
159292 1506610
1060775 1506610
230393 470359
29204 673550
570104 1341287
404274 640688
83886 1476712
45226 1188621
18329 854460
199391 310670
199391 586252
310670 586252
199391 310670
199391 586252
310670 586252
94815 481862
112892 169369
437570 475760
437570 1253804
475760 1253804
404983 654055
1223745 1393215
1223745 1414426
1393215 1414426
709839 1098537
106996 680120
870480 947924
786248 949555
172707 534548
527039 582388
1349797 1516405
53231 1462475
149500 654273
149500 1189637
654273 1189637
286302 302048
159946 494739
527039 582388
527039 1412711
582388 1412711
1084524 1458484
189003 387410
189003 1472132
387410 1472132
253517 310853
253517 716273
310853 716273
181095 806237
181095 1198659
806237 1198659
961183 1020918
246751 417552
246751 1352680
417552 1352680
1041539 1227280
148279 1253086
97655 561854
97655 1332854
561854 1332854
87199 97655
87199 266523
97655 266523
231567 293032
430278 856668
280457 414112
257780 316745
257780 1389133
316745 1389133
166774 639896
47543 820212
51148 787123
58498 208943
418736 486033
31685 967652
17739 141193
17739 141222
17739 193313
17739 429924
17739 862268
141193 141222
141193 193313
141193 429924
141193 862268
141222 193313
141222 429924
141222 862268
193313 429924
193313 862268
429924 862268
24916 543781
147075 1009453
556049 1292390
945484 1454339
945484 1454567
1454339 1454567
188099 919775
238705 1443997
398703 635512
398703 999865
635512 999865
870889 1399162
1115698 1393215
465157 1522674
215985 965368
215985 988381
965368 988381
449681 763392
449681 1410941
763392 1410941
510210 679692
285082 1449681
88745 1496787
1470 133241
175477 1124776
193249 720063
372940 569163
2523 796099
2523 1008482
2523 1226355
796099 1008482
796099 1226355
1008482 1226355
2523 446327
752003 1157839
215985 965368
215985 988381
965368 988381
449681 1411022
65010 172985
90862 532201
90862 743120
532201 743120
1014200 1513451
266454 794530
777872 840534
777872 1221444
840534 1221444
256589 314375
256589 351535
256589 825220
256589 853840
314375 351535
314375 825220
314375 853840
351535 825220
351535 853840
825220 853840
461228 1212304
461228 1455135
1212304 1455135
432887 618321
39825 200099
39825 1462010
200099 1462010
255944 346706
25917 240987
25917 709570
25917 959933
240987 709570
240987 959933
709570 959933
19320 105413
175477 1004691
217122 486470
217122 990109
217122 1142747
486470 990109
486470 1142747
990109 1142747
171522 568944
37080 450146
637318 1240218
52564 637454
121653 880331
7377 815048
14673 661007
14673 1389164
661007 1389164
125776 619774
21665 744230
21665 744747
21665 1212681
21665 1493883
744230 744747
744230 1212681
744230 1493883
744747 1212681
744747 1493883
1212681 1493883
88521 1175155
6419 756856
6419 1221347
756856 1221347
60778 148286
412623 881426
99828 676948
269728 587450
711859 876870
465684 985236
405271 1494347
74831 1537127
248994 1393215
248994 1523070
1393215 1523070
821535 1368728
113059 540910
747197 1417522
145135 412623
314312 638966
74582 79689
120738 497611
880868 1330061
880868 1419470
1330061 1419470
229711 636875
88521 1142122
88521 1358946
1142122 1358946
79327 426865
709908 1413295
115462 379187
115462 784789
379187 784789
181575 509067
169982 548886
399563 711859
399563 1128773
711859 1128773
66883 647970
66883 911904
699821 1225379
13511 753340
13511 753340
169419 1120181
648537 1393215
604921 754856
604921 863769
604921 915526
754856 863769
754856 915526
863769 915526
29594 110216
29594 149321
29594 236147
110216 149321
110216 236147
149321 236147
321921 404807
321921 560916
404807 560916
431338 530601
431338 969124
431338 1165064
431338 1226223
530601 969124
530601 1165064
530601 1226223
969124 1165064
969124 1226223
1165064 1226223
114244 410463
114244 1379636
114244 1491371
410463 1379636
410463 1491371
1379636 1491371
56637 97280
56637 1439965
97280 1439965
550403 1455999
3259 672438
3259 1262750
3259 1296757
672438 1262750
672438 1296757
1262750 1296757
642682 1211944
621248 1445749
618260 1395802
618260 1418648
618260 1527842
1395802 1418648
1395802 1527842
1418648 1527842
642682 1211944
602852 812309
32475 1260040
183097 1360993
232439 301942
232439 489206
232439 587762
301942 489206
301942 587762
489206 587762
175257 669226
175257 839728
669226 839728
718215 1348561
566600 839595
118630 1439965
975169 1049298
7374 397388
7374 445330
397388 445330
829093 1013951
433819 821535
433819 1013744
821535 1013744
606391 1339007
53602 137674
156445 364498
923384 1514409
187833 923384
665633 975258
279608 942691
183452 628697
99828 556247
99828 1454952
556247 1454952
364498 552192
364498 1501315
552192 1501315
9561 727404
399563 711859
708916 1202652
109172 482445
291207 740318
879731 1202652
113059 540910
586580 756614
586580 757637
586580 985066
586580 1445354
756614 757637
756614 985066
756614 1445354
757637 985066
757637 1445354
985066 1445354
577527 1519192
205791 771747
1131279 1186660
150150 508711
71070 843950
186591 357048
635392 1150929
132480 780695
421863 1260822
419925 1513630
1137 749896
1137 985910
749896 985910
1137 411296
803252 1518374
902365 1155180
902365 1476170
1155180 1476170
34834 218130
91281 868454
82989 389383
19654 476541
19654 530620
476541 530620
34885 323600
34885 658044
323600 658044
117902 620286
117902 636371
117902 1004691
620286 636371
620286 1004691
636371 1004691
330634 519282
330634 1448968
519282 1448968
19345 184738
19345 524005
19345 1476170
184738 524005
184738 1476170
524005 1476170
666753 802514
666753 1101285
802514 1101285
451967 958391
287846 550484
287846 789014
550484 789014
23057 108926
672923 922459
443096 571011
418378 1224852
105477 598762
924438 1487127
924438 1487127
924438 1487127
924438 1487127
332021 967340
665633 849593
665633 1131279
849593 1131279
293421 433614
293421 731489
433614 731489
1056387 1189266
160754 773541
276881 284790
276881 655369
284790 655369
673011 1150848
198886 577490
198886 577490
220731 470359
220731 1304812
470359 1304812
1116872 1246657
267837 1309463
771306 1494347
122749 725635
84422 941372
699561 945273
229783 423273
229783 423273
567087 808244
26511 749530
227997 390404
75977 674364
75977 1454952
674364 1454952
711859 876870
162135 773998
98083 344335
166819 700667
248994 1393215
248994 1523070
1393215 1523070
427910 783233
427910 1047719
783233 1047719
65958 115349
65958 364632
65958 883259
115349 364632
115349 883259
364632 883259
230932 413944
230932 574672
230932 957318
230932 961816
230932 1108610
413944 574672
413944 957318
413944 961816
413944 1108610
574672 957318
574672 961816
574672 1108610
957318 961816
957318 1108610
961816 1108610
968404 1190939
193512 455723
193512 801621
193512 811998
193512 1434803
455723 801621
455723 811998
455723 1434803
801621 811998
801621 1434803
811998 1434803
305073 545789
305073 928566
305073 970583
545789 928566
545789 970583
928566 970583
190339 1258944
479972 757233
479972 933485
757233 933485
115349 337248
115349 364632
115349 883259
337248 364632
337248 883259
364632 883259
32416 104352
699813 1239755
699813 1337069
1239755 1337069
337248 883259
205970 601435
180747 553301
1198037 1468072
121941 1346914
121941 1391310
1346914 1391310
10766 303716
10766 621087
303716 621087
529801 1505451
342616 911707
342616 1343051
342616 1412741
911707 1343051
911707 1412741
1343051 1412741
65958 115349
65958 364632
65958 825946
65958 883259
115349 364632
115349 825946
115349 883259
364632 825946
364632 883259
825946 883259
102988 377949
102988 933485
377949 933485
395871 658399
28927 576327
28927 1244938
576327 1244938
562912 777007
562912 1407536
777007 1407536
1131055 1310164
688867 708673
395871 658399
636858 724896
75196 1105759
467056 927391
304606 308457
304606 533902
308457 533902
348276 1236956
1020728 1294537
1020728 1343079
1294537 1343079
1020728 1294537
1020728 1343079
1294537 1343079
337149 1192245
337149 1301973
337149 1499226
1192245 1301973
1192245 1499226
1301973 1499226
37177 516244
37177 1181716
516244 1181716
270355 296924
270355 386972
270355 495257
270355 1025355
270355 1182562
270355 1516135
270355 1540498
296924 386972
296924 495257
296924 1025355
296924 1182562
296924 1516135
296924 1540498
386972 495257
386972 1025355
386972 1182562
386972 1516135
386972 1540498
495257 1025355
495257 1182562
495257 1516135
495257 1540498
1025355 1182562
1025355 1516135
1025355 1540498
1182562 1516135
1182562 1540498
1516135 1540498
248474 484113
248474 1033990
484113 1033990
240819 889745
240819 901234
889745 901234
94211 928566
252296 282683
252296 1099540
282683 1099540
138610 597143
138610 827261
138610 1370850
597143 827261
597143 1370850
827261 1370850
75959 534135
75959 969725
534135 969725
681962 1328359
132338 823133
585548 812156
386647 1018967
221866 924009
221866 1167494
924009 1167494
929228 1244721
225739 630215
306915 552188
306915 612239
306915 1142218
552188 612239
552188 1142218
612239 1142218
759145 921066
759145 961566
759145 1366836
921066 961566
921066 1366836
961566 1366836
1180246 1433398
276737 626066
55994 372500
55994 997800
372500 997800
171630 954759
717725 1004512
406570 1330387
345513 442103
293518 953933
55542 220138
55542 331920
55542 539332
220138 331920
220138 539332
331920 539332
273804 800416
1050638 1483730
134475 1381018
582374 720874
777390 1483496
42133 169078
251961 811162
42133 287126
42133 1000361
287126 1000361
569133 1114135
265814 481630
265814 938999
481630 938999
42133 416712
163500 794389
42133 289176
42133 532276
289176 532276
150948 537534
42133 480269
42133 935340
480269 935340
42133 287126
42133 127607
42133 1264452
127607 1264452
42133 1033795
255157 337211
255157 791100
337211 791100
269736 563403
42133 804883
253720 705179
138458 635727
7000 154998
7000 891213
154998 891213
988618 1507637
454967 836318
5 224521
899809 1414231
75238 206241
308078 1017536
318810 504938
741588 796326
445330 700927
316997 381585
316997 390404
381585 390404
328470 1332789
196045 481751
125781 786312
210236 947465
1330061 1419470
1330061 1440234
1419470 1440234
660549 913903
8429 1413295
699577 963489
465686 506070
41170 46630
41170 1131379
46630 1131379
1131379 1322244
374021 1101327
377155 744230
377155 1368728
744230 1368728
108166 254235
401721 1075119
403082 1149384
148093 935840
41170 647970
41170 1304250
647970 1304250
648611 1302501
8429 636875
315637 460468
585156 1013667
527136 711859
527136 711859
113059 167628
113059 639906
167628 639906
935840 1463296
32812 1072922
113059 402579
53533 1261731
53533 1357197
1261731 1357197
153153 724888
41032 720090
17376 66960
17376 699821
66960 699821
74831 91683
120738 1120181
120738 1481635
1120181 1481635
476661 1259298
228481 882754
74831 97270
74831 527025
97270 527025
20044 1120181
251064 1296824
411846 1142122
108309 377604
30518 995231
30518 1058840
995231 1058840
6104 80070
6104 336876
6104 938030
80070 336876
80070 938030
336876 938030
141246 431166
141246 488428
141246 516856
141246 1292072
431166 488428
431166 516856
431166 1292072
488428 516856
488428 1292072
516856 1292072
264890 1124581
264890 1158602
1124581 1158602
662805 1413295
157754 279088
157754 556104
279088 556104
65543 180947
65543 741205
65543 754443
65543 992149
65543 1189239
180947 741205
180947 754443
180947 992149
180947 1189239
741205 754443
741205 992149
741205 1189239
754443 992149
754443 1189239
992149 1189239
363154 656183
707973 1179022
134834 258357
134834 981623
134834 1241743
258357 981623
258357 1241743
981623 1241743
135435 170726
135435 1002607
170726 1002607
391347 399529
627123 1058840
252155 1070303
205811 607688
404756 415365
404756 416059
404756 790285
404756 1315656
404756 1382289
415365 416059
415365 790285
415365 1315656
415365 1382289
416059 790285
416059 1315656
416059 1382289
790285 1315656
790285 1382289
1315656 1382289
601722 826032
406829 475403
406829 826029
475403 826029
98008 677176
476104 1179022
775697 1130166
441575 850925
5095 9292
5095 1250348
9292 1250348
568357 910670
627123 1058840
664945 1017510
334571 459294
334571 715801
334571 970392
459294 715801
459294 970392
715801 970392
253517 310853
253517 424166
253517 509900
310853 424166
310853 509900
424166 509900
49943 461397
49943 736971
461397 736971
481862 1172726
421356 1297137
150636 285861
150636 363154
150636 435368
150636 693646
285861 363154
285861 435368
285861 693646
363154 435368
363154 693646
435368 693646
1081680 1084684
173433 229575
568094 1319540
310443 1419456
369032 489949
369032 522130
489949 522130
157522 458347
834542 1494150
2463 1302551
26426 84236
26426 84236
26426 444310
84236 444310
310108 394617
310108 662969
310108 1510513
394617 662969
394617 1510513
662969 1510513
283499 915412
283499 1333013
915412 1333013
337683 537157
29441 1405527
848626 1238377
243696 626404
508780 718069
157522 458347
111459 137578
132866 1289892
284311 1387592
183814 1011670
735517 1105852
13848 1215998
729387 1421546
256584 524483
157110 539563
146893 467916
146893 849401
467916 849401
370469 432785
370469 494737
432785 494737
634003 958251
329813 622489
506070 516856
506070 903465
202887 696708
854046 1044617
149318 300014
529201 1181835
529201 1420397
1181835 1420397
65122 621127
65122 1088374
621127 1088374
616768 661007
616768 1281486
661007 1281486
96383 336530
252336 1026133
252336 1026133
174945 592983
12018 300656
12018 865431
300656 865431
145554 952162
145554 1191541
31944 265732
765960 1133420
134966 1193830
256583 385906
308767 957004
308767 1121386
957004 1121386
17199 509506
17199 1015208
509506 1015208
188391 896933
211789 469576
211789 719307
469576 719307
317837 462406
4402 1449398
720261 930831
274065 745613
183181 229093
183181 889734
229093 889734
798160 1321542
70099 80431
460364 460468
70099 80431
161879 684201
562880 1029315
562880 1065417
562880 1112719
562880 1306674
562880 1530618
562880 1536125
1029315 1065417
1029315 1112719
1029315 1306674
1029315 1530618
1029315 1536125
1065417 1112719
1065417 1306674
1065417 1530618
1065417 1536125
1112719 1306674
1112719 1530618
1112719 1536125
1306674 1530618
1306674 1536125
1530618 1536125
224176 1534434
224176 452658
8013 36181
8013 1450985
36181 1450985
277865 653708
277865 1388369
653708 1388369
9417 669329
9417 1276577
669329 1276577
1180897 1382610
366561 684201
261544 1140196
63594 1140196
125776 619774
342996 449681
342996 793642
342996 1350224
449681 793642
449681 1350224
793642 1350224
151064 327051
151064 411036
151064 502772
151064 589049
151064 712539
151064 1043788
151064 1287572
151064 1523169
327051 411036
327051 502772
327051 589049
327051 712539
327051 1043788
327051 1287572
327051 1523169
411036 502772
411036 589049
411036 712539
411036 1043788
411036 1287572
411036 1523169
502772 589049
502772 712539
502772 1043788
502772 1287572
502772 1523169
589049 712539
589049 1043788
589049 1287572
589049 1523169
712539 1043788
712539 1287572
712539 1523169
1043788 1287572
1043788 1523169
1287572 1523169
533413 838536
533413 897541
838536 897541
558925 788407
32343 175425
340364 770981
59182 635730
965643 1172869
172467 635997
342996 715590
342996 1286901
715590 1286901
1868 1020093
409679 763128
405534 854123
187262 333108
187262 703909
333108 703909
706764 948460
47006 554301
707973 863471
707973 1249769
863471 1249769
563759 637965
92703 1437913
47006 1084098
47904 131280
47904 505512
47904 676486
131280 505512
131280 676486
505512 676486
154838 974410
309338 703753
309338 1295759
703753 1295759
862259 1350227
7299 429838
32915 213332
32915 697789
213332 697789
3474 972124
3474 203050
89110 760436
715728 947908
731747 839626
106697 899373
92547 838536
180764 705218
23505 821304
364287 1216269
163357 578016
163357 1000135
163357 1486762
578016 1000135
578016 1486762
1000135 1486762
297514 463428
297514 1223668
463428 1223668
42133 287126
42133 1000361
287126 1000361
187675 759700
443155 758458
443155 1275518
758458 1275518
647970 716433
28201 128121
285293 586561
215312 871757
594671 1105731
132295 859428
132295 869975
859428 869975
676634 869975
359971 554707
359971 759704
554707 759704
80431 186428
257751 396772
235797 1516816
89117 140848
89117 1043629
140848 1043629
28201 47970
747197 1417522
747197 1417522
156962 234655
156962 571830
156962 1511474
234655 571830
234655 1511474
571830 1511474
519317 563759
169369 404303
169369 460468
404303 460468
465686 1124218
432060 760709
17776 734292
261544 396955
667680 1079499
478078 714161
184404 810664
564993 1402998
20418 67680
20418 1380974
67680 1380974
201232 539725
201232 1225114
539725 1225114
69001 1093462
80431 935856
80431 1097168
935856 1097168
372535 1393215
88069 970713
55525 913092
691479 1494451
89953 1346238
449681 1365984
4837 1335110
128101 506644
52343 324196
256646 273727
256646 468491
256646 1540342
273727 468491
273727 1540342
468491 1540342
5095 557181
910321 1097168
201232 997915
165101 873060
274988 788922
274988 1468247
788922 1468247
642735 1222276
1059672 1143814
1059672 1492352
1143814 1492352
17776 235565
17776 364287
235565 364287
444572 820572
725480 999869
725480 1250702
999869 1250702
745000 1428882
177135 970292
177135 992069
970292 992069
241208 609363
330158 992656
129775 393161
129775 1405689
393161 1405689
36729 936342
100792 877893
129775 344077
129775 424542
344077 424542
122822 824286
672721 697339
672721 1216441
697339 1216441
141549 605056
92703 314737
92703 363179
314737 363179
92501 471155
92501 857597
471155 857597
134624 469973
134624 783071
469973 783071
221050 439180
221050 1179514
439180 1179514
19963 1435138
66584 699580
68595 134589
68595 1437641
134589 1437641
739455 764775
19701 1208800
22246 1104488
22246 1176897
1104488 1176897
22246 1104488
22246 1176897
1104488 1176897
469905 1134815
12797 246751
12797 676915
12797 853765
246751 676915
246751 853765
676915 853765
860679 986115
860679 1113418
986115 1113418
137674 924276
53602 137674
53602 137674
53602 538785
137674 538785
503991 1030481
79395 765103
99828 711847
227997 390404
227997 838591
390404 838591
559867 1355907
810438 1061022
810438 1061022
19320 604775
237877 829093
829093 1523070
136399 1233939
635392 1150929
175477 1004691
175477 1138931
1004691 1138931
175477 1004691
1377289 1410301
228484 442577
228484 462808
228484 672539
442577 462808
442577 672539
462808 672539
279608 935840
786312 838322
786312 1140477
838322 1140477
75977 674364
75977 1454952
674364 1454952
711859 876870
258405 333394
399563 527136
399563 711859
527136 711859
511266 674158
109089 175477
538541 901140
127738 939785
113059 470359
769484 832372
1240218 1368728
604016 981231
14673 244818
145135 412623
227997 423447
21869 902833
228083 645210
72065 245590
746576 786891
437336 1108183
214460 341813
198910 340930
239497 534842
83134 1150870
21869 1140967
388218 507214
388218 507214
1076253 1486318
83431 801297
801297 991000
240513 829296
240513 1232961
829296 1232961
264310 433614
264310 433614
299561 539841
787804 1328125
7325 254356
7325 1320262
254356 1320262
568029 599622
975080 1373477
553856 1218123
702554 1007813
279896 1022926
919505 1173736
9387 80540
9387 246590
80540 246590
198899 1140967
1112099 1119412
333221 1112099
2935 1112099
228040 627849
211156 993062
5998 1407200
159422 180715
21869 862193
5095 557181
5095 977988
5095 1258732
557181 977988
557181 1258732
977988 1258732
104026 671206
41170 268430
41170 1028974
268430 1028974
22093 28549
22093 1159566
28549 1159566
543231 1018894
29911 130955
29911 564796
130955 564796
118154 1106172
176407 1476392
322963 973606
1070173 1203254
1070173 1203254
503685 665197
503685 1070173
665197 1070173
591255 1325078
547344 1107487
254356 1177725
21869 198899
21869 338300
21869 385686
198899 338300
198899 385686
338300 385686
691085 884539
158043 1119745
158043 1313815
1119745 1313815
279896 1025404
279896 714423
145071 1279430
145071 1294885
1279430 1294885
293421 1339692
101428 641497
198899 263787
839317 979240
622891 770503
510210 1032182
3735 211731
3735 754643
3735 1305462
211731 754643
211731 1305462
754643 1305462
588542 610219
1 782853
1 1110210
782853 1110210
258065 424407
90454 661153
90454 740800
661153 740800
36184 896862
532147 587559
148279 1253086
117385 149492
117385 412623
149492 412623
134589 162800
468594 1362293
269728 391775
269728 509900
391775 509900
424166 451704
562869 1193943
562869 1518157
1193943 1518157
509900 1237927
88521 1358946
536091 889543
336280 1287134
191338 220844
104763 204926
104763 602451
104763 995199
204926 602451
204926 995199
602451 995199
57722 1440527
104114 476448
765883 1432228
602490 870114
212722 380291
212722 563075
212722 1083434
212722 1247321
380291 563075
380291 1083434
380291 1247321
563075 1083434
563075 1247321
1083434 1247321
80589 605713
80589 977363
80589 1511131
605713 977363
605713 1511131
977363 1511131
101184 379633
101184 1313511
379633 1313511
48202 412250
87847 1021389
204243 756911
53800 535719
662125 791757
430795 479841
282211 596335
190812 738750
758615 773963
581018 956029
581018 1169337
956029 1169337
122905 344444
26192 152849
465684 985236
403055 458344
403055 1011142
458344 1011142
403055 458344
13884 322127
13884 1409645
322127 1409645
137795 535198
75238 775697
75238 775697
585484 1409645
137521 357064
594408 788504
594408 1372758
788504 1372758
179984 826879
179984 1144712
826879 1144712
218656 777034
470528 972207
566849 747362
566849 1058840
747362 1058840
232981 868382
170560 310853
196252 813105
378000 1219349
253517 271124
253517 310853
253517 716273
253517 834569
271124 310853
271124 716273
271124 834569
310853 716273
310853 834569
716273 834569
431721 488882
431721 1045972
488882 1045972
318810 718295
1598 594612
30231 54224
30231 1447218
54224 1447218
148286 1392839
342996 715590
21249 230433
608510 702554
74579 744230
74579 1212681
744230 1212681
115462 705179
104114 537295
221145 828988
310853 570655
254057 361404
454967 1437879
937074 960622
937074 1020495
960622 1020495
82633 342389
50930 1393215
393789 538938
287601 1197622
18685 134589
318810 718295
230433 342013
88344 848128
53317 992750
37650 93309
37650 214810
37650 1461898
93309 214810
93309 1461898
214810 1461898
80431 1097168
80431 1356814
1097168 1356814
423242 1494150
7981 38635
7981 642909
7981 1071219
7981 1112331
38635 642909
38635 1071219
38635 1112331
642909 1071219
642909 1112331
1071219 1112331
72733 1154834
72733 1518157
1154834 1518157
1092 120121
1092 571053
1092 842363
120121 571053
120121 842363
571053 842363
48565 1286447
702720 912416
447773 1128630
187293 1160016
187293 1250955
1160016 1250955
654626 773851
654626 988968
773851 988968
44432 654626
44432 988968
654626 988968
799343 1450204
45394 438123
45394 833916
438123 833916
1413796 1523135
479258 1252505
459764 877465
268346 1449736
282767 1301551
410047 737403
22498 68383
282767 1301551
91146 1106546
945229 1029854
411389 1213575
315526 740791
1360228 1386929
529158 860747
282767 1301551
696297 937961
104252 355499
104252 919336
355499 919336
282767 1301551
551359 1496701
260718 287796
668832 1126326
229781 1255789
1256275 1297245
260718 287796
260718 846657
287796 846657
730011 1050418
239487 1397554
49506 1012864
208683 1496701
451140 663647
382237 1266820
382237 1542031
1266820 1542031
478047 1471614
561732 1474403
561732 1085998
561732 568357
561732 589933
1474403 1085998
1474403 568357
1474403 589933
1085998 568357
1085998 589933
568357 589933
915149 367037
915149 1394606
367037 1394606
1518157 121222
1518157 243609
1518157 1222276
121222 243609
121222 1222276
243609 1222276
1518157 1222276
1229391 510098
1328907 490006
287601 29229
235711 73117
1139831 1263204
120924 1002570
525665 195804
455860 1334436
1030842 1483998
1030842 1172726
1483998 1172726
719149 535198
177828 350955
969113 228306
222669 638444
222669 396580
638444 396580
100081 503247
77147 1415615
77147 293417
77147 377037
1415615 293417
1415615 377037
293417 377037
822745 1320273
208561 180237
766753 683649
249926 891149
249926 1218459
891149 1218459
17309 1014481
100081 503247
59412 249874
734920 202067
765685 313589
290619 638301
162730 1263204
309284 328470
340690 239753
796302 1180115
14134847 14134848
893477 704776
1217058 1120843
758135 14134850
14134851 624196
14134851 474634
624196 474634
28325 14134853
390300 524824
938345 14134855
14134857 84021
510494 1019855
580267 14134858
