412623 862439
242799 449277
196045 373293
196045 379487
196045 46913
196045 963489
373293 379487
373293 46913
373293 963489
379487 46913
379487 963489
46913 963489
229199 355079
229199 416263
355079 416263
127718 430575
127718 866792
430575 866792
104764 285859
46913 963489
46913 1262979
963489 1262979
62478 256430
62478 1248073
256430 1248073
103523 805488
564394 1317196
13546 1076787
1170347 1316031
536448 1281750
557132 611383
320678 355965
320678 371281
320678 820150
355965 371281
355965 820150
371281 820150
105219 582374
142315 1088235
142315 1457150
1088235 1457150
70730 562142
70730 745814
562142 745814
299252 745814
299252 881743
745814 881743
483321 628142
931991 935408
931991 1467090
935408 1467090
705546 1123757
705546 963580
705546 1516286
963580 1516286
563919 745814
239457 351609
239457 420632
239457 561007
239457 899567
239457 1070696
239457 1531927
351609 420632
351609 561007
351609 899567
351609 1070696
351609 1531927
420632 561007
420632 899567
420632 1070696
420632 1531927
561007 899567
561007 1070696
561007 1531927
899567 1070696
899567 1531927
1070696 1531927
398703 619441
1049495 1388765
515041 1053799
1367114 1455610
299252 745814
299252 881743
745814 881743
1315685 1341334
42105 129159
42105 669561
42105 1361630
129159 669561
129159 1361630
669561 1361630
914797 984342
25914 685999
25914 1299270
685999 1299270
386866 1450662
236196 820080
439349 915944
347384 491198
42133 465660
420402 1295928
611438 804683
555301 963580
191954 712325
5900 1019319
431721 514790
431721 1317707
431721 1461898
514790 1317707
514790 1461898
1317707 1461898
306399 904825
274065 686273
119046 398191
119046 1180447
431721 843997
595513 861687
595513 1073955
861687 1073955
412623 862439
108166 390404
188165 628542
636899 1154903
433819 1315922
68975 576769
68975 1368728
576769 1368728
315039 744824
536448 1281750
197518 1204599
1079062 1146195
224176 582483
224176 1354849
582483 1354849
953754 1002100
85566 300192
85566 300192
61907 82286
167984 213047
167984 591842
213047 591842
2256 105694
2256 642694
2256 1400272
105694 642694
105694 1400272
642694 1400272
29229 897599
29229 190377
29229 786139
190377 786139
137247 909747
137247 1434451
909747 1434451
108372 1421114
671447 1424357
85566 162693
199010 1409626
199010 1409626
559879 1475805
752772 1027970
752772 1068495
1027970 1068495
327922 610543
327922 1098537
610543 1098537
106698 313638
106698 956029
313638 956029
420402 899567
231698 1006389
1283800 1445075
321659 1052653
15211 1238142
295219 1485498
136167 277124
636215 1410261
862317 951427
454213 1413295
1008323 1504398
383507 519120
505382 877368
505382 1001514
505382 1380414
877368 1001514
877368 1380414
1001514 1380414
94645 210318
94645 929864
210318 929864
627840 644245
627840 966454
644245 966454
96695 805651
677251 808473
357990 972439
357990 1099211
972439 1099211
807311 1520344
318843 1482370
1348013 1529429
808354 1303230
758508 1172659
228083 945461
314291 336575
699821 1148364
368982 433614
179290 527268
79927 429176
79928 596592
79928 1385871
596592 1385871
568029 1477193
197009 1284416
215312 1117664
99828 867816
231166 1382455
240729 530800
51817 1350519
1293933 1486039
491198 797944
990433 1053259
270652 657158
433982 811162
536448 1052701
320905 1188293
214320 267354
49223 140883
861687 1073955
1062202 1492352
278324 376386
238044 434342
574518 747547
364993 924480
77223 1213121
60376 198758
60376 1016206
60376 1101956
60376 1138075
60376 1282314
198758 1016206
198758 1101956
198758 1138075
198758 1282314
1016206 1101956
1016206 1138075
1016206 1282314
1101956 1138075
1101956 1282314
1138075 1282314
1260099 1336931
230385 810690
230385 924082
230385 1028263
230385 1148188
810690 924082
810690 1028263
810690 1148188
924082 1028263
924082 1148188
1028263 1148188
274031 705872
274031 1021223
274031 1123108
705872 1021223
705872 1123108
1021223 1123108
75763 581734
75763 853938
75763 881480
581734 853938
581734 881480
853938 881480
433611 925427
433611 1356248
433611 1528265
925427 1356248
925427 1528265
1356248 1528265
331982 388949
331982 818965
331982 1170704
331982 1309931
331982 1539778
388949 818965
388949 1170704
388949 1309931
388949 1539778
818965 1170704
818965 1309931
818965 1539778
1170704 1309931
1170704 1539778
1309931 1539778
441971 1114622
268430 291510
268430 314289
268430 703424
291510 314289
291510 703424
314289 703424
536954 647662
536954 651416
536954 1050819
536954 1257397
536954 1271170
647662 651416
647662 1050819
647662 1257397
647662 1271170
651416 1050819
651416 1257397
651416 1271170
1050819 1257397
1050819 1271170
1257397 1271170
293241 865461
293241 1375259
865461 1375259
227736 522679
312119 1417682
342019 720062
496532 1288210
315039 654460
49223 476945
6586 888910
6586 1018126
888910 1018126
85 546492
85 896752
546492 896752
85 546492
85 896752
546492 896752
329769 540229
869429 1069836
1047433 1131499
35076 1421113
511002 1076787
311514 1062858
144975 411464
144975 1380594
144975 1397578
411464 1380594
411464 1397578
1380594 1397578
412623 963489
669826 1188293
854908 1055185
424540 836343
169609 675806
514790 1010586
412623 862439
412623 862439
82714 556247
82714 842367
82714 1269359
556247 842367
556247 1269359
842367 1269359
305264 924575
108166 963489
108166 46913
963489 46913
48469 174966
48469 546093
48469 1197029
174966 546093
174966 1197029
546093 1197029
402579 708916
22247 41275
22247 710724
22247 797539
22247 1054818
41275 710724
41275 797539
41275 1054818
710724 797539
710724 1054818
797539 1054818
230303 1267365
866414 1038047
233520 567087
219541 398492
380991 399015
412623 862439
412623 963489
862439 963489
5470 245904
51880 1448130
218413 285859
794324 1324013
465652 627428
718864 1368728
152280 262108
662571 669571
662571 1072583
669571 1072583
80405 119046
70467 443917
70467 680555
443917 680555
148286 172755
1354776 1436627
483321 746433
1045973 1068495
225573 566029
93055 827026
93055 1057698
827026 1057698
135800 714177
234461 667587
689546 1227958
14089542 1495999
