625022 1125879
209732 233578
209732 625608
209732 1207331
233578 625608
233578 1207331
625608 1207331
320981 704987
432094 691610
99828 108166
527025 531054
206257 637367
206257 931482
206257 1504313
637367 931482
637367 1504313
931482 1504313
209038 272068
160992 534615
536448 794324
536448 1052701
794324 1052701
610676 752447
476597 1040921
536448 794324
536448 1052701
794324 1052701
104114 938692
334400 681252
334400 946378
681252 946378
521798 1407087
521798 1494068
1407087 1494068
322598 413917
322598 1372322
413917 1372322
117981 322598
117981 413917
322598 413917
117981 322598
117981 413917
322598 413917
271568 870471
271568 1188416
870471 1188416
162693 817401
313265 995738
36018 495619
124367 293418
124367 376884
124367 481092
124367 488428
124367 574805
124367 1486244
293418 376884
293418 481092
293418 488428
293418 574805
293418 1486244
376884 481092
376884 488428
376884 574805
376884 1486244
481092 488428
481092 574805
481092 1486244
488428 574805
488428 1486244
574805 1486244
32899 318232
32899 470528
32899 846337
318232 470528
318232 846337
470528 846337
339488 1444327
250469 1000299
192343 758247
192343 1456614
758247 1456614
192343 758247
192343 1456614
758247 1456614
448396 614875
527 149125
1000299 1536782
744234 1354849
119942 513874
119942 1183869
513874 1183869
485170 546891
149553 206241
149553 1515819
206241 1515819
127848 627840
25273 600126
107107 264156
107107 877076
264156 877076
448437 1053168
71440 421166
71440 493896
71440 844213
71440 1201057
421166 493896
421166 844213
421166 1201057
493896 844213
493896 1201057
844213 1201057
183124 665086
638880 1244366
35076 251623
35076 695363
35076 1295213
251623 695363
251623 1295213
695363 1295213
231643 464010
641907 1416016
446993 705148
446993 1294694
705148 1294694
659609 1200080
34950 101027
34950 1262424
101027 1262424
604138 1223908
53465 484037
392232 401265
24273 194320
440860 761832
440860 946085
440860 1142122
440860 1440811
761832 946085
761832 1142122
761832 1440811
946085 1142122
946085 1440811
1142122 1440811
31848 411072
434989 1218494
361186 688785
936287 1219800
325248 1098386
325248 1303455
1098386 1303455
359191 1276177
359013 1470811
683509 1142122
66961 234065
66961 842948
234065 842948
98773 317016
98773 442176
317016 442176
1094 1018415
174593 246326
365126 665997
365126 937058
365126 1507495
665997 937058
665997 1507495
937058 1507495
465094 850648
530042 768467
634401 717692
634401 1105486
634401 1278394
717692 1105486
717692 1278394
1105486 1278394
75965 396756
243781 1208991
87954 542181
5998 922628
309250 1536924
81560 241099
103519 295844
698773 859375
88391 789306
89759 227045
89759 814487
89759 1248254
227045 814487
227045 1248254
814487 1248254
65791 1508475
65791 1508475
762919 788330
762919 920392
788330 920392
147413 221624
147413 537650
147413 618522
147413 833640
221624 537650
221624 618522
221624 833640
537650 618522
537650 833640
618522 833640
110195 682844
921767 1426345
712993 1405517
402579 1105026
5416 365589
5416 529446
5416 1038654
365589 529446
365589 1038654
529446 1038654
218210 461797
332440 353270
332440 353270
387118 1065624
507216 1265372
219 593819
887247 1289189
279768 498490
279768 524783
279768 778437
498490 524783
498490 778437
524783 778437
401919 931290
142914 615779
416208 540229
37098 376386
37098 578206
376386 578206
168844 974785
762919 788330
885799 1308688
280094 1438927
116894 298953
116894 927104
298953 927104
56499 170272
99828 556247
1223908 1341336
5998 350843
859575 970536
407957 461981
594358 1208991
570521 910932
63594 376386
224389 331150
224389 511196
331150 511196
1082667 1190910
689617 1001198
6200 365632
69452 407957
241195 799767
321590 1365629
93739 289031
93739 1015675
289031 1015675
946823 1346795
82564 467187
82564 780460
82564 839305
467187 780460
467187 839305
780460 839305
333534 340988
333534 935037
340988 935037
1231068 1361681
