476675 1423436
111774 889056
111774 889056
742925 1420104
67459 708252
149113 1088067
149113 1088067
219407 505155
10219 932019
121484 800610
719723 1420104
36018 50153
36018 296751
36018 1037435
36018 1255452
36018 1420222
50153 296751
50153 1037435
50153 1255452
50153 1420222
296751 1037435
296751 1255452
296751 1420222
1037435 1255452
1037435 1420222
1255452 1420222
36018 50153
36018 296751
36018 1037435
36018 1255452
36018 1420222
50153 296751
50153 1037435
50153 1255452
50153 1420222
296751 1037435
296751 1255452
296751 1420222
1037435 1255452
1037435 1420222
1255452 1420222
36018 315077
900930 1486013
440939 1035784
155287 1180447
639544 722321
639544 1486012
722321 1486012
527 270987
347494 1323439
179984 534912
179984 796302
534912 796302
172301 584078
641967 1540783
285772 738067
117597 892934
208531 316862
365606 557486
220767 730545
365632 398084
487387 551110
191564 429127
191564 783116
429127 783116
219541 1273074
219541 1385284
1273074 1385284
219954 429127
