470340 901175
810293 1065128
113059 470359
81434 778738
1117631 1283231
1117631 1336110
1283231 1336110
82539 583979
82539 800967
583979 800967
543462 823757
543462 859848
823757 859848
129974 152849
129974 172895
129974 214738
129974 1363136
129974 1386663
129974 1443091
152849 172895
152849 214738
152849 1363136
152849 1386663
152849 1443091
172895 214738
172895 1363136
172895 1386663
172895 1443091
214738 1363136
214738 1386663
214738 1443091
1363136 1386663
1363136 1443091
1386663 1443091
385833 716977
385833 1129136
716977 1129136
543177 1416317
654661 743445
29071 40443
313255 473598
313255 503253
313255 621370
313255 643815
313255 685519
313255 1012942
313255 1374156
473598 503253
473598 621370
473598 643815
473598 685519
473598 1012942
473598 1374156
503253 621370
503253 643815
503253 685519
503253 1012942
503253 1374156
621370 643815
621370 685519
621370 1012942
621370 1374156
643815 685519
643815 1012942
643815 1374156
685519 1012942
685519 1374156
1012942 1374156
88066 405684
88066 1492352
405684 1492352
243315 332906
190707 873491
377441 1523241
369585 1247321
92703 222557
106697 899373
83926 295844
83926 409849
83926 419986
83926 430370
83926 670324
295844 409849
295844 419986
295844 430370
295844 670324
409849 419986
409849 430370
409849 670324
419986 430370
419986 670324
430370 670324
15412 82286
52298 176906
52298 249270
52298 427249
52298 564348
52298 780414
176906 249270
176906 427249
176906 564348
176906 780414
249270 427249
249270 564348
249270 780414
427249 564348
427249 780414
564348 780414
247813 551441
247813 1184432
551441 1184432
649431 733751
649431 811360
649431 1422682
733751 811360
733751 1422682
811360 1422682
84524 483243
129433 755472
129433 960272
129433 1169374
129433 1322224
129433 1354103
129433 1365636
755472 960272
755472 1169374
755472 1322224
755472 1354103
755472 1365636
960272 1169374
960272 1322224
960272 1354103
960272 1365636
1169374 1322224
1169374 1354103
1169374 1365636
1322224 1354103
1322224 1365636
1354103 1365636
403055 430128
403055 458344
403055 869796
403055 1011142
430128 458344
430128 869796
430128 1011142
458344 869796
458344 1011142
869796 1011142
1289248 1393603
357990 452177
357990 878147
452177 878147
130560 645523
590768 799652
425679 760976
405782 711847
405782 724490
405782 987682
711847 724490
711847 987682
724490 987682
218074 445060
218074 542187
445060 542187
225469 720865
225469 1318704
720865 1318704
161896 820997
161896 869473
161896 975823
820997 869473
820997 975823
869473 975823
895791 1079228
590048 799998
191986 1417362
264560 270502
264560 659032
264560 1241270
270502 659032
270502 1241270
659032 1241270
66595 144283
66595 1118593
144283 1118593
285415 402995
285415 826186
285415 1164825
285415 1248510
402995 826186
402995 1164825
402995 1248510
826186 1164825
826186 1248510
1164825 1248510
1059757 1430655
404041 582175
404041 1300880
582175 1300880
123757 331150
123757 349806
331150 349806
195855 690840
195855 1509981
690840 1509981
13739 141627
13739 917137
13739 930658
141627 917137
141627 930658
917137 930658
340364 1170134
285853 357990
285853 1502791
357990 1502791
92547 189265
92547 1055392
189265 1055392
541879 793642
148279 155516
148279 282507
148279 451704
148279 468594
148279 603611
148279 1253086
155516 282507
155516 451704
155516 468594
155516 603611
155516 1253086
282507 451704
282507 468594
282507 603611
282507 1253086
451704 468594
451704 603611
451704 1253086
468594 603611
468594 1253086
603611 1253086
342996 793642
342996 1350224
793642 1350224
376848 711453
376848 890654
711453 890654
41559 187308
41559 274460
41559 614467
41559 689253
41559 1051942
187308 274460
187308 614467
187308 689253
187308 1051942
274460 614467
274460 689253
274460 1051942
614467 689253
614467 1051942
689253 1051942
230029 234170
230029 270717
230029 403423
234170 270717
234170 403423
270717 403423
357990 519819
374021 734023
673817 1353714
78791 212172
78791 478047
212172 478047
37499 78791
277865 1374472
277865 1388369
1374472 1388369
621161 997365
334554 354112
334554 482870
334554 909021
354112 482870
354112 909021
482870 909021
868314 948868
1333760 1471614
255053 1333760
255053 1471614
1333760 1471614
489682 1480610
41351 396331
116265 939126
116265 1038264
939126 1038264
49556 719633
398819 1034954
967565 1090316
725264 769749
725264 1166586
769749 1166586
913092 1221768
305939 479979
355075 430920
355075 1504493
430920 1504493
46630 133534
46630 433728
46630 444216
46630 593017
46630 626013
46630 909896
46630 964830
46630 1024525
46630 1071287
133534 433728
133534 444216
133534 593017
133534 626013
133534 909896
133534 964830
133534 1024525
133534 1071287
433728 444216
433728 593017
433728 626013
433728 909896
433728 964830
433728 1024525
433728 1071287
444216 593017
444216 626013
444216 909896
444216 964830
444216 1024525
444216 1071287
593017 626013
593017 909896
593017 964830
593017 1024525
593017 1071287
626013 909896
626013 964830
626013 1024525
626013 1071287
909896 964830
909896 1024525
909896 1071287
964830 1024525
964830 1071287
1024525 1071287
104429 148279
104429 468594
148279 468594
540297 873314
540297 890745
540297 1359100
540297 1400819
873314 890745
873314 1359100
873314 1400819
890745 1359100
890745 1400819
1359100 1400819
82816 251317
175996 838799
175996 1064027
838799 1064027
173433 1038254
358961 656182
104763 215946
104763 339824
104763 518728
215946 339824
215946 518728
339824 518728
477138 947203
477138 1020918
947203 1020918
266778 476608
266778 1411201
476608 1411201
734640 985872
734640 1023552
985872 1023552
263234 1192833
263234 1438219
1192833 1438219
491736 1097308
491736 1309684
1097308 1309684
108407 1399096
398819 681833
39825 568944
39825 676915
568944 676915
878144 1532842
52419 1167832
585576 587000
360518 1180115
216918 244818
368495 1540138
270129 758615
725264 769749
725264 1166586
769749 1166586
13511 14673
132295 785493
32484 303782
718467 891150
718467 1311294
891150 1311294
307495 813983
377604 550310
377604 1324411
550310 1324411
377585 893884
418967 618403
460734 726798
507373 790580
114925 352860
10205 636875
51148 52486
224701 368694
224701 378701
224701 755596
368694 378701
368694 755596
378701 755596
75238 775697
75238 1130166
75238 1335722
775697 1130166
775697 1335722
1130166 1335722
227285 659461
47006 931448
748555 1015290
748555 1118548
1015290 1118548
504962 747197
273905 1000179
273905 1046860
1000179 1046860
432060 975941
112312 516224
307892 496521
307892 1411201
496521 1411201
28766 1063135
447445 581828
188851 645198
188851 1131991
645198 1131991
18329 302224
18329 854460
302224 854460
454967 836318
449581 600905
424568 904702
911006 1323425
10714 1142122
165896 619331
13511 753340
505714 821915
116606 159422
116606 505714
159422 505714
2904 84357
2904 397438
2904 482374
2904 1516973
84357 397438
84357 482374
84357 1516973
397438 482374
397438 1516973
482374 1516973
116606 159422
116606 821915
159422 821915
592520 972006
295964 1186097
123716 490670
123716 1212681
490670 1212681
108410 975284
204870 1088407
79327 426865
132043 898040
132043 1238839
898040 1238839
602766 1210387
91918 664158
63650 337175
63650 1325649
337175 1325649
138419 693305
138419 1036456
138419 1428285
693305 1036456
693305 1428285
1036456 1428285
174633 669956
174633 1442342
669956 1442342
55651 529281
55651 996844
529281 996844
255903 364744
255903 511445
255903 618182
255903 1527323
364744 511445
364744 618182
364744 1527323
511445 618182
511445 1527323
618182 1527323
3263 757193
3263 1167533
757193 1167533
439603 1296623
560959 763454
379241 551219
913939 1099370
223526 306864
223526 333010
223526 472346
223526 810293
223526 1103677
306864 333010
306864 472346
306864 810293
306864 1103677
333010 472346
333010 810293
333010 1103677
472346 810293
472346 1103677
810293 1103677
18451 510544
18451 1128401
510544 1128401
656576 1142848
207942 468707
207942 1114195
468707 1114195
91918 801921
91918 812468
91918 1184681
801921 812468
801921 1184681
812468 1184681
203593 860488
813123 1281441
133944 581488
255903 511445
255903 618182
255903 1527323
511445 618182
511445 1527323
618182 1527323
57452 631794
470114 1159899
33609 348457
33609 392919
33609 914425
33609 1012145
33609 1501320
348457 392919
348457 914425
348457 1012145
348457 1501320
392919 914425
392919 1012145
392919 1501320
914425 1012145
914425 1501320
1012145 1501320
229281 239765
229281 1334027
239765 1334027
229281 239765
229281 343160
239765 343160
55651 1183004
37499 78791
648396 1074675
759951 963975
94260 97482
242208 399341
242208 508695
242208 898994
242208 1013741
242208 1334371
399341 508695
399341 898994
399341 1013741
399341 1334371
508695 898994
508695 1013741
508695 1334371
898994 1013741
898994 1334371
1013741 1334371
177311 207078
177311 638552
207078 638552
95171 204926
287187 701956
287187 903188
287187 1023132
287187 1049143
701956 903188
701956 1023132
701956 1049143
903188 1023132
903188 1049143
1023132 1049143
29142 191015
29142 727196
29142 1309760
29142 1437900
29142 1515821
191015 727196
191015 1309760
191015 1437900
191015 1515821
727196 1309760
727196 1437900
727196 1515821
1309760 1437900
1309760 1515821
1437900 1515821
568128 842911
568128 962806
568128 1097472
842911 962806
842911 1097472
962806 1097472
42133 846693
55198 162830
55198 390034
55198 531417
162830 390034
162830 531417
390034 531417
735687 1117687
735687 1327368
735687 1398603
1117687 1327368
1117687 1398603
1327368 1398603
136402 367310
961183 1020918
734640 985872
734640 1023552
985872 1023552
1026420 1033807
1026420 1149869
1033807 1149869
285853 1502791
198398 703763
157754 569131
157754 578942
569131 578942
130348 724918
130348 920270
724918 920270
246751 417552
246751 853765
246751 1270963
417552 853765
417552 1270963
853765 1270963
470 853765
711748 725715
603140 609776
470 480078
470 941641
480078 941641
87199 97655
87199 266523
97655 266523
470 809857
208207 598510
134589 781431
277993 591282
277993 596161
277993 1519120
591282 596161
591282 1519120
596161 1519120
77856 818469
424166 468594
1253086 1331977
7451 349806
7451 915703
349806 915703
73239 537542
73239 865409
537542 865409
54954 1535486
56668 1375729
108472 298408
290468 1471103
746095 994598
746095 1402580
994598 1402580
1304807 1496944
51741 145785
51741 799045
145785 799045
1104488 1176897
39825 568944
39825 676915
568944 676915
302000 407549
217122 486470
217122 806419
217122 1535240
486470 806419
486470 1535240
806419 1535240
175477 940126
109089 175477
32812 195272
599127 925916
697832 1413231
697832 1413231
179984 228484
179984 442577
179984 826879
179984 1144712
228484 442577
228484 826879
228484 1144712
442577 826879
442577 1144712
826879 1144712
692787 698163
97360 269693
97360 290420
269693 290420
188687 1041537
273442 508780
188687 228484
188687 397274
188687 442577
188687 508780
188687 692787
188687 697832
188687 698163
188687 808443
188687 1041537
188687 1413231
228484 397274
228484 442577
228484 508780
228484 692787
228484 697832
228484 698163
228484 808443
228484 1041537
228484 1413231
397274 442577
397274 508780
397274 692787
397274 697832
397274 698163
397274 808443
397274 1041537
397274 1413231
442577 508780
442577 692787
442577 697832
442577 698163
442577 808443
442577 1041537
442577 1413231
508780 692787
508780 697832
508780 698163
508780 808443
508780 1041537
508780 1413231
692787 697832
692787 698163
692787 808443
692787 1041537
692787 1413231
697832 698163
697832 808443
697832 1041537
697832 1413231
698163 808443
698163 1041537
698163 1413231
808443 1041537
808443 1413231
1041537 1413231
595999 665633
126689 946112
316997 390404
316997 1078148
390404 1078148
1131379 1322244
784789 864779
784789 1120181
136399 1233939
1230266 1322244
975258 1146103
471389 607778
471389 824973
607778 824973
711859 876870
91683 821535
364498 433819
364498 596236
433819 596236
115462 639906
352544 935840
9387 509900
113059 332977
402579 607778
423242 754248
471389 779228
44535 1170833
97270 541900
9387 42891
9387 80540
9387 113059
9387 699821
42891 80540
42891 113059
42891 699821
80540 113059
80540 699821
113059 699821
113059 540910
296427 763871
536067 607489
187833 499903
187833 1487957
499903 1487957
536448 844075
598444 1115702
767492 825498
767492 1020918
825498 1020918
41593 598444
41593 1174793
598444 1174793
328470 372671
88066 857485
88066 1221180
424645 1110778
862629 1316513
123934 175640
123934 198398
123934 234883
175640 198398
175640 234883
198398 234883
334700 390576
334700 655329
390576 655329
51305 250244
51305 635349
250244 635349
715692 745599
18542 297651
18542 1488020
297651 1488020
54275 380683
561471 747160
561471 1245312
747160 1245312
251690 296790
137674 575176
270129 298669
270129 519141
270129 758615
298669 519141
298669 758615
519141 758615
26976 442577
131111 581053
131111 1137240
581053 1137240
42226 449432
42226 945893
449432 945893
238911 639682
238911 1043328
639682 1043328
142493 704882
44432 654626
44432 773851
44432 988968
654626 773851
654626 988968
773851 988968
409089 1211513
1077824 1191662
711202 729937
462808 757285
1513442 1539320
541162 548080
541162 978793
541162 1456482
548080 978793
548080 1456482
978793 1456482
467158 496506
467158 1201043
496506 1201043
516858 723032
516858 844834
516858 1061477
723032 844834
723032 1061477
844834 1061477
1182489 1207856
223692 1033581
52564 476661
395910 443677
433819 821535
433819 1013744
821535 1013744
53602 137674
25917 711847
175477 1004691
923384 1514409
680418 870176
711859 876870
441477 1161450
315637 460468
315637 1234684
460468 1234684
399563 527136
399563 711859
527136 711859
115462 254909
115462 639906
254909 639906
328730 728215
433819 596236
433819 939782
596236 939782
62208 969045
62208 1368728
969045 1368728
257753 753042
253718 433819
66883 73314
158916 329063
59809 577516
21878 469459
662805 1387563
64263 1353551
199755 702554
197823 563228
150743 243768
150743 675594
150743 713303
150743 1428084
243768 675594
243768 713303
243768 1428084
675594 713303
675594 1428084
713303 1428084
592079 1294943
763128 1152829
83756 123716
83756 541900
123716 541900
79217 724888
77012 212816
67683 717354
74579 605713
74579 744230
74579 1212681
605713 744230
605713 1212681
744230 1212681
80982 856452
552608 1288480
552608 1346238
1288480 1346238
1403 66419
1403 107685
1403 211435
66419 107685
66419 211435
107685 211435
257614 476661
257614 699154
476661 699154
3474 203050
280724 1398041
583782 801318
583782 1063662
801318 1063662
147092 1115768
335152 385707
179350 572629
179350 667653
572629 667653
304101 1390084
971667 1353256
251242 586496
251242 1440887
586496 1440887
737767 988711
428773 486158
428773 535198
486158 535198
139244 412870
56451 1222728
338606 1279087
338606 1345516
1279087 1345516
257751 396772
389415 705179
80431 186428
409154 535969
191986 1417362
124577 158918
124577 287108
124577 423575
124577 792848
158918 287108
158918 423575
158918 792848
287108 423575
287108 792848
423575 792848
54275 1029661
1015796 1142324
425468 973239
270129 758615
115462 705176
115462 789216
705176 789216
508780 1179542
41490 165651
147092 969811
147092 1115768
969811 1115768
108472 804138
237587 800820
237587 895311
237587 1362135
800820 895311
800820 1362135
895311 1362135
47214 51451
47214 265291
47214 314929
47214 991609
47214 1080058
51451 265291
51451 314929
51451 991609
51451 1080058
265291 314929
265291 991609
265291 1080058
314929 991609
314929 1080058
991609 1080058
52451 212172
52451 478047
52451 537295
52451 767019
52451 1040526
52451 1060106
212172 478047
212172 537295
212172 767019
212172 1040526
212172 1060106
478047 537295
478047 767019
478047 1040526
478047 1060106
537295 767019
537295 1040526
537295 1060106
767019 1040526
767019 1060106
1040526 1060106
35744 196252
5 80794
5 82286
5 224521
5 280339
80794 82286
80794 224521
80794 280339
82286 224521
82286 280339
224521 280339
170935 226267
8854 381009
8854 1504493
381009 1504493
196252 522003
4837 832284
4837 1146775
4837 1335110
832284 1146775
832284 1335110
1146775 1335110
342181 504583
342181 1011624
342181 1226714
504583 1011624
504583 1226714
1011624 1226714
108931 193415
108931 1447803
108931 1456034
193415 1447803
193415 1456034
1447803 1456034
280288 802288
280288 1095825
802288 1095825
142393 374181
142393 933717
374181 933717
61674 724888
323234 757142
58772 238705
183187 364344
77117 82378
77117 814559
77117 1368918
82378 814559
82378 1368918
814559 1368918
267666 300656
267666 802313
300656 802313
119146 242093
119146 834139
242093 834139
1041186 1366597
957302 1487709
219224 391037
249384 402883
249384 544223
249384 703898
249384 905027
249384 1436213
249384 1530287
402883 544223
402883 703898
402883 905027
402883 1436213
402883 1530287
544223 703898
544223 905027
544223 1436213
544223 1530287
703898 905027
703898 1436213
703898 1530287
905027 1436213
905027 1530287
1436213 1530287
78260 407180
78260 732713
78260 763477
78260 1059974
78260 1105610
407180 732713
407180 763477
407180 1059974
407180 1105610
732713 763477
732713 1059974
732713 1105610
763477 1059974
763477 1105610
1059974 1105610
114653 1509981
402995 611000
302780 352038
302780 441242
302780 533542
302780 705268
352038 441242
352038 533542
352038 705268
441242 533542
441242 705268
533542 705268
424568 904702
424568 1044368
904702 1044368
218295 445060
30231 1447218
144838 733710
144838 804683
144838 1040285
144838 1051559
733710 804683
733710 1040285
733710 1051559
804683 1040285
804683 1051559
1040285 1051559
257751 396772
179993 293431
179993 294346
293431 294346
87145 404887
87145 476819
87145 818884
87145 936665
87145 1095036
87145 1146943
87145 1400789
404887 476819
404887 818884
404887 936665
404887 1095036
404887 1146943
404887 1400789
476819 818884
476819 936665
476819 1095036
476819 1146943
476819 1400789
818884 936665
818884 1095036
818884 1146943
818884 1400789
936665 1095036
936665 1146943
936665 1400789
1095036 1146943
1095036 1400789
1146943 1400789
1115946 1212549
149125 792619
141246 194769
141246 342745
141246 516856
141246 681379
141246 1486002
194769 342745
194769 516856
194769 681379
194769 1486002
342745 516856
342745 681379
342745 1486002
516856 681379
516856 1486002
681379 1486002
403055 1011142
338289 1353714
95299 831856
582431 660439
582431 724577
582431 1227809
582431 1391091
660439 724577
660439 1227809
660439 1391091
724577 1227809
724577 1391091
1227809 1391091
500634 500637
367506 380504
141265 986340
6406 368495
6406 871771
6406 1439264
368495 871771
368495 1439264
871771 1439264
121882 1322808
235187 316286
235187 853019
529463 598685
651854 662590
651854 1066881
651854 1152373
651854 1365104
651854 1418372
662590 1066881
662590 1152373
662590 1365104
662590 1418372
1066881 1152373
1066881 1365104
1066881 1418372
1152373 1365104
1152373 1418372
1365104 1418372
7071 46888
7071 129217
46888 129217
347151 375576
347151 889690
347151 928058
375576 889690
375576 928058
889690 928058
375576 687495
375576 928058
687495 928058
873797 920073
137247 205164
816223 900284
816223 907127
155660 1212290
377216 651247
377216 933572
377216 1336880
377216 1419567
651247 933572
651247 1336880
651247 1419567
933572 1336880
933572 1419567
1336880 1419567
404226 1275522
161879 764258
263542 609685
263542 1048709
263542 1218774
263542 1314017
609685 1048709
609685 1218774
609685 1314017
1048709 1218774
1048709 1314017
1218774 1314017
263542 609685
263542 1048709
263542 1218774
263542 1494626
609685 1048709
609685 1218774
609685 1494626
1048709 1218774
1048709 1494626
1218774 1494626
205284 469414
205284 563816
205284 602456
205284 829147
469414 563816
469414 602456
469414 829147
563816 602456
563816 829147
602456 829147
79463 133728
79463 264844
79463 687144
79463 847329
79463 1094248
79463 1163719
133728 264844
133728 687144
133728 847329
133728 1094248
133728 1163719
264844 687144
264844 847329
264844 1094248
264844 1163719
687144 847329
687144 1094248
687144 1163719
847329 1094248
847329 1163719
1094248 1163719
154277 293660
154277 380641
293660 380641
246374 693876
708211 764011
579033 605841
109551 514790
109551 525546
109551 1010586
514790 525546
514790 1010586
525546 1010586
55651 154167
128697 139080
128697 139080
139084 254180
139084 405158
254180 405158
5 70317
5 142025
5 213515
70317 142025
70317 213515
142025 213515
256815 639698
256815 1255660
639698 1255660
294607 920073
294607 1336851
920073 1336851
145492 459717
145492 629373
459717 629373
492836 745579
29031 920073
29031 1169198
920073 1169198
911388 1138661
722053 994271
246519 622137
62209 483321
11205 304136
112562 1206160
118945 932870
283150 996398
283150 996398
101506 147761
244900 1178010
238911 639682
238911 1043328
639682 1043328
17213 248495
17213 362930
248495 362930
449681 720061
449681 763392
449681 1410941
720061 763392
720061 1410941
763392 1410941
308918 313640
308918 575093
313640 575093
390854 1248073
74334 551990
96446 611897
287357 737535
507972 525013
507972 1390610
525013 1390610
886203 1278132
162534 643469
414726 416630
154858 1180472
154858 1317619
1180472 1317619
431513 713317
166518 766257
166518 1117189
166518 1214315
766257 1117189
766257 1214315
1117189 1214315
187396 428963
187396 1351471
428963 1351471
356497 394935
404302 422432
404302 572926
404302 1402341
422432 572926
422432 1402341
572926 1402341
158991 498786
158991 963636
158991 1124242
498786 963636
498786 1124242
963636 1124242
282211 1496342
337190 1322808
65474 484505
367506 737737
1322808 1466913
1322808 1488492
1466913 1488492
331813 392880
331813 712555
392880 712555
15914 1088124
15914 1113480
15914 1248073
1088124 1113480
1088124 1248073
1113480 1248073
41469 542730
621370 685519
300364 442647
300364 1100541
442647 1100541
608187 1191895
608187 974973
630741 723269
630741 1251711
723269 1251711
58657 191954
58657 635049
191954 635049
372666 748483
372666 1498324
748483 1498324
71157 401295
71157 426784
71157 441745
71157 662959
71157 1084182
71157 1344273
71157 1423011
71157 1480987
401295 426784
401295 441745
401295 662959
401295 1084182
401295 1344273
401295 1423011
401295 1480987
426784 441745
426784 662959
426784 1084182
426784 1344273
426784 1423011
426784 1480987
441745 662959
441745 1084182
441745 1344273
441745 1423011
441745 1480987
662959 1084182
662959 1344273
662959 1423011
662959 1480987
1084182 1344273
1084182 1423011
1084182 1480987
1344273 1423011
1344273 1480987
1423011 1480987
71157 179594
71157 396756
71157 741628
179594 396756
179594 741628
396756 741628
55651 331809
532706 1404933
96695 1262540
96695 1288444
1262540 1288444
859280 1188871
71716 410125
632415 954103
507087 507600
507087 673245
507600 673245
703812 718583
633111 1458291
1468390 1470103
868005 1075401
487269 1298541
248145 1333893
248145 1339661
1333893 1339661
104250 447253
104250 1217184
104250 1333893
447253 1217184
447253 1333893
1217184 1333893
108674 649577
158054 395697
293518 1401001
77952 559087
298351 961955
266442 490999
157478 182926
157478 298333
157478 530913
157478 1067118
157478 1329808
182926 298333
182926 530913
182926 1067118
182926 1329808
298333 530913
298333 1067118
298333 1329808
530913 1067118
530913 1329808
1067118 1329808
575092 1105396
276334 483632
276334 1365104
483632 1365104
843711 1531336
707100 847055
707100 1054854
707100 1106040
847055 1054854
847055 1106040
1054854 1106040
507087 618937
192349 862166
861607 1511670
474814 537252
474814 537906
474814 643259
474814 744874
537252 537906
537252 643259
537252 744874
537906 643259
537906 744874
643259 744874
881642 944445
866797 1391091
549841 641264
549841 932870
641264 932870
141710 519886
141710 1154051
519886 1154051
68341 144333
68341 715399
68341 804000
144333 715399
144333 804000
715399 804000
144570 507972
144570 663128
507972 663128
139697 150571
139697 1497113
150571 1497113
39979 78215
39979 276394
39979 1497564
78215 276394
78215 1497564
276394 1497564
717454 1010325
597283 630230
597283 699596
597283 1374234
630230 699596
630230 1374234
699596 1374234
344476 740082
241233 362116
241233 1048105
362116 1048105
224176 1534434
224176 1534434
177157 208207
177157 598510
208207 598510
363135 789804
363135 1289987
363135 1404285
789804 1289987
789804 1404285
1289987 1404285
342996 715590
342996 1350224
715590 1350224
342996 715590
440925 490454
28767 442719
54785 68480
54785 341076
68480 341076
263770 285853
263770 1073820
285853 1073820
867389 1140884
867389 1426258
1140884 1426258
89756 192697
89756 462852
89756 529545
192697 462852
192697 529545
462852 529545
328718 408282
328718 945808
408282 945808
20898 396748
20898 525992
20898 806417
20898 1319471
396748 525992
396748 806417
396748 1319471
525992 806417
525992 1319471
806417 1319471
14325 474309
14325 489001
14325 638335
14325 693065
14325 907386
14325 952515
14325 1298221
474309 489001
474309 638335
474309 693065
474309 907386
474309 952515
474309 1298221
489001 638335
489001 693065
489001 907386
489001 952515
489001 1298221
638335 693065
638335 907386
638335 952515
638335 1298221
693065 907386
693065 952515
693065 1298221
907386 952515
907386 1298221
952515 1298221
834021 1199186
80431 186428
498715 820993
124554 211498
124554 474309
124554 489001
124554 693065
124554 952515
124554 1188430
211498 474309
211498 489001
211498 693065
211498 952515
211498 1188430
474309 489001
474309 693065
474309 952515
474309 1188430
489001 693065
489001 952515
489001 1188430
693065 952515
693065 1188430
952515 1188430
303782 966647
218059 807521
541879 793642
37737 197739
37737 324361
37737 327230
37737 453169
37737 1120407
37737 1126159
37737 1333488
37737 1507781
197739 324361
197739 327230
197739 453169
197739 1120407
197739 1126159
197739 1333488
197739 1507781
324361 327230
324361 453169
324361 1120407
324361 1126159
324361 1333488
324361 1507781
327230 453169
327230 1120407
327230 1126159
327230 1333488
327230 1507781
453169 1120407
453169 1126159
453169 1333488
453169 1507781
1120407 1126159
1120407 1333488
1120407 1507781
1126159 1333488
1126159 1507781
1333488 1507781
449681 720061
449681 950202
720061 950202
389654 775204
389654 913301
389654 960221
389654 1242022
389654 1456236
775204 913301
775204 960221
775204 1242022
775204 1456236
913301 960221
913301 1242022
913301 1456236
960221 1242022
960221 1456236
1242022 1456236
265923 656488
82065 733538
115398 293899
115398 485767
115398 1130983
293899 485767
293899 1130983
485767 1130983
527190 773952
698021 746057
698021 991937
746057 991937
605245 967549
266454 736160
42592 329759
42592 903256
42592 934379
42592 1342796
329759 903256
329759 934379
329759 1342796
903256 934379
903256 1342796
934379 1342796
1868 314737
212138 234275
212138 529130
234275 529130
640430 938755
640430 1168566
938755 1168566
402979 1038273
402979 1205251
1038273 1205251
751573 1069189
1397683 1398142
26958 166607
26958 1381677
166607 1381677
375088 1020093
375088 1228947
1020093 1228947
1020093 1104688
159275 310894
159275 747116
310894 747116
166607 428801
166607 1078504
166607 1320802
428801 1078504
428801 1320802
1078504 1320802
342241 953931
342241 1088733
953931 1088733
421544 723878
997201 1398519
166492 1169232
298386 741291
395988 454294
261554 1028073
549025 683976
32290 145438
32290 408047
32290 666076
32290 1018655
145438 408047
145438 666076
145438 1018655
408047 666076
408047 1018655
666076 1018655
543941 823360
543941 1183034
543941 1478579
823360 1183034
823360 1478579
1183034 1478579
1039274 1245366
563188 1125757
157681 1473093
6406 368495
6406 1439264
368495 1439264
55651 154167
83155 280035
239687 850249
239687 1540138
850249 1540138
953363 1158979
331813 392880
331813 712555
392880 712555
62689 368495
43095 1382565
1365104 1418372
483632 1365104
739941 1007171
349749 358082
349749 445611
349749 1030225
349749 1424450
358082 445611
358082 1030225
358082 1424450
445611 1030225
445611 1424450
1030225 1424450
875120 1481037
271008 290144
271008 1250720
290144 1250720
142557 1533541
52564 653724
907659 1315922
173806 740734
173806 924276
740734 924276
433819 1315922
137674 538785
137674 1078195
538785 1078195
53602 137674
585484 1409645
138458 635727
204282 373293
364498 433819
364498 596236
433819 596236
160385 798748
538785 1368728
79395 959933
54275 380683
687039 763876
687039 1234684
763876 1234684
22246 1104488
22246 1176897
1104488 1176897
404303 1339007
53602 137674
53602 270129
53602 758615
137674 270129
137674 758615
270129 758615
398819 681833
398819 1034954
398819 1039934
681833 1034954
681833 1039934
1034954 1039934
210720 227997
210720 390404
210720 838591
210720 981231
227997 390404
227997 838591
227997 981231
390404 838591
390404 981231
838591 981231
850348 965217
585576 909773
109172 482445
175477 940126
32812 690277
217122 537642
175477 228484
228306 648537
29204 259603
604016 981231
397388 925916
329063 1393215
14323 88066
304734 1326402
187833 499903
476303 717051
201224 394583
201224 774653
201224 810293
394583 774653
394583 810293
774653 810293
201224 394583
201224 774653
201224 810293
394583 774653
394583 810293
774653 810293
241358 636033
1100393 1452869
468736 514981
237039 349431
11709 120636
11709 145407
11709 296564
11709 1339376
120636 145407
120636 296564
120636 1339376
145407 296564
145407 1339376
296564 1339376
224461 657084
224461 789101
224461 1456600
657084 789101
657084 1456600
789101 1456600
7704 1299967
169459 1095110
169459 1294943
1095110 1294943
674632 1184430
734563 766193
268868 773851
268868 862292
268868 988968
773851 862292
773851 988968
862292 988968
66891 120444
433819 1013744
433819 1315922
1013744 1315922
51811 117425
51811 190155
51811 251369
51811 252296
117425 190155
117425 251369
117425 252296
190155 251369
190155 252296
251369 252296
145840 161543
145840 365567
145840 771193
161543 365567
161543 771193
365567 771193
397055 585531
397055 1263443
585531 1263443
821535 1368728
284913 908533
747974 1135406
939777 1040129
922213 957302
35634 147377
35634 218656
35634 821304
35634 1112984
35634 1187094
35634 1226377
147377 218656
147377 821304
147377 1112984
147377 1187094
147377 1226377
218656 821304
218656 1112984
218656 1187094
218656 1226377
821304 1112984
821304 1187094
821304 1226377
1112984 1187094
1112984 1226377
1187094 1226377
461674 784746
378423 1119581
82108 949604
123934 175640
123934 198398
123934 234883
175640 198398
175640 234883
198398 234883
231208 498724
394845 401874
394845 611867
401874 611867
381224 1197560
119146 834139
302897 680858
384761 1415730
685312 842450
685312 1153972
842450 1153972
320484 1458034
167724 1294413
167724 1367716
1294413 1367716
866990 1414443
71772 1156959
675327 1501564
171356 908014
463027 468966
367510 862406
367510 1166387
367510 1282979
367510 1497404
862406 1166387
862406 1282979
862406 1497404
1166387 1282979
1166387 1497404
1282979 1497404
1036159 1191662
354637 616844
354637 674561
354637 868529
616844 674561
616844 868529
674561 868529
558022 559983
558022 1240504
559983 1240504
81633 993025
81633 1504202
993025 1504202
460257 685312
137045 1537603
135047 953470
974793 1202853
41542 561812
41542 670126
41542 894429
561812 670126
561812 894429
670126 894429
87814 191936
87814 444022
191936 444022
239632 833717
106697 899373
359971 554707
359971 759704
554707 759704
174171 651785
151745 1102182
396748 525992
396748 806417
525992 806417
736791 1417362
502918 885684
202566 1304651
28505 839703
308916 667497
308916 732990
667497 732990
521226 753410
490432 832212
88066 471477
88066 1492352
471477 1492352
150653 1433234
223613 410106
451981 661134
238328 267240
424287 856668
424287 873811
856668 873811
266015 389828
266015 591823
389828 591823
1142122 1261718
88521 1358946
30518 1152829
17478 342996
17478 715590
342996 715590
370359 590013
370359 826032
590013 826032
508191 838799
186475 607688
205811 607688
255758 1064093
775697 820526
775697 1130166
820526 1130166
65746 96633
65746 935995
96633 935995
418905 513018
798 1084920
219725 772962
990260 1029404
157754 205811
157754 223915
157754 279088
157754 556104
157754 798395
205811 223915
205811 279088
205811 556104
205811 798395
223915 279088
223915 556104
223915 798395
279088 556104
279088 798395
556104 798395
205811 451706
296085 313584
296085 481039
296085 1116635
296085 1237858
313584 481039
313584 1116635
313584 1237858
481039 1116635
481039 1237858
1116635 1237858
613227 1126256
427282 1253086
130641 408575
130641 853671
408575 853671
423242 428725
423242 1494150
428725 1494150
41385 1518157
279958 403080
279958 1442729
403080 1442729
118054 661153
286668 672799
849593 921890
536448 1281750
299445 355382
1002855 1531587
675594 713303
675594 1428084
713303 1428084
363732 905413
363732 1036824
905413 1036824
627749 1283178
819551 1302891
835257 1055481
795940 964161
416720 814624
416720 989447
416720 1241416
814624 989447
814624 1241416
989447 1241416
728098 868527
728098 959487
868527 959487
302126 752255
302126 1504489
752255 1504489
581366 748911
17678 722359
70060 514958
402254 1172920
145554 474949
440332 469346
440332 487894
440332 1100234
469346 487894
469346 1100234
487894 1100234
1074057 1227019
677251 1458720
176301 328357
176301 628255
176301 1165896
328357 628255
328357 1165896
628255 1165896
709231 836201
49437 70145
49437 149249
49437 186215
49437 778220
49437 1189006
70145 149249
70145 186215
70145 778220
70145 1189006
149249 186215
149249 778220
149249 1189006
186215 778220
186215 1189006
778220 1189006
212128 1341383
914923 1489676
176301 265642
440332 445672
440332 449433
440332 554955
440332 699035
440332 1100234
440332 1351924
440332 1489232
445672 449433
445672 554955
445672 699035
445672 1100234
445672 1351924
445672 1489232
449433 554955
449433 699035
449433 1100234
449433 1351924
449433 1489232
554955 699035
554955 1100234
554955 1351924
554955 1489232
699035 1100234
699035 1351924
699035 1489232
1100234 1351924
1100234 1489232
1351924 1489232
554955 1100234
554955 1194942
1100234 1194942
433728 478874
433728 593017
433728 626013
433728 964830
433728 1071287
478874 593017
478874 626013
478874 964830
478874 1071287
593017 626013
593017 964830
593017 1071287
626013 964830
626013 1071287
964830 1071287
607688 744230
607688 787478
607688 901831
607688 1020497
607688 1029404
744230 787478
744230 901831
744230 1020497
744230 1029404
787478 901831
787478 1020497
787478 1029404
901831 1020497
901831 1029404
1020497 1029404
285837 661158
51148 842428
431053 716869
254057 1344899
808473 1336542
253517 310853
253517 857421
310853 857421
318810 1146132
151964 363721
312805 1022405
533028 1165108
501493 1082190
1213215 1351152
583407 621449
96299 1489023
166978 746568
1131367 1265994
695501 1442743
545960 1086026
278044 453542
278044 650063
453542 650063
470894 838561
470894 1313408
470894 1334948
470894 1458392
838561 1313408
838561 1334948
838561 1458392
1313408 1334948
1313408 1458392
1334948 1458392
563619 718295
534788 619121
286668 912380
192111 220356
192111 443270
220356 443270
220356 443270
192111 220356
192111 1230432
220356 1230432
200527 500213
200527 654109
200527 1183622
500213 654109
500213 1183622
654109 1183622
454136 1202652
454136 1279799
1202652 1279799
402305 744230
402305 1212681
744230 1212681
117385 149492
117385 403080
117385 412623
117385 443677
117385 540910
117385 1049045
149492 403080
149492 412623
149492 443677
149492 540910
149492 1049045
403080 412623
403080 443677
403080 540910
403080 1049045
412623 443677
412623 540910
412623 1049045
443677 540910
443677 1049045
540910 1049045
398819 681833
398819 1039934
681833 1039934
156445 821535
156445 1054254
156445 1368728
156445 1501315
821535 1054254
821535 1368728
821535 1501315
1054254 1368728
1054254 1501315
1368728 1501315
156445 470359
156445 670263
470359 670263
663433 1255932
237877 829093
102360 337601
102360 364898
102360 412623
102360 784789
337601 364898
337601 412623
337601 784789
364898 412623
364898 784789
412623 784789
136399 1233939
136399 1444201
1233939 1444201
136399 296427
136399 275057
502466 763876
497102 679410
497102 756657
497102 887760
679410 756657
679410 887760
756657 887760
315637 619774
315637 460468
109172 482445
42133 251961
277528 499257
277528 954900
277528 985544
499257 954900
499257 985544
954900 985544
862335 1402377
541900 1481635
604016 981231
216578 625021
312826 377155
312826 657156
377155 657156
91683 106264
21102 74831
21102 934519
74831 934519
329063 387917
131926 499903
131926 1487957
499903 1487957
878144 1532842
240987 673550
29204 259603
227997 390404
227997 838591
390404 838591
165651 518379
175477 1004691
228306 1115698
658324 1234684
142934 701831
965667 1519377
214060 452182
214060 886627
452182 886627
443677 518728
148253 346112
148253 732869
148253 1115408
148253 1426645
346112 732869
346112 1115408
346112 1426645
732869 1115408
732869 1426645
1115408 1426645
404764 459294
961183 1020918
39999 488839
39999 1449048
488839 1449048
808473 1336542
44489 808473
44489 1515057
808473 1515057
310853 570655
423242 428725
423242 1494150
428725 1494150
218413 926755
15769 911904
137521 357064
556887 628369
556887 842906
628369 842906
410173 843441
410173 1333304
843441 1333304
181185 746337
213533 591184
213533 878656
213533 1118373
591184 878656
591184 1118373
878656 1118373
725205 1084683
88066 857485
88066 1059672
857485 1059672
241379 839653
672440 1099402
14323 88066
77856 818469
134589 269719
134589 1055784
269719 1055784
12797 34248
12797 246751
34248 246751
226236 1442729
167086 248831
511215 631623
476597 614132
476597 962240
614132 962240
99828 1032271
99828 1032271
468594 1362293
468594 1362293
587450 1476712
178125 1533291
403080 412623
403080 412623
49943 736971
46630 853765
17830 243284
17830 1014728
17830 1015489
243284 1014728
243284 1015489
1014728 1015489
234655 481341
234655 1350224
481341 1350224
165065 1263407
165065 1263407
181095 1198659
181095 1492446
1198659 1492446
165066 975825
165066 323390
821392 1253421
544306 1315926
323939 1152662
121484 149553
121484 290619
121484 708252
149553 290619
149553 708252
290619 708252
220731 551519
975495 1404326
432785 1483035
328470 541900
54216 254909
365567 439200
58801 148279
1044212 1145875
923384 1514409
88745 1244418
145554 1530532
89365 786139
109089 175477
423242 1494150
102053 1108156
485767 745601
485767 1190654
745601 1190654
154744 206241
66883 911904
233100 326790
843997 1315922
46751 230171
46751 518888
230171 518888
159794 1427990
22660 159794
22660 1427990
159794 1427990
633803 647115
302000 398060
111626 662056
111626 662056
904284 1237511
33168 393138
399766 561007
363440 816223
42133 1163738
372666 737377
291390 651247
250201 646884
33861 646884
151147 882661
78497 541461
78497 1313511
541461 1313511
37291 173858
313640 610373
702246 1142136
88745 1244418
113038 805373
113038 1100751
805373 1100751
178056 529175
178056 538131
529175 538131
62872 1143138
314418 1156855
676195 799343
676195 1450204
799343 1450204
31685 967652
782859 1291616
128749 921114
510494 645998
510494 1195575
645998 1195575
16686 36870
16686 493570
36870 493570
666 9512
666 28622
666 39999
666 104763
666 204926
666 351562
666 379504
666 462080
666 488839
666 493012
666 602451
666 655346
666 694423
666 1208991
666 1317196
9512 28622
9512 39999
9512 104763
9512 204926
9512 351562
9512 379504
9512 462080
9512 488839
9512 493012
9512 602451
9512 655346
9512 694423
9512 1208991
9512 1317196
28622 39999
28622 104763
28622 204926
28622 351562
28622 379504
28622 462080
28622 488839
28622 493012
28622 602451
28622 655346
28622 694423
28622 1208991
28622 1317196
39999 104763
39999 204926
39999 351562
39999 379504
39999 462080
39999 488839
39999 493012
39999 602451
39999 655346
39999 694423
39999 1208991
39999 1317196
104763 204926
104763 351562
104763 379504
104763 462080
104763 488839
104763 493012
104763 602451
104763 655346
104763 694423
104763 1208991
104763 1317196
204926 351562
204926 379504
204926 462080
204926 488839
204926 493012
204926 602451
204926 655346
204926 694423
204926 1208991
204926 1317196
351562 379504
351562 462080
351562 488839
351562 493012
351562 602451
351562 655346
351562 694423
351562 1208991
351562 1317196
379504 462080
379504 488839
379504 493012
379504 602451
379504 655346
379504 694423
379504 1208991
379504 1317196
462080 488839
462080 493012
462080 602451
462080 655346
462080 694423
462080 1208991
462080 1317196
488839 493012
488839 602451
488839 655346
488839 694423
488839 1208991
488839 1317196
493012 602451
493012 655346
493012 694423
493012 1208991
493012 1317196
602451 655346
602451 694423
602451 1208991
602451 1317196
655346 694423
655346 1208991
655346 1317196
694423 1208991
694423 1317196
1208991 1317196
75238 775697
363154 445672
363154 656183
445672 656183
35076 315039
35076 363154
35076 507229
35076 580368
35076 702246
315039 363154
315039 507229
315039 580368
315039 702246
363154 507229
363154 580368
363154 702246
507229 580368
507229 702246
580368 702246
17905 215516
374142 1040448
873797 920073
590686 696198
590686 818267
590686 1091426
590686 1203315
590686 1208592
696198 818267
696198 1091426
696198 1203315
696198 1208592
818267 1091426
818267 1203315
818267 1208592
1091426 1203315
1091426 1208592
1203315 1208592
126549 1529644
924082 995388
924082 1084098
995388 1084098
507215 1084098
42338 301832
671054 1294943
402065 1121283
133088 511188
139188 302508
139188 368933
139188 481092
139188 716078
139188 876923
139188 1048994
302508 368933
302508 481092
302508 716078
302508 876923
302508 1048994
368933 481092
368933 716078
368933 876923
368933 1048994
481092 716078
481092 876923
481092 1048994
716078 876923
716078 1048994
876923 1048994
48034 389373
89659 487002
385827 1291616
172325 1205066
555698 821915
66883 73314
788473 826969
788473 1007622
788473 1052047
788473 1153890
788473 1184845
788473 1313447
788473 1321734
826969 1007622
826969 1052047
826969 1153890
826969 1184845
826969 1313447
826969 1321734
1007622 1052047
1007622 1153890
1007622 1184845
1007622 1313447
1007622 1321734
1052047 1153890
1052047 1184845
1052047 1313447
1052047 1321734
1153890 1184845
1153890 1313447
1153890 1321734
1184845 1313447
1184845 1321734
1313447 1321734
566849 747362
169811 557826
169811 1397504
557826 1397504
244555 812293
81239 427645
585531 1263443
1431116 1433877
65683 1431116
65683 1433877
1431116 1433877
420641 466139
420641 1241970
420641 1535988
466139 1241970
466139 1535988
1241970 1535988
243010 250237
243010 444864
250237 444864
44999 1448227
185280 460476
738289 1012708
580833 719700
580833 1246655
719700 1246655
74898 366752
74898 1505747
366752 1505747
905868 1328303
485789 1383248
84089 249487
484705 496220
54361 175168
54361 242489
54361 423452
175168 242489
175168 423452
242489 423452
385833 716977
385833 1129136
716977 1129136
175687 490861
175687 1475453
490861 1475453
473398 1059909
406057 1171190
197093 628200
527705 1044453
527705 1184187
1044453 1184187
105500 309100
870270 1371939
535969 1340875
88198 986694
129601 449634
102913 639518
102913 715780
639518 715780
784182 1465336
784182 1517869
1465336 1517869
635392 1150929
438 1049941
144919 164221
48542 801271
972991 1304244
285859 328730
1028061 1280485
447773 1128630
343623 972991
343623 1152268
972991 1152268
191149 398717
191149 398717
92817 972292
92817 1016753
92817 1158004
92817 1223425
972292 1016753
972292 1158004
972292 1223425
1016753 1158004
1016753 1223425
1158004 1223425
59234 926835
65948 262142
888327 1139467
347990 1474139
538973 1415986
262590 937154
262590 937154
193721 889734
44508 344300
44508 371687
344300 371687
1039652 1071317
784 156445
784 169125
784 429956
784 482685
784 1440122
156445 169125
156445 429956
156445 482685
156445 1440122
169125 429956
169125 482685
169125 1440122
429956 482685
429956 1440122
482685 1440122
246519 321213
246519 831705
321213 831705
5645 338062
5645 1369216
338062 1369216
197822 420772
617567 933717
739941 1007171
82816 251317
37900 226817
37900 257374
37900 1228497
226817 257374
226817 1228497
257374 1228497
175996 838799
175996 1064027
838799 1064027
142557 1178547
1363862 1536292
481990 974792
481990 1071219
974792 1071219
663645 1207543
663645 1332750
1207543 1332750
454725 1269950
175733 193757
175733 974793
193757 974793
215952 637965
215952 788580
637965 788580
218074 633482
218074 1232564
633482 1232564
977561 1206161
403312 546829
403313 1500297
35278 1002004
586580 757637
586580 1445354
586580 1476170
757637 1445354
757637 1476170
1445354 1476170
586580 757637
586580 1445354
757637 1445354
634206 782455
634206 919196
634206 1333020
782455 919196
782455 1333020
919196 1333020
88343 253311
88343 936636
88343 1067542
253311 936636
253311 1067542
936636 1067542
195272 305650
1406051 1448968
209379 1220094
902365 1155180
902365 1476170
1155180 1476170
714931 1476170
1195969 1448968
330634 757637
107506 1262107
195272 337409
195272 374070
337409 374070
397780 679719
985544 1131279
985544 1145204
1131279 1145204
534593 985544
337409 1521323
806419 1013805
76164 369126
76164 529844
76164 678797
369126 529844
369126 678797
529844 678797
382330 988220
273905 1046860
87814 191936
515272 886733
448238 652321
540297 873314
540297 890745
540297 1359100
540297 1400819
873314 890745
873314 1359100
873314 1400819
890745 1359100
890745 1400819
1359100 1400819
132689 549512
132689 1007171
549512 1007171
424983 1007171
309018 1418292
448840 1183124
338995 486563
287837 423554
449681 672228
197735 1222276
28201 218656
28201 284887
28201 845409
218656 284887
218656 845409
284887 845409
169960 377043
169960 399724
377043 399724
192831 1268989
783169 965643
313121 569131
141021 1198458
80431 186428
196252 223110
495620 706234
141400 170085
141400 414912
170085 414912
260239 986421
260239 1236824
260239 1404315
986421 1236824
986421 1404315
1236824 1404315
313338 893978
696198 1203315
36858 133570
170085 693967
170085 966912
693967 966912
137782 833182
366917 500366
366917 520321
366917 633430
500366 520321
500366 633430
520321 633430
116553 934013
45643 721985
13338 879064
13338 1196121
879064 1196121
429149 954073
429149 1044717
954073 1044717
127087 183916
106941 196251
106941 505794
196251 505794
247381 467434
148279 468594
64207 238210
64207 529240
64207 555278
238210 529240
238210 555278
529240 555278
112878 495620
112878 495620
335556 648651
335556 1196472
648651 1196472
104763 204926
104763 228950
104763 462080
104763 493012
104763 602451
104763 655346
104763 1208991
204926 228950
204926 462080
204926 493012
204926 602451
204926 655346
204926 1208991
228950 462080
228950 493012
228950 602451
228950 655346
228950 1208991
462080 493012
462080 602451
462080 655346
462080 1208991
493012 602451
493012 655346
493012 1208991
602451 655346
602451 1208991
655346 1208991
436176 453568
444365 769528
233149 301496
233149 1280958
301496 1280958
253517 310853
208207 598510
119114 134589
119114 249867
119114 298504
119114 414406
119114 1104152
134589 249867
134589 298504
134589 414406
134589 1104152
249867 298504
249867 414406
249867 1104152
298504 414406
298504 1104152
414406 1104152
258118 292751
258118 1518157
292751 1518157
137966 935996
34834 218130
34834 1010883
34834 1105767
218130 1010883
218130 1105767
1010883 1105767
379118 504827
24954 1319576
582041 892657
117903 985544
575 305650
391132 1175410
261228 669349
610954 934700
91115 335683
1147282 1252019
69051 1151737
16355 19345
16355 184738
16355 524005
16355 1476170
19345 184738
19345 524005
19345 1476170
184738 524005
184738 1476170
524005 1476170
834143 857192
14673 244818
330634 1448968
688733 806419
680418 860631
451901 963015
240451 1275104
112461 540422
1022395 1490986
57377 266319
262112 617246
262112 1031894
617246 1031894
458461 1458901
263552 451778
263552 594783
451778 594783
688733 1307263
604025 1176538
374070 1506181
635392 1150929
1097912 1271374
320978 785607
239556 743387
355563 476541
259998 543499
276891 1029945
801850 953568
801850 946655
598271 801850
598271 953568
801850 953568
293585 595851
355563 476541
173194 411669
173194 913181
173194 1007851
411669 913181
411669 1007851
913181 1007851
495109 958685
495109 1525420
958685 1525420
127817 337932
351351 1515840
357048 746920
332021 1060994
623064 899587
205791 771747
432049 1352281
677315 1002004
302226 954236
130235 140713
130235 1376866
140713 1376866
425944 529844
425944 626702
425944 678797
529844 626702
529844 678797
626702 678797
510337 859206
160937 1199980
160937 1219485
1199980 1219485
53070 1106559
53070 1106559
37137 1140642
37137 1522751
1140642 1522751
1499033 1510833
55410 1510833
78325 398679
36399 855102
252965 1110061
252965 1323163
1110061 1323163
904284 1237511
875400 984063
875400 1093071
984063 1093071
32475 252965
210047 282981
252965 1110061
248994 404303
248994 778927
404303 778927
137674 924276
137674 538785
137674 538785
137674 538785
34248 568944
34248 676915
568944 676915
124761 184231
698517 1455064
725264 769749
725264 769749
175477 543781
450208 564564
543781 860187
25917 240987
25917 709570
25917 959933
240987 709570
240987 959933
709570 959933
79395 959933
72693 431000
142593 1219041
472894 699821
144224 829093
829093 1393215
568029 599622
42133 764081
14610 1170606
923384 1514409
175477 923384
38739 459695
168236 690312
362919 511461
940802 1255346
940802 980797
83431 801297
148326 1057797
51817 268439
64627 881072
64627 1393215
881072 1393215
166819 700667
175477 940126
636351 1393215
53674 660546
53674 790739
660546 790739
293585 508669
248994 1393215
248994 1523070
1393215 1523070
248994 343549
248994 604016
343549 604016
710724 1054818
42133 534046
22660 763876
203080 1271825
454112 692316
454112 813679
692316 813679
42133 287126
175477 1124776
262580 1078087
29229 712907
29229 900583
29229 1013188
712907 900583
712907 1013188
900583 1013188
784 276999
784 918904
784 1011265
276999 918904
276999 1011265
918904 1011265
144303 315603
238044 315060
238044 335616
238044 861094
238044 1093301
315060 335616
315060 861094
315060 1093301
335616 861094
335616 1093301
861094 1093301
746575 1059174
378185 1002278
423386 1011230
79478 546984
461743 719940
461743 1060100
461743 1341437
461743 1436154
719940 1060100
719940 1341437
719940 1436154
1060100 1341437
1060100 1436154
1341437 1436154
388963 485637
514061 580332
514061 603734
514061 1127435
580332 603734
580332 1127435
603734 1127435
436801 786139
51214 100850
51214 330250
51214 592405
51214 698899
51214 1011204
51214 1095433
51214 1136100
51214 1197818
51214 1516060
100850 330250
100850 592405
100850 698899
100850 1011204
100850 1095433
100850 1136100
100850 1197818
100850 1516060
330250 592405
330250 698899
330250 1011204
330250 1095433
330250 1136100
330250 1197818
330250 1516060
592405 698899
592405 1011204
592405 1095433
592405 1136100
592405 1197818
592405 1516060
698899 1011204
698899 1095433
698899 1136100
698899 1197818
698899 1516060
1011204 1095433
1011204 1136100
1011204 1197818
1011204 1516060
1095433 1136100
1095433 1197818
1095433 1516060
1136100 1197818
1136100 1516060
1197818 1516060
381308 621819
381308 1161926
621819 1161926
96767 231234
96767 500285
96767 590462
96767 607881
96767 975130
96767 1019880
96767 1108008
231234 500285
231234 590462
231234 607881
231234 975130
231234 1019880
231234 1108008
500285 590462
500285 607881
500285 975130
500285 1019880
500285 1108008
590462 607881
590462 975130
590462 1019880
590462 1108008
607881 975130
607881 1019880
607881 1108008
975130 1019880
975130 1108008
1019880 1108008
1268834 1369547
8622 209732
8622 252241
8622 623031
8622 806417
8622 845245
8622 1450985
8622 1517191
209732 252241
209732 623031
209732 806417
209732 845245
209732 1450985
209732 1517191
252241 623031
252241 806417
252241 845245
252241 1450985
252241 1517191
623031 806417
623031 845245
623031 1450985
623031 1517191
806417 845245
806417 1450985
806417 1517191
845245 1450985
845245 1517191
1450985 1517191
919992 1102687
129567 464115
342858 759295
194043 498078
194043 755362
194043 1508948
498078 755362
498078 1508948
755362 1508948
579986 882859
579986 1320322
579986 1424726
882859 1320322
882859 1424726
1320322 1424726
1099887 1173209
48255 279099
48255 959090
279099 959090
52263 1429812
357566 617100
357566 834289
357566 1094413
617100 834289
617100 1094413
834289 1094413
296824 1217602
59254 124229
59254 130329
59254 279109
59254 1029984
124229 130329
124229 279109
124229 1029984
130329 279109
130329 1029984
279109 1029984
666 9512
666 28622
666 39999
666 104763
666 204926
666 351562
666 379504
666 462080
666 488839
666 493012
666 602451
666 655346
666 694423
666 1124207
666 1208991
666 1317196
9512 28622
9512 39999
9512 104763
9512 204926
9512 351562
9512 379504
9512 462080
9512 488839
9512 493012
9512 602451
9512 655346
9512 694423
9512 1124207
9512 1208991
9512 1317196
28622 39999
28622 104763
28622 204926
28622 351562
28622 379504
28622 462080
28622 488839
28622 493012
28622 602451
28622 655346
28622 694423
28622 1124207
28622 1208991
28622 1317196
39999 104763
39999 204926
39999 351562
39999 379504
39999 462080
39999 488839
39999 493012
39999 602451
39999 655346
39999 694423
39999 1124207
39999 1208991
39999 1317196
104763 204926
104763 351562
104763 379504
104763 462080
104763 488839
104763 493012
104763 602451
104763 655346
104763 694423
104763 1124207
104763 1208991
104763 1317196
204926 351562
204926 379504
204926 462080
204926 488839
204926 493012
204926 602451
204926 655346
204926 694423
204926 1124207
204926 1208991
204926 1317196
351562 379504
351562 462080
351562 488839
351562 493012
351562 602451
351562 655346
351562 694423
351562 1124207
351562 1208991
351562 1317196
379504 462080
379504 488839
379504 493012
379504 602451
379504 655346
379504 694423
379504 1124207
379504 1208991
379504 1317196
462080 488839
462080 493012
462080 602451
462080 655346
462080 694423
462080 1124207
462080 1208991
462080 1317196
488839 493012
488839 602451
488839 655346
488839 694423
488839 1124207
488839 1208991
488839 1317196
493012 602451
493012 655346
493012 694423
493012 1124207
493012 1208991
493012 1317196
602451 655346
602451 694423
602451 1124207
602451 1208991
602451 1317196
655346 694423
655346 1124207
655346 1208991
655346 1317196
694423 1124207
694423 1208991
694423 1317196
1124207 1208991
1124207 1317196
1208991 1317196
166927 179668
166927 983017
179668 983017
7941 60595
7941 563736
7941 906596
7941 1084316
7941 1198409
60595 563736
60595 906596
60595 1084316
60595 1198409
563736 906596
563736 1084316
563736 1198409
906596 1084316
906596 1198409
1084316 1198409
928587 1428812
343562 812188
1222680 1245105
1369706 1461071
795804 1187704
146768 596567
146768 607195
146768 841454
146768 1452139
596567 607195
596567 841454
596567 1452139
607195 841454
607195 1452139
841454 1452139
1400655 1510554
551441 1112582
434961 1294030
132088 255131
705527 1124008
712719 806991
31946 138281
31946 707277
31946 921486
138281 707277
138281 921486
707277 921486
152242 465157
270129 278541
270129 758615
278541 758615
345026 1190345
345026 1391265
1190345 1391265
351737 633178
320975 947332
665605 809307
52399 213487
52399 972431
52399 1297509
52399 1486761
213487 972431
213487 1297509
213487 1486761
972431 1297509
972431 1486761
1297509 1486761
566849 1058840
446089 634701
394617 1510513
90116 256430
1198659 1492446
165896 619331
165896 1086102
619331 1086102
398819 1039934
113059 402579
113059 524388
113059 540910
113059 1513946
402579 524388
402579 540910
402579 1513946
524388 540910
524388 1513946
540910 1513946
196045 605713
196045 1120181
196045 1212681
605713 1120181
605713 1212681
1120181 1212681
558925 788407
25917 509733
287991 449634
287991 731748
449634 731748
17905 30506
17905 79327
30506 79327
17905 30506
2431 888883
248994 584107
681447 1201015
175477 1004691
377155 406570
377155 901834
406570 901834
468594 1362293
614120 1475683
111459 137578
447773 1128630
454967 499202
131476 692937
161543 591343
399563 711859
342661 399563
342661 711859
399563 711859
342661 711859
41170 1028974
9802 302225
9802 404945
302225 404945
262590 1443473
246608 527025
535969 664558
535969 695060
664558 695060
119046 285293
119046 586561
119046 763128
119046 1117086
285293 586561
285293 763128
285293 1117086
586561 763128
586561 1117086
763128 1117086
138958 403080
728684 1039220
21063 385906
259603 1234684
339744 1518025
404303 1393215
404303 1523070
1393215 1523070
29204 259603
29204 259603
113059 540910
113059 540910
66883 293462
657980 1206953
115462 441556
409907 464150
43919 1082103
432599 500387
138653 169125
138653 1357835
169125 1357835
264338 564211
28130 653101
409530 486033
409530 824399
486033 824399
521226 809873
399769 1233632
1020918 1137722
1246677 1530552
53231 408081
695380 1414549
321998 1414549
418736 729427
368717 720970
368717 987514
720970 987514
306240 525686
306240 1098299
525686 1098299
148279 468594
70024 635392
70024 1150929
635392 1150929
75185 485305
75185 659726
75185 683803
75185 776529
75185 847894
75185 1345740
75185 1434166
75185 1539742
485305 659726
485305 683803
485305 776529
485305 847894
485305 1345740
485305 1434166
485305 1539742
659726 683803
659726 776529
659726 847894
659726 1345740
659726 1434166
659726 1539742
683803 776529
683803 847894
683803 1345740
683803 1434166
683803 1539742
776529 847894
776529 1345740
776529 1434166
776529 1539742
847894 1345740
847894 1434166
847894 1539742
1345740 1434166
1345740 1539742
1434166 1539742
558925 788407
558925 888567
788407 888567
97655 113545
97655 1332854
113545 1332854
224570 729427
226256 818469
447773 1128630
13057 104196
88169 897325
405040 675874
276839 438929
274065 745613
162651 408061
162651 511557
408061 511557
132043 1055989
1054767 1114562
220349 756666
220349 797621
756666 797621
83431 801297
368553 821789
133241 450853
133241 1522959
450853 1522959
612762 1205430
612762 1205430
485794 720063
379561 513341
149973 473193
149973 473193
172345 377107
320330 646739
175477 1124776
2523 446327
2523 868364
2523 1494933
446327 868364
446327 1494933
868364 1494933
752003 1157839
164478 1284825
334244 1337759
258669 300878
258669 806497
300878 806497
175648 714813
258669 377941
815063 1297285
815063 1367532
1297285 1367532
878144 1532842
175477 1004691
217122 631237
217122 874953
631237 874953
248994 1393215
248994 1523070
1393215 1523070
318810 504938
148279 670331
125776 619774
279608 355075
279608 1504493
355075 1504493
156445 169369
156445 552192
169369 552192
318810 1464653
280724 828937
8854 763876
175477 457211
175477 1004691
457211 1004691
13511 916768
205985 232856
205985 237905
205985 972991
232856 237905
232856 972991
237905 972991
137795 535198
137795 1386184
535198 1386184
711859 876870
241824 429838
241824 518646
429838 518646
136688 1063662
633856 798160
158849 636899
275057 616290
111351 213305
403080 540910
403080 638966
540910 638966
131063 1368728
14673 661007
913674 1212135
284186 1047084
115462 628080
115462 916768
628080 916768
380409 1334171
46630 117385
46630 638966
46630 1502607
117385 638966
117385 1502607
638966 1502607
157754 1179022
47006 95289
606391 709908
606391 1066376
709908 1066376
156526 916768
1330061 1419470
1330061 1440234
1419470 1440234
579402 838322
269736 1485761
916768 1261077
16264 642889
585156 1013667
41170 647970
29204 1393215
66883 911904
66883 911904
113059 911904
14673 399563
13511 753340
50007 945643
50007 108498
50007 560916
50007 806335
50007 1100525
50007 1356429
108498 560916
108498 806335
108498 1100525
108498 1356429
560916 806335
560916 1100525
560916 1356429
806335 1100525
806335 1356429
1100525 1356429
321921 404807
321921 560916
404807 560916
321921 806335
188606 383355
188606 534806
188606 1074534
383355 534806
383355 1074534
534806 1074534
41449 251276
410043 621345
699355 1125726
699355 1389767
1125726 1389767
172889 758776
172889 863769
758776 863769
241255 1488337
541139 788116
166581 752747
370151 400848
370151 1114854
370151 1136734
400848 1114854
400848 1136734
1114854 1136734
373435 610849
373435 1080393
373435 1360195
610849 1080393
610849 1360195
1080393 1360195
321921 404807
321921 560916
404807 560916
490861 806335
87595 160003
87595 1460024
160003 1460024
344587 495108
344587 495108
639558 719729
48017 196486
48017 250144
48017 335126
48017 688143
48017 1045014
48017 1296827
48017 1361183
48017 1517502
196486 250144
196486 335126
196486 688143
196486 1045014
196486 1296827
196486 1361183
196486 1517502
250144 335126
250144 688143
250144 1045014
250144 1296827
250144 1361183
250144 1517502
335126 688143
335126 1045014
335126 1296827
335126 1361183
335126 1517502
688143 1045014
688143 1296827
688143 1361183
688143 1517502
1045014 1296827
1045014 1361183
1045014 1517502
1296827 1361183
1296827 1517502
1361183 1517502
601482 1490190
80789 148466
80789 1306182
148466 1306182
213375 1436426
715110 1054367
693128 715110
693128 1233008
715110 1233008
593881 1220634
593881 1249720
1220634 1249720
183433 473528
453655 553048
453655 600257
453655 635425
453655 904692
453655 1139334
553048 600257
553048 635425
553048 904692
553048 1139334
600257 635425
600257 904692
600257 1139334
635425 904692
635425 1139334
904692 1139334
321921 404807
321921 560916
404807 560916
77309 727869
44535 131476
44535 196045
44535 744230
44535 1212681
131476 196045
131476 744230
131476 1212681
196045 744230
196045 1212681
744230 1212681
1336484 1512215
442577 462808
169982 548886
136399 471434
711859 876870
109089 175477
109172 482445
109175 1512215
248994 1393215
248994 1523070
1393215 1523070
1368728 1501315
65605 642219
65605 1350519
642219 1350519
1046995 1071846
1046995 1126707
1046995 1137655
1071846 1126707
1071846 1137655
1126707 1137655
29204 259603
296427 645206
275057 296427
275057 1463295
296427 1463295
604289 1480610
237708 252296
201102 914430
123384 1343861
637180 707589
529970 1377728
163857 357048
163857 841131
357048 841131
902365 1131279
902365 1155180
1131279 1155180
634922 754931
1362416 1476170
29739 1286891
29739 1434753
1286891 1434753
680418 870176
154693 252375
584582 1370807
451967 958391
784794 1004229
147297 181120
147297 1155180
181120 1155180
6720 399053
605713 665633
605713 665633
967149 1540040
389567 659082
731490 922201
512739 1161779
954515 1161779
94686 1501338
182437 613827
1097912 1271374
433614 1339692
22003 1019254
849122 977501
24441 818263
24441 1178539
818263 1178539
914296 1052729
456843 519841
159990 1124047
159990 1300932
1124047 1300932
108926 1141665
131476 230660
1227791 1260062
25488 1178539
88343 224881
118194 129107
118194 1013805
129107 1013805
186591 357048
152776 1349374
978531 1072439
196252 790512
115528 196252
29229 863562
1014171 1124137
1014171 1240255
1124137 1240255
515431 535494
5583 707146
180569 1436156
429802 447551
429802 518288
429802 1060775
447551 518288
447551 1060775
518288 1060775
957635 1205742
1229391 1399440
469576 719307
194210 238210
809036 1248020
809036 1248020
809036 1248020
809036 1248020
260809 1198548
194769 516856
194769 681379
516856 681379
597892 642321
597892 1497834
642321 1497834
137039 1385208
73355 845201
73355 1191335
845201 1191335
6630 589895
679972 891074
1016803 1479806
569320 1450402
48319 1393705
267833 849450
267833 904235
849450 904235
901140 991478
446245 489287
402586 1132667
402586 1359686
1132667 1359686
1132667 1289198
217332 975517
330912 443096
31508 595999
214908 274237
214908 280076
274237 280076
62728 470711
228484 291207
228484 442577
228484 740318
228484 1126733
291207 442577
291207 740318
291207 1126733
442577 740318
442577 1126733
740318 1126733
681488 1164690
924017 1210162
924017 1213225
1210162 1213225
99828 591195
342661 711859
832282 838591
939773 1259298
108473 1212681
1099062 1125426
187833 291120
134140 195850
134140 468413
134140 1364943
134140 1413845
134140 1539536
195850 468413
195850 1364943
195850 1413845
195850 1539536
468413 1364943
468413 1413845
468413 1539536
1364943 1413845
1364943 1539536
1413845 1539536
1263 65617
1263 444026
1263 1212946
1263 1263395
65617 444026
65617 1212946
65617 1263395
444026 1212946
444026 1263395
1212946 1263395
248125 800188
248125 927895
248125 1514779
800188 927895
800188 1514779
927895 1514779
126392 1302533
77548 387831
77548 557559
77548 1268008
387831 557559
387831 1268008
557559 1268008
91221 173808
91221 1110159
173808 1110159
659153 665345
659153 845440
659153 1428859
665345 845440
665345 1428859
845440 1428859
68855 293239
68855 404147
68855 480174
68855 828867
68855 1135820
68855 1267118
68855 1287601
293239 404147
293239 480174
293239 828867
293239 1135820
293239 1267118
293239 1287601
404147 480174
404147 828867
404147 1135820
404147 1267118
404147 1287601
480174 828867
480174 1135820
480174 1267118
480174 1287601
828867 1135820
828867 1267118
828867 1287601
1135820 1267118
1135820 1287601
1267118 1287601
117159 261341
117159 414293
261341 414293
213671 326122
213671 407714
213671 748651
326122 407714
326122 748651
407714 748651
75822 87177
75822 105915
75822 125372
87177 105915
87177 125372
105915 125372
80947 1242105
414764 482864
1178735 1202808
471430 543016
471430 1405565
543016 1405565
296022 578165
296022 682245
296022 700452
296022 1408336
578165 682245
578165 700452
578165 1408336
682245 700452
682245 1408336
700452 1408336
619841 781877
619841 1286949
781877 1286949
698265 873001
32416 104352
195014 1390584
284222 484291
284222 498690
284222 899323
284222 1415631
484291 498690
484291 899323
484291 1415631
498690 899323
498690 1415631
899323 1415631
131030 732445
131030 1440791
732445 1440791
43851 1065774
43851 1066552
43851 1452654
1065774 1066552
1065774 1452654
1066552 1452654
151090 300963
151090 329836
151090 930780
151090 966354
151090 1161651
300963 329836
300963 930780
300963 966354
300963 1161651
329836 930780
329836 966354
329836 1161651
930780 966354
930780 1161651
966354 1161651
119432 387785
119432 907586
119432 1170209
119432 1352821
387785 907586
387785 1170209
387785 1352821
907586 1170209
907586 1352821
1170209 1352821
190517 252535
190517 271481
190517 954653
190517 1452300
252535 271481
252535 954653
252535 1452300
271481 954653
271481 1452300
954653 1452300
9601 1036118
9601 1530649
1036118 1530649
497828 847526
497828 942202
497828 1139480
497828 1468604
847526 942202
847526 1139480
847526 1468604
942202 1139480
942202 1468604
1139480 1468604
71636 1415852
71636 1439780
1415852 1439780
716728 1312577
8551 529636
8551 605324
8551 1016032
8551 1140927
8551 1157166
8551 1190499
529636 605324
529636 1016032
529636 1140927
529636 1157166
529636 1190499
605324 1016032
605324 1140927
605324 1157166
605324 1190499
1016032 1140927
1016032 1157166
1016032 1190499
1140927 1157166
1140927 1190499
1157166 1190499
232809 673402
46164 504815
143039 1155699
300741 324600
269736 563403
11819 652150
11819 652150
16270 720063
449886 614963
449886 1236309
614963 1236309
88833 131361
88833 324971
88833 515244
88833 949294
131361 324971
131361 515244
131361 949294
324971 515244
324971 949294
515244 949294
499483 515568
331833 1142305
331833 1539122
1142305 1539122
662978 1256109
176043 345853
303283 362490
138729 1070532
483440 784436
280161 1097556
224524 430863
32246 53651
32246 348835
32246 367259
32246 544907
32246 609240
32246 1132495
32246 1366467
53651 348835
53651 367259
53651 544907
53651 609240
53651 1132495
53651 1366467
348835 367259
348835 544907
348835 609240
348835 1132495
348835 1366467
367259 544907
367259 609240
367259 1132495
367259 1366467
544907 609240
544907 1132495
544907 1366467
609240 1132495
609240 1366467
1132495 1366467
543275 866526
197223 549344
406826 610674
406826 710014
406826 907953
610674 710014
610674 907953
710014 907953
9888 334514
9888 357967
9888 1074035
334514 357967
334514 1074035
357967 1074035
157667 377844
157667 453392
157667 1002565
377844 453392
377844 1002565
453392 1002565
763449 975980
283305 417324
83013 418174
83013 963723
83013 1233209
83013 1421720
83013 1515546
418174 963723
418174 1233209
418174 1421720
418174 1515546
963723 1233209
963723 1421720
963723 1515546
1233209 1421720
1233209 1515546
1421720 1515546
455503 660785
938133 1279762
938133 1424865
1279762 1424865
246212 654240
941626 1423747
258893 512744
306641 329261
306641 1046020
306641 1335922
329261 1046020
329261 1335922
1046020 1335922
101833 365041
143935 188407
143935 274036
143935 350708
143935 468836
143935 1400819
143935 1467950
188407 274036
188407 350708
188407 468836
188407 1400819
188407 1467950
274036 350708
274036 468836
274036 1400819
274036 1467950
350708 468836
350708 1400819
350708 1467950
468836 1400819
468836 1467950
1400819 1467950
9952 220908
9952 235363
9952 625122
9952 1011631
9952 1247621
220908 235363
220908 625122
220908 1011631
220908 1247621
235363 625122
235363 1011631
235363 1247621
625122 1011631
625122 1247621
1011631 1247621
620516 1103038
406826 416772
406826 439632
406826 499483
416772 439632
416772 499483
439632 499483
326669 1112655
326669 1216269
1112655 1216269
337211 391126
337211 705749
391126 705749
284934 537077
575189 1288170
885325 1154051
547306 831372
227195 342916
227195 1014632
227195 1164988
227195 1365666
342916 1014632
342916 1164988
342916 1365666
1014632 1164988
1014632 1365666
1164988 1365666
580755 595960
580755 1318218
595960 1318218
580755 595960
580755 1318218
595960 1318218
145019 229079
145019 557379
145019 1252663
229079 557379
229079 1252663
557379 1252663
145019 229079
145019 557379
145019 1252663
229079 557379
229079 1252663
557379 1252663
50041 491481
50041 1028668
491481 1028668
216240 577102
404411 695217
404411 866038
404411 1254187
695217 866038
695217 1254187
866038 1254187
235363 392509
235363 776089
235363 911661
235363 1341903
392509 776089
392509 911661
392509 1341903
776089 911661
776089 1341903
911661 1341903
47618 194716
23487 266727
23487 393531
266727 393531
28359 1356814
28359 1360680
1356814 1360680
659538 1016495
887122 1041198
412154 627771
412154 686458
412154 861136
627771 686458
627771 861136
686458 861136
177694 905336
177694 964408
177694 1055918
905336 964408
905336 1055918
964408 1055918
286454 379673
357967 797765
426865 646529
426865 1359865
646529 1359865
18451 510544
18451 1128401
18451 1263149
510544 1128401
510544 1263149
1128401 1263149
1417215 1483035
270129 278541
270129 290619
270129 298669
270129 301940
270129 519141
270129 598925
270129 681883
270129 758615
270129 773963
270129 800610
270129 950800
270129 1099124
270129 1102620
270129 1294711
278541 290619
278541 298669
278541 301940
278541 519141
278541 598925
278541 681883
278541 758615
278541 773963
278541 800610
278541 950800
278541 1099124
278541 1102620
278541 1294711
290619 298669
290619 301940
290619 519141
290619 598925
290619 681883
290619 758615
290619 773963
290619 800610
290619 950800
290619 1099124
290619 1102620
290619 1294711
298669 301940
298669 519141
298669 598925
298669 681883
298669 758615
298669 773963
298669 800610
298669 950800
298669 1099124
298669 1102620
298669 1294711
301940 519141
301940 598925
301940 681883
301940 758615
301940 773963
301940 800610
301940 950800
301940 1099124
301940 1102620
301940 1294711
519141 598925
519141 681883
519141 758615
519141 773963
519141 800610
519141 950800
519141 1099124
519141 1102620
519141 1294711
598925 681883
598925 758615
598925 773963
598925 800610
598925 950800
598925 1099124
598925 1102620
598925 1294711
681883 758615
681883 773963
681883 800610
681883 950800
681883 1099124
681883 1102620
681883 1294711
758615 773963
758615 800610
758615 950800
758615 1099124
758615 1102620
758615 1294711
773963 800610
773963 950800
773963 1099124
773963 1102620
773963 1294711
800610 950800
800610 1099124
800610 1102620
800610 1294711
950800 1099124
950800 1102620
950800 1294711
1099124 1102620
1099124 1294711
1102620 1294711
120738 412623
120738 638966
120738 862439
412623 638966
412623 862439
638966 862439
592733 1504493
443677 781608
149492 412623
149492 443677
149492 638966
412623 443677
412623 638966
443677 638966
557643 972760
148279 468594
27632 369115
240987 673550
240987 1061022
673550 1061022
159794 1427990
328470 705542
614120 692316
614120 730969
692316 730969
504962 747197
504962 1417522
747197 1417522
15642 716869
616290 827558
616290 1504493
827558 1504493
175477 1004691
175477 1501318
1004691 1501318
175477 543781
175477 1004691
543781 1004691
169419 215674
841821 1237858
279608 935840
9387 74831
9387 80540
9387 387345
74831 80540
74831 387345
80540 387345
128567 502466
128567 763876
502466 763876
22003 692937
711128 794324
326790 1410301
527136 711859
113059 115462
113059 541900
113059 639906
115462 541900
115462 639906
541900 639906
187833 819820
241824 429838
241824 518646
429838 518646
474276 647970
248994 1393215
248994 1523070
1393215 1523070
42891 642721
42891 677163
42891 1200727
642721 677163
642721 1200727
677163 1200727
74831 191192
166819 433819
162294 275057
387917 823355
380409 1334171
935840 970713
788734 1110623
7018 218130
7018 681390
218130 681390
680446 1150309
412623 680446
411846 1142122
67378 986833
22176 316050
22176 1021598
22176 1268143
316050 1021598
316050 1268143
1021598 1268143
449985 1380286
449985 1469364
1380286 1469364
30518 129746
30518 566849
129746 566849
363242 709828
363242 1170470
709828 1170470
3487 212904
44769 1412532
395910 443677
395910 697506
443677 697506
58801 148279
58801 468594
148279 468594
190989 293032
190989 781431
293032 781431
818469 1209210
479350 1360225
21066 1350920
21066 1496414
1350920 1496414
173433 992750
332553 684685
94260 980191
134589 151300
134589 269719
151300 269719
461129 585773
461129 1273819
461129 1421882
461129 1541068
585773 1273819
585773 1421882
585773 1541068
1273819 1421882
1273819 1541068
1421882 1541068
18963 1502520
971667 1353256
346210 412931
346210 605501
412931 605501
565015 594408
27397 135485
27397 184584
27397 896249
27397 1004851
27397 1047517
27397 1288100
27397 1465687
27397 1530808
135485 184584
135485 896249
135485 1004851
135485 1047517
135485 1288100
135485 1465687
135485 1530808
184584 896249
184584 1004851
184584 1047517
184584 1288100
184584 1465687
184584 1530808
896249 1004851
896249 1047517
896249 1288100
896249 1465687
896249 1530808
1004851 1047517
1004851 1288100
1004851 1465687
1004851 1530808
1047517 1288100
1047517 1465687
1047517 1530808
1288100 1465687
1288100 1530808
1465687 1530808
175687 1475453
446089 452691
446089 634701
446089 843026
452691 634701
452691 843026
634701 843026
71911 273905
71911 805373
71911 1046860
71911 1134385
273905 805373
273905 1046860
273905 1134385
805373 1046860
805373 1134385
1046860 1134385
610158 1124633
640335 677251
74690 878648
562732 786386
4837 832284
4837 1335110
832284 1335110
431489 438931
141222 193313
507229 843110
397274 1477070
8871 255781
53534 1440851
94260 759951
776310 1294815
154491 327326
154491 910489
154491 1164705
327326 910489
327326 1164705
910489 1164705
384132 849070
1048359 1419676
146893 266860
70530 183545
749164 807294
14414 1290619
971667 1353256
56668 1375729
214742 333295
214742 751515
333295 751515
29441 69408
29441 1517260
69408 1517260
1048359 1419676
240498 822151
822151 902810
92817 1223425
70857 635730
70857 986740
70857 1089863
635730 986740
635730 1089863
986740 1089863
104671 677158
169459 885678
70508 307066
70508 353552
70508 513235
70508 787478
307066 353552
307066 513235
307066 787478
353552 513235
353552 787478
513235 787478
64286 1009522
907554 1282905
383507 822051
180257 353299
180257 893082
180257 1412835
353299 893082
353299 1412835
893082 1412835
169459 630712
105102 182062
43191 368983
1598 236055
28201 777034
28201 821304
777034 821304
427478 540669
241233 362116
242469 684201
224176 452658
308253 558631
269736 563403
9417 921455
115398 293899
115398 485767
115398 1130983
293899 485767
293899 1130983
485767 1130983
41181 144303
497247 825790
340364 545782
340364 1137384
545782 1137384
472894 699821
343297 475962
343297 1444721
475962 1444721
79481 659467
79481 755679
79481 1144405
79481 1247321
659467 755679
659467 1144405
659467 1247321
755679 1144405
755679 1247321
1144405 1247321
266454 736160
357990 452177
357990 519819
357990 581061
452177 519819
452177 581061
519819 581061
1103794 1191224
470197 1100021
783169 965643
172467 635997
274988 1468247
586561 763128
330477 703911
244774 948457
497606 563083
498715 600287
225816 1274941
370943 609156
370943 876499
370943 1480828
609156 876499
609156 1480828
876499 1480828
511033 834297
26553 84094
754248 1285858
7299 429838
7299 706764
429838 706764
721883 1331426
725011 954468
409062 1031534
260808 1095295
142557 1178547
261568 487491
41170 325537
41170 647970
325537 647970
410877 499903
410877 551304
499903 551304
375088 1020093
375088 1228947
1020093 1228947
341076 1177249
449815 1295759
634019 920065
375088 1020093
838536 897541
548801 1081487
747197 1417522
747197 1417522
40063 835225
58772 699821
92703 894766
270854 396955
585680 1102761
585680 1147029
1102761 1147029
49444 308256
301596 1355372
36498 990592
230433 793642
230433 793642
836343 1265519
836343 1277453
1265519 1277453
478078 1203254
129775 829650
129775 933477
829650 933477
9857 214141
9857 590194
9857 1083983
9857 1468359
214141 590194
214141 1083983
214141 1468359
590194 1083983
590194 1468359
1083983 1468359
507821 728811
16583 93716
16583 377089
16583 1373738
16583 1476558
93716 377089
93716 1373738
93716 1476558
377089 1373738
377089 1476558
1373738 1476558
41650 53419
41650 80431
41650 577535
41650 1046031
41650 1097168
53419 80431
53419 577535
53419 1046031
53419 1097168
80431 577535
80431 1046031
80431 1097168
577535 1046031
577535 1097168
1046031 1097168
335181 716433
335181 1307291
716433 1307291
308253 558631
308253 1249760
558631 1249760
355445 1371245
355445 1371245
658208 838536
115462 441556
876741 1139640
876741 1489451
1139640 1489451
396955 404991
171789 333746
171789 1280129
333746 1280129
55004 156952
68699 838536
346385 454848
346385 838938
454848 838938
120333 718478
129775 933477
198515 558631
198515 1325773
558631 1325773
407503 941991
274988 1468247
207404 543792
42133 287126
28201 284887
389359 390159
30249 1013949
628945 904597
975495 1205076
975495 1404326
1205076 1404326
477165 1271732
252941 377155
210720 390404
227997 390404
21148 75977
21148 248994
21148 829093
75977 248994
75977 829093
248994 829093
169982 665557
169982 985544
665557 985544
92997 315114
117385 626730
248994 584107
175477 1004691
136399 275057
705218 954924
226157 291207
41170 80455
41170 102000
41170 647970
41170 834459
80455 102000
80455 647970
80455 834459
102000 647970
102000 834459
647970 834459
711859 876870
65904 76712
607778 1066376
175477 940126
552192 1501315
73137 88521
73137 1358946
88521 1358946
22660 230303
22660 541900
230303 541900
326790 491740
744230 1212681
291207 509314
291207 740318
509314 740318
240688 815564
769484 832372
769484 844822
832372 844822
1060775 1506610
235711 394599
235711 476661
394599 476661
511266 1350519
399563 910932
387917 823355
175477 1124776
1060530 1213865
978686 1151503
179984 826879
179984 1144712
826879 1144712
304734 1403785
228083 1328125
51395 482959
516210 1077637
72065 245590
33988 158662
33988 935900
158662 935900
399430 650843
399430 708214
650843 708214
239497 534842
1065866 1079496
842634 1182614
842634 1370696
1182614 1370696
2935 1120283
40 1108183
1137 749896
259105 1123726
662136 663907
232643 946731
152406 804282
152406 1252019
804282 1252019
2935 271235
2935 172325
2935 634841
172325 634841
787804 1328125
379561 979991
51119 591255
51119 1185987
591255 1185987
51119 172325
51119 482230
51119 936353
172325 482230
172325 936353
482230 936353
568029 599622
219227 949842
180715 783462
975080 1119745
473623 1028974
406517 1367754
101209 180708
101209 663907
180708 663907
614444 820068
627849 882891
180708 369603
180708 891206
180708 1019156
369603 891206
369603 1019156
891206 1019156
1212958 1216861
946487 1034544
203596 882807
1170422 1422643
140210 211731
140210 754643
140210 1146628
211731 754643
211731 1146628
754643 1146628
1110778 1451606
2935 640092
612762 1494536
844762 1031464
854842 1278867
341115 363728
213860 691085
213860 857524
691085 857524
213860 691085
213860 857524
691085 857524
293421 433614
293421 731489
433614 731489
55114 145071
308402 941800
100135 617866
845840 987839
801297 991000
180715 1374522
198899 338300
249783 618491
249783 978702
618491 978702
254356 887031
254356 1502959
887031 1502959
237257 1396958
58772 699821
142002 451706
634841 1088994
634841 1518471
1088994 1518471
322963 973606
128867 840807
194828 478116
194828 578081
478116 578081
281005 369603
961341 979240
954681 1262339
902432 1148174
51393 1032182
253517 310853
214060 452182
214060 886627
452182 886627
170560 310853
318810 718295
318810 1048156
718295 1048156
148279 451704
148279 468594
148279 608179
148279 1316300
451704 468594
451704 608179
451704 1316300
468594 608179
468594 1316300
608179 1316300
666 9512
666 28622
666 39999
666 351562
666 379504
666 488839
666 493012
666 655346
666 694423
666 1317196
9512 28622
9512 39999
9512 351562
9512 379504
9512 488839
9512 493012
9512 655346
9512 694423
9512 1317196
28622 39999
28622 351562
28622 379504
28622 488839
28622 493012
28622 655346
28622 694423
28622 1317196
39999 351562
39999 379504
39999 488839
39999 493012
39999 655346
39999 694423
39999 1317196
351562 379504
351562 488839
351562 493012
351562 655346
351562 694423
351562 1317196
379504 488839
379504 493012
379504 655346
379504 694423
379504 1317196
488839 493012
488839 655346
488839 694423
488839 1317196
493012 655346
493012 694423
493012 1317196
655346 694423
655346 1317196
694423 1317196
404303 829093
404303 1393215
829093 1393215
83756 389704
83756 521857
389704 521857
118865 381647
254057 434928
327430 620762
619774 804399
536091 889543
1313076 1518157
274827 652669
274827 1220926
274827 1508669
652669 1220926
652669 1508669
1220926 1508669
258065 264568
258065 944539
264568 944539
94260 759951
94260 963975
759951 963975
460468 657153
75770 627358
148105 254057
148105 923151
254057 923151
57722 1440527
104114 476448
104114 504185
476448 504185
45251 152939
45251 289153
45251 752321
152939 289153
152939 752321
289153 752321
45251 152939
45251 289153
45251 752321
152939 289153
152939 752321
289153 752321
357117 1324776
67804 270095
382632 1000179
382632 1460764
1000179 1460764
103766 684967
103766 1180920
684967 1180920
886765 1026133
164578 469576
164578 719307
469576 719307
282822 1368728
252336 463826
252336 1071952
463826 1071952
801941 1030954
239753 652217
444135 1399487
62872 1143138
545406 1407983
937074 1076189
291114 1169337
291114 1172961
1169337 1172961
62604 647115
2130 967652
82286 1095825
273382 399877
196252 1221034
422447 722238
758615 773963
235565 451595
127982 235565
127982 263711
127982 451595
235565 263711
235565 451595
263711 451595
449681 633002
707973 828988
707973 1413295
828988 1413295
692787 698163
692787 1413231
698163 1413231
789536 1515913
137949 637454
238705 1443997
216918 1315922
391399 436801
391399 786139
436801 786139
63747 908196
5583 707146
97237 1126733
273382 995190
47752 554707
234655 1350224
69001 1346747
69001 1435951
1346747 1435951
543737 580796
183187 364344
45213 957635
75238 775697
230433 342013
230433 439059
230433 439192
230433 1359260
342013 439059
342013 439192
342013 1359260
439059 439192
439059 1359260
439192 1359260
191192 319328
203194 260838
98573 823757
98573 859848
823757 859848
802096 949718
658610 814657
658610 1260167
814657 1260167
129736 223566
139582 524907
139582 886711
524907 886711
143932 524907
796756 1267840
1227883 1328872
516800 876922
516800 899572
516800 1434142
876922 899572
876922 1434142
899572 1434142
734563 766193
734563 824712
734563 1327368
766193 824712
766193 1327368
824712 1327368
719292 1146425
876931 1286447
447773 1128630
447773 1161804
1128630 1161804
578942 1095337
467838 576968
654626 773851
654626 988968
773851 988968
1063056 1128786
1063056 1226295
1128786 1226295
3711 65537
3711 1391265
65537 1391265
459764 877465
766193 824712
766193 838408
766193 1327368
824712 838408
824712 1327368
838408 1327368
57836 618653
167558 775275
644041 1065128
393193 975550
187727 1163223
864535 1345667
809409 1475469
282767 1301551
520622 699412
475962 52290
475962 1542030
52290 1542030
926755 758489
926755 1476712
758489 1476712
102913 896571
54275 797979
559121 1543706
559121 368694
559121 589933
1543706 368694
1543706 589933
368694 589933
505390 962806
1463790 1117687
708252 1294815
1330061 1419470
916768 1075119
289809 1437527
1007171 1488257
378231 113128
335556 1434940
1397645 451975
1397645 267240
1397645 1525257
451975 267240
451975 1525257
267240 1525257
481862 77141
445300 533599
445300 1042884
533599 1042884
189027 901123
189027 38774
901123 38774
1054322 640192
62391 12473
12473 1325053
12473 62391
1325053 62391
1145586 1392533
289 503440
1576204 1530429
1576204 976595
1530429 976595
431754 952795
431754 1216165
952795 1216165
1268409 468413
1024577 1439322
1024577 1025174
1439322 1025174
1348550 1267707
468805 231474
431754 952795
431754 1216165
952795 1216165
590013 437497
826030 465310
289 503440
189027 901123
189027 38774
901123 38774
344909 785880
826030 465310
1576204 1530429
1576204 98698
1530429 98698
85566 624763
85566 45073
624763 45073
770174 1082663
590013 437497
1285858 747197
1328907 51459
14088800 14088801
143297 421818
278136 439600
221874 819820
910116 68737
121653 704828
121653 1402377
704828 1402377
1265319 668740
1265319 785880
668740 785880
450857 524824
14134861 14134862
380200 969484
380200 681585
380200 218936
380200 1147890
969484 681585
969484 218936
969484 1147890
681585 218936
681585 1147890
218936 1147890
28325 875229
28325 14134863
875229 14134863
879657 14134864
998240 289181
998240 922448
289181 922448
732309 1137683
732309 7404
1137683 7404
57833 618653
961183 1020918
226133 327525
978531 896581
978531 1019855
896581 1019855
