620034 0
896862 1
837127 2
298506 3
275595 3
376973 3
719795 16
288145 1
893310 4
207946 5
1077529 6
957339 0
924575 8
648611 9
1636728 10
1106865 7
1409833 13
1417902 14
237360 15
1437361 12
1291443 11
426293 17
639544 18
584249 3
1486012 18
239421 19
638782 13
519541 15
443076 12
753713 5
759229 7
28106 11
57547 20
124493 21
1507663 22
1372113 23
1302610 3
723285 13
444729 8
1341785 21
825178 15
462940 23
757725 20
45790 4
977988 14
1354849 16
840552 19
150636 24
195183 2
14088689 10
1381694 25
733374 22
1636727 24
1084408 9
934650 17
239739 8
917373 25
620798 6
