476675 1
398084 2
892934 3
1035784 4
783116 8
172301 9
219407 6
179984 0
738067 5
1323439 14
1255452 17
1180447 13
365606 16
36018 17
296751 17
219954 8
639544 10
365632 2
900930 21
505155 6
1385284 12
429127 8
1420104 24
1423436 1
742925 24
796302 0
527 7
117597 3
220767 19
800610 25
347494 14
440939 4
1420222 17
149113 22
1037435 17
534912 0
719723 24
270987 7
121484 25
584078 9
722321 10
208531 26
219541 12
155287 13
67459 11
111774 15
708252 11
557486 16
1540783 18
730545 19
1088067 22
932019 20
1486012 10
1486013 21
316862 26
315077 17
551110 23
191564 8
285772 5
487387 23
889056 15
641967 18
50153 17
10219 20
1273074 12
