470528 0
1135619 1
187396 2
1035784 3
361482 4
452620 5
1262609 6
903191 7
618520 8
1294363 9
1190428 10
1091760 11
982050 12
482851 13
488486 14
675367 15
1342509 16
1073 17
33334 18
352826 19
249866 20
695363 9
430153 13
315466 21
1116747 22
222562 13
490574 10
1493773 23
166484 24
317016 2
461919 25
1064213 26
210535 27
682600 28
440939 3
862317 5
759229 30
447080 31
1315957 32
1479799 33
837240 22
405115 25
180348 34
940671 35
824448 36
381569 22
9858 34
143467 29
942725 37
1035398 1
1003655 38
1102474 10
121484 13
462989 2
646286 6
1160336 39
746130 35
415891 40
228503 41
329882 10
368286 42
1161381 20
364198 43
1466225 44
176301 45
1417902 46
252080 14
613041 47
1142450 48
614583 49
1163450 50
430783 9
712907 5
315077 51
1456614 52
57547 53
1131214 38
161999 52
571601 45
740131 54
956117 55
928984 33
221403 56
336092 40
413917 57
889056 58
407266 10
972004 59
322598 57
232657 37
614637 60
589042 61
707319 32
805113 62
344314 63
620798 14
198912 18
567553 59
281348 6
263942 10
1060104 64
1338634 59
97037 0
1018126 65
1265935 66
474899 67
33557 21
809750 26
743193 12
1462045 14
384798 28
311075 34
1256070 7
1058086 11
9512 68
1274665 62
876331 36
756012 24
967469 29
899888 8
1494834 63
877368 29
198459 69
239421 13
1511232 70
511563 16
33846 10
637766 71
36018 51
1032525 10
1481869 71
1074513 56
582483 72
747861 69
708952 17
103257 54
785754 73
1182049 46
800610 13
290619 13
32899 0
1035109 13
398182 32
534380 64
842095 13
985969 74
1171315 75
576372 15
970105 50
1403 19
507776 76
73536 75
669571 48
1082759 77
1351560 55
590729 74
568203 16
965004 36
766863 73
1305488 47
577425 14
178070 43
684957 19
514373 76
1518168 10
1069999 49
224176 72
1106865 30
1115060 61
111774 58
157111 22
270266 41
829855 78
1004477 57
1420222 23
1414080 60
46529 79
546891 9
811461 22
169934 59
333263 66
888910 65
355289 13
1030479 68
264156 4
757725 53
289761 78
561635 44
434342 29
762854 28
149480 31
176106 5
15341 6
584174 42
14088687 60
1535473 27
329714 39
176115 13
733688 79
38138 67
1390587 77
977237 70
