743808 13
1002498 0
398084 7
822796 1
737555 30
3094 2
1040923 3
1337628 31
1137840 25
745254 32
728359 33
1607464 32
106076 4
1005357 21
948272 5
1215625 19
902203 6
365632 7
1607489 28
376386 8
977988 9
753734 34
453217 10
1442374 11
305999 22
45649 12
582483 16
546028 29
125783 9
317016 1
103257 18
217178 14
278108 15
196793 18
1354849 16
800610 18
290619 18
1010532 13
877928 18
981348 34
447341 35
1131119 12
351345 6
70003 18
1349493 2
49062 18
477562 31
706686 17
625023 15
507776 29
1607488 28
357257 36
121484 18
1385871 8
722321 26
512406 16
786335 37
411296 20
115361 12
206918 3
1016998 21
176115 5
169128 22
60074 23
1417902 24
1470383 17
224176 16
36018 18
1291443 11
816569 33
1521621 18
829855 38
907817 19
602046 10
587712 18
1520544 18
507331 18
770501 37
1498311 25
73536 20
944585 27
1223117 25
618447 35
851153 26
590293 8
608079 2
433885 27
289761 38
493541 39
1487441 9
1222632 39
488428 36
47853 14
1182049 24
716275 0
1527232 27
1442549 30
432887 4
1278458 11
442176 1
710334 23
