635392 0
1141761 1
847882 2
286734 3
254481 4
215060 5
970261 6
1522199 7
668697 8
650272 9
955427 10
322598 11
1174570 12
6709 13
830009 14
1463866 15
902203 16
838718 17
1066562 18
902724 19
540229 20
365126 21
1186376 20
430153 22
596554 23
888395 24
254028 25
13398 17
204890 15
1298013 11
429152 22
1354849 26
1476712 27
140906 28
66668 29
269424 30
1074280 4
1315957 29
1520247 31
858242 28
595591 33
863881 14
1079434 8
121484 18
1481869 34
796302 13
1045648 24
1095825 3
402579 1
1312414 32
243873 35
1016998 36
94889 37
703662 3
1462045 5
136880 38
1345724 7
327369 39
889056 36
906787 40
671447 33
1058520 40
214747 37
413917 11
657120 23
881386 41
1346795 42
546028 43
108865 27
650481 44
1149683 45
620788 2
1516279 46
1585917 47
1218304 48
644992 49
689925 47
1093384 50
24329 51
1366796 52
1005357 36
1228760 53
784659 13
89367 9
1102616 1
22809 50
1141020 54
513309 55
650536 42
406825 56
1199402 2
1003655 57
1511213 41
1012526 1
999727 21
262452 58
269111 35
50490 58
959296 59
1476320 32
54595 52
105798 46
1089863 18
277320 1
1255754 60
1488525 12
582483 26
825178 39
903527 48
350568 38
976744 61
247955 31
884085 44
1197432 57
672634 29
1010555 62
790397 56
507776 43
1096000 60
344299 17
1282949 30
952198 54
569153 35
761580 24
935821 14
221582 28
759700 13
772501 6
792982 2
1138073 31
1334171 59
1002565 49
981920 51
861602 32
437156 63
996773 9
880550 31
173486 44
321710 45
224176 26
1477107 25
1056184 61
108473 34
1201594 23
732091 53
212927 52
1232833 63
36300 62
86946 63
270800 64
258008 63
1486244 8
1294815 2
663012 13
1456614 52
758247 52
476138 64
858091 1
992753 10
557554 8
716275 55
436213 0
330746 16
1390587 19
176115 11
