309250 1
288771 2
187396 3
886794 5
1191948 6
567309 7
1086478 8
13327 9
876376 10
479251 11
215060 12
330777 14
1052701 16
991266 18
309284 20
196648 37
374825 21
982064 24
738365 27
557118 28
695363 106
518220 37
1258575 2
332882 38
1431638 13
253015 35
981081 39
179290 31
65631 41
429152 6
1354849 42
937058 33
187495 44
1074280 44
49257 0
1222765 45
351345 47
216187 51
284797 52
119942 52
800906 40
376974 61
1095825 77
247955 61
383892 45
520347 30
532640 93
22694 64
477351 99
1265836 9
36018 12
180 68
1468598 69
495799 70
854201 71
1163450 72
438465 74
57547 75
469188 36
4294 32
794827 38
205 67
554190 9
161999 80
860372 5
57560 8
1378340 79
1047770 65
539872 83
900321 33
963812 84
996581 22
173286 5
1539623 22
640237 68
295163 88
578815 5
17665 4
1060102 21
878860 21
944402 50
784659 0
601136 80
503077 79
1172777 53
1016112 54
708916 20
945461 98
717116 50
6709 0
1096000 102
1231169 9
1255754 102
566603 23
1068369 82
1463866 9
610654 75
718053 41
694626 34
1046883 89
343138 43
1146223 44
511344 48
1099121 98
970105 72
76156 38
361854 9
33151 90
815504 30
265618 9
1204803 30
1142165 103
1045910 96
744855 5
762269 21
829855 108
181664 27
257441 51
708007 30
302510 13
1377716 15
157111 80
834292 74
1338813 33
1490368 55
714177 107
778694 35
499145 81
124362 9
30156 19
557524 63
320981 16
1521112 91
1294815 106
663012 59
738790 4
1161704 104
776685 28
99828 29
622069 9
239097 105
491006 91
1034752 0
957956 5
527 40
103854 31
280094 17
402979 19
119046 85
1127975 10
1255976 23
821810 25
554549 50
352826 71
833084 26
441922 29
337475 63
74308 31
365126 33
95818 36
15458 104
593499 11
595552 6
1072737 34
680555 26
853437 55
398960 46
324210 48
1270388 49
557486 109
1195641 50
1384058 9
168575 53
786880 103
298627 56
621192 57
121484 42
927682 58
796302 59
324239 60
211601 9
466592 21
998342 9
796326 64
889969 65
95913 66
136347 95
1417902 67
4785 46
556726 32
22986 54
443076 76
256711 73
241357 9
794324 87
956117 78
1270493 81
897759 82
417506 30
1006309 96
247528 85
881386 69
705268 18
1516279 39
609025 73
398082 60
459524 89
589573 90
179984 76
1192408 83
1010456 64
294874 77
121631 92
798154 73
702246 3
1048359 93
1511213 94
320302 95
101167 96
67377 97
696118 91
833335 99
869177 100
280378 101
290619 24
298815 4
73536 84
550722 40
460612 49
870217 17
943950 5
305999 9
582483 42
120660 94
199510 47
998232 9
597849 33
1197914 25
151389 14
407396 103
404325 100
432785 92
921455 103
1435509 88
1443703 44
536448 87
696198 105
1351560 78
459657 66
1105804 9
628453 58
255892 21
1128341 82
453528 107
593819 70
1536924 1
52125 74
981920 62
213923 71
724908 43
270255 15
224176 42
1370040 97
270266 66
1466300 19
155581 86
1427394 56
1441734 93
1049553 30
524242 7
231381 62
142294 109
106458 73
503802 43
36831 86
289761 108
636899 60
562158 57
663537 68
707411 30
700405 101
313338 51
