470528 0
1236482 1
450055 2
847882 3
567309 3
443737 4
1052701 5
679972 6
1396266 7
149553 8
1442358 9
181303 10
1254968 11
350778 12
902203 13
719420 14
286269 15
838718 8
513087 16
695363 17
1269317 4
1354311 18
1265226 19
151479 82
254028 20
1268834 21
548432 22
196793 8
1047642 20
1229918 23
563810 24
616124 14
381036 25
930414 26
793201 27
570484 28
435561 29
1488504 30
320122 31
851067 19
804988 32
284797 33
672383 10
32899 0
149125 34
119942 33
285831 35
1191050 31
121484 8
1488525 22
796302 36
145551 36
432785 37
945298 38
42644 39
1175189 40
1032343 41
659609 32
710301 43
1055390 44
1081285 42
52592 8
478378 1
371885 45
527025 46
36018 8
939699 47
244918 48
1492153 40
1403068 41
470209 49
1008834 50
1458374 25
1016525 51
1437391 52
448208 40
1013971 53
794324 54
1465557 45
556247 55
51236 49
294607 43
1382108 56
552669 7
365791 55
889056 17
361186 57
269436 58
881386 34
797931 59
67823 39
464744 40
240372 60
1194229 12
979703 34
531704 25
1231572 61
38138 61
295163 62
909052 26
1174570 22
241406 63
320981 5
1040129 52
321794 15
289027 18
1367255 64
305815 28
1473294 11
689424 40
1533400 65
560917 48
525081 66
919167 67
735516 68
896798 21
1102113 7
1300258 31
681252 69
802597 44
771882 70
150919 10
1326894 67
1124143 71
187185 11
94103 48
30009 3
533965 2
1225019 69
575200 72
622404 73
394892 40
1126220 3
370509 28
289103 24
71505 74
1176407 24
103257 8
1199402 66
1463866 56
207199 75
456592 64
800610 8
290619 8
1051492 1
877927 17
877928 8
1330537 15
621930 51
320876 76
75117 77
470896 75
239985 76
70003 8
1435509 62
341879 78
1197432 7
75924 69
1036155 58
536448 54
1323393 79
1538948 1
764295 27
312383 70
895895 59
1081232 59
407957 80
37017 42
1380761 3
1063323 57
1194397 7
424351 46
1520544 8
565156 30
49062 8
557486 50
540829 65
1371058 33
1260423 81
544181 6
962486 29
903497 47
953788 77
414965 63
587712 8
242626 3
943706 78
1309125 24
1413576 68
69452 80
124362 83
1313227 35
329677 6
1441230 82
1387597 71
457170 72
131510 84
1521621 8
866262 85
1228760 23
1520548 61
398298 37
279003 13
587487 48
1294815 41
684000 79
841467 84
654310 53
1393639 74
58344 85
1224188 72
286506 38
1222397 73
99828 55
1518581 29
626166 83
1516909 60
1276921 81
1222138 9
963580 16
1399806 26
