309250 0
699399 1
540682 2
964107 3
834060 4
620034 5
46099 6
366100 7
511002 8
1398812 9
1268259 7
322598 10
182311 11
196648 12
522281 13
874041 14
1143866 15
182332 16
513087 17
878657 18
695363 6
660549 19
648776 20
518220 12
15458 9
619089 21
137301 22
569435 23
1354849 24
563810 11
107107 25
253028 26
1253990 27
1518696 28
1085033 29
658026 30
143467 31
373869 32
1131119 33
1496177 34
1464590 35
383507 36
46711 37
877076 25
880251 38
1183869 39
1216129 40
119942 39
1236616 41
829068 42
796302 5
75117 43
432785 44
451886 45
867988 46
667800 47
37017 48
1089135 49
1208991 50
703648 51
912034 23
98980 52
477351 53
962216 35
478378 54
1244845 28
967343 48
625840 55
806065 1
992950 56
252088 23
1526457 57
555196 46
1486013 58
1365694 59
60096 9
7875 47
457924 10
56517 60
433862 61
1196743 55
976589 45
111310 14
794324 62
556247 63
413917 10
910046 64
889056 6
738019 65
247012 66
2086 36
279782 20
444135 67
454379 68
676588 42
301949 29
1464561 38
560370 69
1519145 60
1045973 19
299780 13
188165 58
705288 70
989911 64
398604 22
697614 71
664341 10
1142746 16
896798 72
1440545 73
715044 3
253734 74
970536 68
744234 24
1252139 27
320302 75
117981 10
747787 76
269111 77
472888 8
270652 40
569153 77
35139 78
631108 79
792901 76
493896 32
121484 78
833335 53
1015478 28
271696 39
877368 31
1122642 21
574805 80
1340247 49
1285464 81
1204708 52
896862 26
1102687 38
1340245 82
56676 71
495462 83
877927 6
1288041 41
1221996 83
1295213 6
481092 80
470896 84
244088 4
46971 32
482685 85
536448 62
677251 82
1538948 54
305029 37
337913 51
152004 86
1295759 87
823189 66
290647 74
453528 23
60313 16
1536924 0
256925 33
540229 88
1341858 17
28067 32
1079717 18
1264038 22
727467 63
1482670 65
729009 59
1371058 39
206259 55
859575 68
1197497 59
6586 86
953788 43
473021 89
1476032 67
909250 22
196548 2
1309125 11
537542 72
329671 56
790476 34
423493 69
539725 70
463826 15
61907 15
590293 30
1509334 88
1261527 84
398298 44
519503 39
264156 25
582621 85
243781 50
1477087 9
1266144 75
1538017 33
220130 34
663012 5
1161704 9
855017 84
505836 89
1236461 87
754671 79
924145 57
418803 61
99828 63
483321 81
401919 69
963580 17
450557 28
1169919 73
