309250 1
495619 2
922628 3
846337 0
1308688 7
365589 10
799767 11
618522 13
1052701 15
1207331 19
529446 10
885799 7
392232 20
1440811 14
387118 24
149553 26
537650 13
376884 21
321590 58
6200 28
1504313 29
600126 32
365632 28
695363 36
243781 108
1094 25
870471 34
546891 97
534615 42
103519 45
1354849 46
218210 47
31848 50
63594 51
1407087 53
1405517 39
1508475 86
1183869 54
627840 103
1105026 60
32899 0
224389 62
34950 63
464010 65
209038 66
402579 60
659609 56
461981 68
116894 69
1372322 71
1507495 72
1000299 48
780460 61
36018 2
56499 73
75965 74
842948 40
778437 76
465094 77
946378 78
1244366 79
1438927 16
271568 34
556247 82
1219800 31
53465 81
219 83
511196 62
117981 71
160992 42
1223908 87
322598 71
37098 51
762919 88
859375 105
467187 61
817401 91
65791 86
93739 22
35076 36
289031 22
1276177 49
170272 73
712993 39
231643 65
681252 78
5416 10
1231068 94
1082667 95
421166 33
413917 71
142914 35
1494068 53
1038654 10
88391 99
493896 33
448396 44
507216 84
574805 21
1470811 102
936287 31
615779 35
1294694 8
1142122 14
610676 98
625022 104
698773 105
927104 69
1188416 34
1346795 64
665997 72
331150 62
66961 40
407957 68
814487 70
691610 107
995738 27
206241 26
1486244 21
365126 72
206257 29
844213 33
594358 108
859575 38
221624 13
1278394 18
411072 50
241099 110
124367 21
416208 37
689617 89
768467 57
396756 74
320981 5
931290 90
614875 44
542181 93
1456614 101
758247 101
524783 76
1053168 111
99828 82
683509 14
1125879 104
665086 92
401919 90
470528 0
174593 4
272068 66
527 6
446993 8
877076 9
1040921 12
440860 14
280094 16
339488 17
634401 18
293418 21
241195 11
1018415 25
246326 4
476597 12
334400 78
376386 51
540229 37
521798 53
637367 29
937058 72
1105486 18
234065 40
910932 41
317016 43
250469 48
71440 33
107107 9
359013 102
531054 52
833640 13
110195 55
530042 57
350843 3
705148 8
233578 19
279768 76
325248 59
82564 61
149125 6
108166 82
946823 64
839305 61
688785 67
1098386 59
1065624 24
931482 29
578206 51
89759 70
101027 63
527025 52
104114 23
25273 32
938692 23
484037 81
24273 80
794324 15
850648 77
887247 30
1265372 84
333534 85
361186 67
227045 70
251623 36
1001198 89
1365629 58
98773 43
1515819 26
1536782 48
194320 80
1361681 94
359191 49
318232 0
704987 5
119942 54
970536 38
744234 46
434989 96
485170 97
498490 76
752447 98
442176 43
481092 21
920392 88
69452 68
1416016 100
513874 54
183124 92
192343 101
1262424 63
682844 55
789306 99
1289189 30
127848 103
788330 88
1444327 17
1295213 36
5998 3
401265 20
641907 100
1015675 22
717692 18
536448 15
162693 91
168844 106
332440 75
87954 93
570521 41
1341336 87
209732 19
593819 83
1536924 1
935037 85
1303455 59
638880 79
1201057 33
295844 45
946085 14
1426345 109
313265 27
448437 111
1208991 108
1218494 96
974785 106
625608 19
298953 69
81560 110
1200080 56
147413 13
264156 9
432094 107
461797 47
761832 14
604138 87
921767 109
488428 21
1190910 95
353270 75
340988 85
1248254 70
