309250 69
588807 3
1470476 4
1123341 5
697359 6
799767 8
511002 10
93359 11
1405980 12
1052701 13
14130207 9
322598 16
1209385 18
762923 19
122924 20
140335 22
941109 23
1147960 24
1052729 89
58207 15
600126 27
840768 29
166978 50
430153 34
310115 37
534615 38
57188 39
1354849 29
1331303 39
555196 44
373869 28
1349745 45
790377 100
856184 7
1366140 48
397438 49
1303679 47
520321 50
276331 36
268430 17
402579 56
42133 42
1034390 29
989337 21
778396 12
872609 62
1372322 16
285859 51
80040 60
478378 46
703662 63
1149103 64
377016 66
528572 34
581821 10
1191102 67
699584 64
269505 68
643270 70
1007817 4
662737 87
889042 51
541913 83
413917 16
365791 51
160992 38
1311972 44
194598 3
1188070 76
936167 35
877800 77
1346795 78
56572 82
799999 14
303361 84
168194 67
1322244 56
862469 71
977162 26
951001 75
1206554 86
1337628 65
123166 23
916768 26
314289 17
138973 4
1532210 94
708916 56
878904 95
371935 75
104764 51
714046 46
791871 96
926017 90
799045 61
617799 82
927050 88
500043 97
856396 98
571743 25
56676 52
877928 99
916848 2
525544 93
12661 98
442745 63
1636733 67
923552 107
1301893 89
1514890 66
474515 83
1263006 106
424351 97
1039776 107
17830 3
727467 51
884142 96
181679 105
1245617 53
844213 28
469430 55
479671 108
137657 86
1133983 18
714177 52
614851 110
241099 57
710092 109
320981 45
1288606 48
1512923 26
1223136 91
994785 108
1440229 62
758247 102
113128 5
57833 41
1569267 112
1569268 112
940533 14
1569273 113
1569274 113
1569276 111
765437 24
1569281 0
1569282 0
1569285 1
1569287 43
115222 7
378393 9
423454 14
1138212 15
405937 77
923181 21
554553 21
1338634 56
205237 31
814657 30
989963 31
242245 25
211526 32
1439304 104
1112653 35
313937 36
910932 26
749497 106
133722 40
34395 18
1294943 41
806672 27
521847 47
149125 41
108166 51
82504 33
839305 53
796302 54
324239 55
781969 21
81560 57
710301 58
1208991 59
319137 25
206505 61
4785 65
372424 60
111310 71
1437391 72
24273 73
200403 74
39639 0
195289 43
1093341 81
22247 81
153323 94
1509105 80
1500917 72
570104 33
1320697 81
800507 75
465660 42
1193725 83
1040129 54
275206 40
1328907 85
807087 87
356110 84
194320 73
1270574 70
176920 18
145181 88
1492614 90
1048359 11
589614 57
567087 92
889649 93
1364788 6
452404 86
569153 32
323399 13
881480 64
870217 79
769343 73
127828 16
1351509 76
1135417 1
189279 74
468835 5
1447780 4
1001320 15
270652 68
550375 30
291134 8
93048 101
1316159 90
1081213 79
792446 80
536448 13
984961 101
440196 102
46913 104
1086348 58
558998 103
274329 105
1536924 69
896926 2
994629 103
981920 66
963489 104
592805 37
49062 99
224176 29
920392 19
853938 64
43957 91
99828 51
332042 37
651202 95
1091524 85
284622 65
470993 111
259892 92
582621 22
53214 96
1225696 77
1226721 100
459747 26
1249252 110
771045 49
594358 59
127982 77
1569277 78
72693 109
450557 20
