377857 50
1239042 0
1080329 113
332812 8
1058829 1
228368 114
606552 47
1379347 14
1336343 111
511002 24
62491 89
119836 92
1128965 69
14130209 26
14130210 26
2086 2
14130215 30
37936 45
149553 4
706611 5
1191996 4
1199166 72
380991 6
878657 7
681026 8
429127 19
855112 116
1412108 31
702538 9
576588 58
472142 106
1182799 73
1236048 23
617555 117
1067096 10
701532 55
97373 103
1354849 81
1331303 11
720060 52
1222765 12
69744 13
889969 59
944659 66
13431 77
202872 15
17534 118
520321 16
14130307 119
14130308 119
224389 120
163978 0
844940 65
247955 17
248980 68
1439893 18
48278 103
796825 19
502940 13
74912 33
285859 42
1404068 86
1323173 20
564394 108
228526 121
1413295 38
1091760 22
711859 42
276663 23
584889 122
1019068 113
581821 24
269505 118
51395 25
111813 82
259105 115
165064 123
161999 27
81104 49
340686 51
806104 84
511196 120
413917 29
14130214 30
936167 31
875752 117
1304812 32
741613 33
1486062 15
484593 95
638198 126
509175 100
243961 130
963455 106
1456380 35
490750 55
705749 124
198916 36
747787 37
179469 76
215312 3
1061137 39
445716 80
270030 28
579873 37
786139 138
779559 60
1515819 4
546093 112
117981 29
708916 41
104764 42
815422 43
1284416 44
719169 17
1503555 45
1323333 35
88391 13
402761 122
141647 46
87380 37
368982 13
169304 91
728409 99
998746 50
1189211 46
49506 48
233828 49
89449 85
1133940 127
484133 92
1204599 51
1092671 36
542084 129
14401 50
692619 53
166978 16
331150 120
1385871 62
369051 54
1415583 55
369056 56
206241 4
1414555 128
1079717 7
1062311 130
1249705 59
618923 60
447919 129
924082 39
356787 60
476597 32
27067 47
1229250 61
709059 14
1309125 125
1019335 115
862897 3
241099 57
702931 18
794324 34
320981 10
1402330 131
1512923 132
1411834 96
632287 45
1117664 3
60899 20
1333734 64
465660 97
671211 128
105965 110
99828 42
1125879 110
1569272 65
1569278 66
470528 133
2562 67
1569283 68
851460 54
438789 40
932358 70
1099271 120
151048 17
346758 80
383507 2
1371669 96
115222 71
640535 93
1322244 41
1359393 75
264583 52
1145606 9
886316 27
1076787 24
632373 135
1374775 72
1419238 53
6714 73
615995 124
85566 28
1027648 135
1006147 74
82504 75
910932 132
753237 136
489046 105
56592 53
1288802 77
376419 86
596592 78
320122 79
108166 42
630407 9
1125001 23
121484 81
1513951 103
1236631 111
1368728 32
856184 71
1535642 136
668318 82
1188293 62
42133 97
1508005 84
230660 134
762539 75
1238700 90
971439 85
177840 9
527025 86
460468 32
1391292 87
1362803 82
304832 137
562465 125
859848 1
287435 5
62157 88
833230 13
610253 101
429176 62
126676 21
39639 89
1173209 98
32475 58
283356 90
1268445 91
203557 44
1087202 45
1267428 139
1233637 93
39654 94
1324775 83
518888 91
12709 57
1521387 49
1063662 38
676355 22
705268 95
1041193 57
1158906 70
800507 43
909052 138
488747 11
478982 82
1060993 31
1328907 104
297741 98
1512749 114
179984 73
659229 48
1044256 88
1300258 79
1073956 67
1237797 128
1098537 99
553771 100
862003 82
121653 101
527158 56
472888 34
475962 102
1294815 63
274236 98
73536 109
46913 108
117573 78
489287 53
1248073 60
1526606 45
1874 102
1051477 69
867160 104
245593 6
896862 134
656229 25
193384 69
270652 118
402579 41
24273 76
1160061 11
478078 105
617343 64
728359 87
404359 94
1144712 131
1060438 121
197518 51
912273 107
383892 12
127982 61
1569280 1
94103 133
778137 137
194320 76
99653 74
963489 108
1063848 24
277419 109
1371058 0
719795 81
162633 44
852920 48
1301151 83
880572 139
905157 63
298953 117
81560 57
1117687 127
878767 21
284622 123
412623 108
39890 39
106451 116
483321 140
322598 29
314336 111
640994 21
1197029 112
214747 40
1450985 110
77802 104
91115 50
119790 126
478192 107
900436 140
