346120 0
1230860 1
606225 2
821274 3
821276 4
1052701 5
655400 6
167984 7
376884 8
1261621 9
213047 7
438333 10
1380414 11
483321 12
614467 13
1335366 14
1167431 15
94281 16
91831 17
626769 18
1235028 19
96342 20
1384536 21
1247321 22
327770 15
540763 23
825437 24
1140833 25
669275 26
952337 27
600171 28
1155180 29
1343599 30
947560 31
55414 32
608375 33
166010 34
221310 35
24707 36
392897 37
1198216 38
477321 39
546955 40
37017 41
811162 42
729246 43
1323173 44
1380518 45
731306 46
897196 8
176301 47
1413295 48
581821 49
463038 13
65727 50
686273 51
1142979 52
1255622 53
1085641 54
176332 55
161999 54
2256 56
311514 57
413917 50
889056 58
87864 59
585955 60
18661 61
1343718 33
862439 62
37098 63
614637 64
538863 65
276721 66
1515762 67
359123 68
561401 69
659709 70
805122 71
315652 72
1464590 29
18703 73
215312 74
377107 75
1265942 76
440601 77
71963 78
1337628 57
207133 79
965680 80
137511 81
416041 82
110893 83
71983 84
635190 85
897759 86
104764 87
219530 88
16703 89
602451 90
172373 91
58084 92
1470811 93
1507682 95
201787 80
190821 96
381287 97
825705 98
534891 99
911725 100
1333614 32
1636725 101
956791 102
899448 103
1407358 104
625023 105
743808 106
289154 107
352645 108
582022 109
543113 110
682378 111
20875 112
215436 93
422285 113
1227150 114
1512749 115
33174 53
369051 116
65948 24
571805 51
1337758 82
1415583 117
266658 20
1511494 118
319913 62
889258 70
850348 119
430512 120
733621 94
944566 33
1049016 121
27067 122
733632 30
721346 123
456721 124
1413576 125
1208795 126
1513951 62
43490 127
1501668 122
1335782 128
176619 129
899567 130
489969 34
541173 131
866806 24
801271 132
270840 4
1411839 19
1114622 133
1335817 134
1425930 135
834060 91
49677 136
547344 137
190996 100
1312174 138
490009 139
1206811 140
324124 1
303646 87
815650 22
983587 141
195110 142
1200681 143
293418 8
791083 144
801327 134
31281 145
420402 130
438835 146
49716 10
319447 147
698935 148
352826 71
746043 149
354877 24
768574 150
1301055 133
180801 151
1328907 152
75873 153
752201 154
596554 58
723532 155
625231 156
102992 137
1036881 157
1026648 158
741977 159
133722 160
100955 161
600668 162
1288802 163
1024612 140
51817 164
109163 165
455277 166
134589 167
324209 168
129655 18
193146 169
662139 170
560917 171
1059264 172
1297028 173
590469 119
438924 174
244366 175
371343 168
432785 61
1368728 62
348827 176
694942 131
1208991 105
522914 108
1131177 149
107178 177
242799 67
338606 178
4785 20
1125042 149
547507 179
887489 33
1245890 180
1008323 15
391878 112
314487 181
1293773 182
14130296 183
35539 184
39639 185
1536728 186
121561 187
508635 188
387806 159
170719 189
248546 190
348900 191
514790 59
518888 192
1282793 121
637675 193
977644 14
1063662 48
14130301 194
582384 21
271144 170
1170162 93
49908 60
14130302 194
14130303 194
465660 195
449277 67
1344255 8
1127170 79
926467 196
819972 8
1041158 197
785709 191
561938 199
213123 162
994077 14
1096480 106
314145 200
1069862 33
1510184 201
744233 62
9002 202
1326898 80
748335 179
439088 55
1037106 203
569597 204
717620 205
121653 143
1020726 206
877368 11
202548 37
1026602 167
209732 124
1061704 98
127823 177
426833 207
1471314 208
13143 36
867160 152
961377 209
916325 72
127848 210
70508 28
592749 2
1062858 239
1350519 164
478074 211
93052 212
979838 213
42133 195
189313 214
52098 208
1495943 169
854920 215
1002377 103
721810 42
795544 216
165064 217
684957 71
1387422 1
981920 96
963489 62
1375146 168
363436 204
602952 39
80823 219
240568 208
683509 220
652225 221
35318 13
1008586 136
1430477 33
1119182 222
412623 62
785361 223
259030 224
166871 225
865242 85
121821 132
1113068 75
1324013 62
1018869 226
734198 123
910327 78
515064 104
879611 227
963580 27
478378 8
68607 189
1453058 0
66565 50
699399 228
511002 49
62491 185
750620 229
56349 230
230433 231
322598 50
1477674 9
767019 150
68655 64
601136 54
711859 87
570420 213
896862 232
1147960 233
881723 179
1496127 139
365632 234
943169 196
1022476 221
191564 83
203867 235
1354849 236
775697 231
836116 237
91247 238
351345 51
1088702 88
935030 217
13431 163
629880 139
14130297 183
14130298 183
93309 239
1479806 240
1240191 228
627840 210
1302984 241
298117 82
196119 135
341132 242
1504398 15
854893 243
238741 244
305689 23
1111197 245
300192 246
285859 87
103589 247
435368 236
72873 90
564394 62
601260 40
1457352 248
1064115 110
1230004 146
244918 171
1515721 235
720057 68
44220 249
1191102 76
269505 250
16102 74
1322184 218
885962 251
496844 252
17617 149
705749 253
799959 254
1209563 255
117981 50
421086 99
365791 87
996590 66
1029362 10
1519145 108
38138 178
437500 254
1455357 69
576766 202
728320 95
1244418 24
293419 84
1432840 166
134409 9
556247 87
353560 151
134426 79
417051 209
1279262 256
1201444 142
179493 114
666918 172
507180 149
916781 215
1127726 0
912606 121
967993 207
44255 126
1033532 37
1295678 257
644415 93
1495643 258
191811 109
1219908 10
886088 149
621902 218
1490255 78
1039696 197
1211729 148
650580 9
574805 8
169304 192
998746 202
118111 229
517479 112
441704 81
1142122 220
1305490 161
161137 120
1133940 259
1142136 199
897599 61
1482074 260
613757 102
17534 16
683402 70
1148482 201
1295759 8
1209747 54
31982 261
234902 41
1043865 36
247194 83
607645 56
1039776 262
206241 130
284066 233
1486244 8
34213 129
1191335 234
1354311 187
1537452 161
660909 263
628142 12
476597 62
1095094 81
859575 198
996795 46
1037756 264
1185213 99
1312196 216
19361 265
533965 156
124367 8
1048018 10
988627 93
120277 14
122328 99
1512923 266
1117664 74
816610 260
60899 44
1168869 166
635497 251
1459914 253
441835 206
1181164 263
1238142 10
484847 267
1048051 219
99828 87
490750 117
1117687 259
200186 268
939515 269
148736 17
1248781 226
1148432 270
1510929 43
1334807 158
740898 25
482851 190
505382 11
566824 193
478761 271
591408 257
595209 6
81466 100
85566 246
302655 73
376386 272
337475 223
898629 35
1007174 58
484935 269
741613 247
910932 266
307470 24
1220182 188
202328 65
282203 179
755293 107
581214 97
257637 39
1101418 52
267886 46
104049 239
441971 133
1337961 218
1042040 31
929403 89
1007228 228
374403 261
112261 87
108166 62
485000 112
1109645 240
470674 60
1201816 111
396955 211
710301 118
611999 94
411296 57
544417 30
116388 138
485029 160
1270385 71
735516 125
370350 165
8477 48
460468 62
1486517 230
736950 182
73399 270
1482428 155
343741 243
501441 206
1490626 153
1386181 77
1304155 145
372424 157
382666 36
683726 13
1068751 265
1217882 249
794324 62
884439 169
1242847 222
878305 225
724706 244
734947 273
1267428 252
155366 3
21457 203
100074 181
454379 198
562925 147
777967 227
939771 99
1201923 115
896779 238
343821 37
673550 101
218413 87
179984 274
669458 86
575253 93
560918 267
1455895 116
743193 166
1514890 96
882464 268
479013 264
1416998 23
100135 92
46888 47
661292 36
468781 45
567087 186
827184 38
1410696 128
81714 275
278324 272
681784 260
171834 200
628542 87
1211701 261
1263424 214
46913 62
481092 8
85831 248
98124 131
821218 26
788304 31
1292113 63
995154 212
1355603 174
137045 113
1017688 255
354959 273
591710 166
569190 139
270652 250
431978 141
474770 224
1185576 204
763761 184
393075 275
536448 5
1300357 86
1144712 274
488428 8
532370 127
241555 232
94103 171
324932 205
307101 33
1501087 237
923552 262
1218468 258
124845 173
1441713 144
505953 180
979214 207
223220 245
1288123 271
94148 242
1304517 240
531049 198
284622 217
995281 154
239571 112
974158 191
421846 140
983033 87
212956 34
278493 176
591842 7
1015121 256
1509358 241
804848 175
663537 214
1056756 85
1288873 2
900436 12
