342019 0
745814 1
705546 108
1154903 162
62478 70
718864 2
1288210 3
142315 103
1531927 4
1354776 126
511002 131
747547 5
1052701 6
137247 7
644245 139
866792 116
329769 8
1001514 9
662571 132
233520 10
439349 55
574518 5
213047 11
79928 12
79927 57
1380414 9
380991 13
710724 14
291510 28
49223 15
929864 16
70730 1
557132 17
888910 18
881743 1
1315922 134
85 19
228083 105
240729 63
179290 79
1354849 123
1054818 14
103523 136
198758 20
1053799 128
862317 21
866414 22
242799 107
305264 23
1303230 96
429176 57
42105 26
321659 24
654460 138
1238142 115
627840 139
669826 25
951427 21
1101956 20
129159 26
810690 27
268430 28
245904 29
402579 53
42133 106
931991 30
651416 31
811162 32
68975 2
398492 67
300192 119
1375259 65
434342 33
1028263 27
562142 1
564394 58
1413295 34
1172659 104
865461 65
1227958 141
720062 0
1316031 122
686273 35
1448130 36
1050819 31
106698 37
331982 38
2256 39
1445075 142
1410261 143
556247 92
311514 40
1388765 41
105694 39
306399 144
990433 84
505382 9
862439 42
13546 131
1309931 38
610543 43
327922 43
299252 1
797944 145
576769 2
35076 45
119046 46
1282314 20
1486039 146
1018126 18
373293 42
215312 47
1283800 142
231698 49
677251 50
984342 147
1148188 27
167984 11
225573 51
313638 37
1021223 112
218413 54
1475805 80
214320 135
295219 52
708916 53
945461 105
636215 143
1062202 148
41275 14
104764 54
869429 109
1284416 56
14089542 124
611383 17
1317196 58
705872 112
1146195 149
48469 118
368982 59
807311 66
314291 97
5470 29
199010 60
127718 116
914797 147
82286 62
398703 150
530800 63
1204599 64
744824 138
351609 4
536954 31
318843 151
1492352 148
1271170 31
1262979 42
320905 25
689546 141
210318 16
1385871 12
197009 56
219541 67
227736 68
953754 90
1138075 20
1038047 22
454213 34
808354 96
77223 98
1380594 44
256430 70
924082 27
909747 7
94645 16
522679 68
6586 18
924575 23
1367114 133
364993 71
1188293 25
1072583 132
1528265 72
1099211 130
1148364 77
196045 42
433614 59
1068495 140
1400272 39
1055185 73
1417682 74
61907 62
1045973 140
1356248 72
238044 33
1117664 47
915944 55
647662 31
899567 4
935408 30
99828 155
1516286 108
861687 111
1455610 133
1114622 75
1123757 108
628542 117
1069836 109
416263 76
443917 89
1348013 69
881480 87
582374 61
383507 78
80405 46
808473 50
267354 135
1436627 126
390404 42
314289 28
559879 80
29229 81
420402 4
1076787 131
1295928 4
595513 111
85566 119
897599 81
376386 156
1260099 82
540229 8
1477193 83
1053259 84
144975 44
371281 85
140883 15
1529429 69
1409626 60
424540 86
379487 42
1170704 38
1336931 82
581734 87
357990 130
1070696 4
51817 88
680555 89
1293933 146
1269359 92
596592 12
441971 75
1002100 90
431721 102
135800 91
904825 144
355965 85
842367 92
1482370 151
277124 93
712325 154
108166 42
714177 91
169609 157
1461898 102
274065 35
827026 121
611438 137
972439 130
1368728 2
274031 112
315039 138
805488 136
236196 94
1267365 153
1450662 95
399015 13
51880 36
1016206 20
1485498 52
546492 19
491198 145
336575 97
1213121 98
1539778 38
1008323 99
388949 38
563919 1
1467090 30
172755 100
794324 129
1281750 6
671447 158
1520344 66
582483 123
786139 81
568029 83
1361630 26
555301 108
627428 101
514790 102
22247 14
1088235 103
758508 104
191954 154
956029 37
896752 19
925427 72
465652 101
836343 86
1197029 118
465660 106
449277 107
231166 159
105219 61
188165 117
657158 160
355079 76
5900 152
566029 51
546093 118
476945 15
805651 110
818965 38
1079062 149
628142 125
420632 4
752772 140
82714 92
1180447 46
804683 137
1073955 111
1123108 112
642694 39
1098537 43
567087 10
386866 95
278324 156
1006389 49
966454 139
312119 74
877368 9
1382455 159
1421114 161
433982 32
924480 71
46913 42
70467 89
96695 110
1299270 113
411464 44
1248073 70
1397578 44
1317707 102
229199 76
1434451 7
108372 161
1504398 99
1421113 45
1019319 152
433611 72
1424357 158
239457 4
797539 14
1315685 114
270652 160
15211 115
398191 46
820080 94
867816 155
148286 100
174966 118
1350519 88
669561 26
854908 73
347384 145
93055 121
536448 6
1027970 140
669571 132
162693 119
1047433 120
197518 64
1324013 129
496532 3
1341334 114
1049495 41
1010586 102
430575 116
230303 153
963489 42
1057698 121
433819 134
527268 79
190377 81
1170347 122
685999 113
224176 123
619441 150
853938 87
561007 4
1257397 31
820150 85
699821 77
1495999 124
703424 28
746433 125
667587 127
1062858 40
412623 42
519120 78
285859 54
60376 20
843997 102
262108 48
234461 127
675806 157
515041 128
591842 11
636899 162
320678 85
136167 93
1131499 120
152280 48
1052653 24
230385 27
75763 87
483321 125
25914 113
963580 108
1457150 103
293241 65
