832512 114
264194 0
454660 1
993286 2
879627 123
1474574 3
1222673 4
635922 130
840726 101
491543 5
763930 6
1413295 20
1343517 7
230433 131
1397795 45
322598 132
389162 9
762923 56
149553 10
159794 11
376884 12
896862 72
368137 20
1191996 13
999486 10
239679 14
365632 135
823362 10
749640 15
1315922 136
617555 137
485460 16
329813 17
1247321 18
267354 138
197725 139
862439 34
668768 74
1475683 107
948325 19
583782 20
801297 87
1476712 21
1197161 108
972439 141
165997 9
1502320 129
351345 142
368754 19
338037 22
390404 148
42105 49
1132667 23
654460 144
141438 24
1479872 145
22660 25
1083525 26
504968 122
1188204 71
268430 27
387215 28
1110162 29
402579 39
843924 30
694423 31
1050781 32
566431 68
1108129 33
152739 7
827558 34
317607 35
758952 6
72873 139
843946 36
187563 149
542892 37
514930 126
279727 150
1409200 38
711859 148
1124539 39
1366204 40
581821 41
892096 112
1024033 8
165064 151
835788 43
148264 122
81104 133
1050833 44
1373219 122
1218777 46
759503 47
117981 132
365791 148
655910 89
636135 98
421098 152
512235 49
42221 78
644334 122
509169 5
688339 118
456948 50
579829 51
229622 52
239868 53
198909 54
460030 10
1490151 147
213249 1
805122 55
767019 95
934148 57
449797 46
1082636 153
377107 58
963489 34
602394 52
595 77
1058693 33
1449253 154
41254 53
118056 4
214320 138
703793 155
1124661 59
484847 51
188728 49
1330490 60
981308 61
360765 62
921918 11
354625 63
116034 109
377155 19
994629 38
1403206 64
1443145 64
1358156 82
809699 66
992596 88
1285464 145
936285 67
207199 68
516448 69
563083 31
920073 86
1499493 70
335206 105
6375 48
456044 158
511002 41
1097619 151
1447285 122
188791 72
119116 112
136255 134
1354986 159
625022 73
1531263 67
1492352 156
496875 1
757127 42
320905 81
981389 74
1133966 10
1281750 167
1099153 127
1272210 75
1116563 76
257431 84
707992 161
811417 77
666010 8
727451 15
163229 22
1337758 1
1112987 34
487844 24
570097 112
311723 78
180657 79
321659 163
476597 104
243128 10
230303 25
468413 100
851189 112
1213889 1
1188293 81
1264478 83
1099211 141
1442253 10
1068495 59
1142226 111
415651 94
493012 150
1230293 115
1464740 82
459927 66
72442 10
793506 119
689633 140
384486 124
227816 12
216559 165
672243 84
99828 148
744415 5
861687 120
1235028 85
196045 92
446975 75
294402 10
285859 148
932358 83
576769 13
1335817 133
632330 32
664894 157
527340 87
775697 131
1472772 44
1358767 62
37411 88
17025 26
928294 30
803249 90
1200681 44
922155 91
373293 92
1076787 41
49716 93
1364534 94
137823 99
768574 95
146893 101
694848 85
890433 166
1109571 70
454213 166
678470 50
1477193 96
713293 97
344659 145
197390 118
678486 98
385625 93
939610 54
854619 65
37989 140
29285 6
357990 141
1338984 47
1085033 135
657665 154
665197 42
482926 63
202173 164
1530480 87
1270385 101
381554 102
703763 10
66883 73
1465974 115
1062202 156
638590 121
171647 100
1298049 2
881430 0
108166 148
364993 80
440968 29
489100 79
1048018 93
598674 103
976140 168
558743 90
1368728 104
1370777 105
433819 136
708252 10
710301 31
535198 106
1108639 71
937584 130
762533 107
230660 72
469671 108
130162 143
25544 19
648882 146
1177203 164
460468 104
1331998 71
1164988 49
300733 57
491198 170
336575 27
112327 102
1158906 83
845514 157
740045 97
363214 17
294607 86
794324 34
1500737 160
867033 109
155354 43
568029 96
705251 110
826662 143
895719 102
1230570 28
128749 144
988968 76
1145586 65
1274611 113
705268 95
881790 32
888567 107
714488 171
468836 159
38650 10
555772 114
46549 147
13057 116
1207054 51
569131 155
37637 106
478982 172
699009 37
663304 168
83756 117
499466 19
599820 134
165646 137
413456 137
723730 119
560918 51
587547 69
1023745 70
1009438 35
1180447 40
913184 173
41776 116
1073955 120
308004 121
1048359 10
46888 173
1120903 55
278316 24
1317853 82
284464 171
381746 2
862003 172
35641 111
290619 10
961341 123
913214 149
433983 48
46913 34
1154883 152
920392 56
1378121 16
808473 20
1351502 103
154450 61
1081173 170
1050241 169
1301339 124
1171293 1
1178462 126
639731 10
340838 89
1227068 10
15211 125
648045 36
1508669 30
1331058 14
405364 158
38206 96
93048 50
275412 128
478074 117
301949 19
536448 167
259105 42
108865 21
1113068 58
595851 99
1272719 21
1517459 113
849812 110
533397 20
297978 18
926619 162
742301 10
631710 32
924575 153
1122209 86
547746 169
396955 117
270249 7
518062 125
879773 147
359345 127
749497 157
1400764 60
361618 142
207813 2
904136 119
1462604 65
1125879 73
284622 151
412623 34
519120 128
1372113 171
914386 119
672723 165
1150932 45
593879 148
865240 23
6106 3
829403 115
1076189 162
1267365 91
1143776 70
720865 161
1312526 151
1016998 80
1057645 146
1052701 167
1052653 163
1316847 160
730545 4
1169394 119
602451 31
1094649 129
105466 7
744444 111
564394 3
