88066 0
816569 1
462852 2
230433 3
421897 5
452620 6
88078 7
1097743 8
1186468 144
1181719 9
454660 10
821276 11
1204253 12
1409063 5
178216 13
569387 14
1247922 15
534576 16
149553 17
901175 20
821304 21
815161 22
195996 72
705546 23
999486 17
842421 24
823362 17
684100 25
450629 26
1448006 27
430153 28
557132 29
399439 30
325714 32
73816 33
1247321 34
112731 35
1513566 36
1069151 25
352352 37
271376 38
989883 39
1266022 40
583782 41
1081447 42
1476712 43
452713 44
65895 45
1343599 46
417905 47
1247877 19
753782 48
1525881 49
727162 50
139388 51
397438 52
323713 53
1302661 54
276619 55
1536143 56
376977 57
606354 58
276627 37
122905 59
811162 60
659611 61
342181 62
861197 32
261148 53
176301 63
1413295 64
981168 65
121012 66
1136826 67
819387 68
581821 69
75966 70
608447 71
1122497 72
1515715 73
154998 74
26822 75
796871 76
889042 77
1521879 4
911577 78
336092 79
843997 80
893152 73
1525115 15
385252 81
815334 82
862439 83
970984 84
774379 85
1304812 86
495853 49
755951 81
718888 87
321778 88
461043 89
137460 12
962806 90
1159417 91
569597 92
1331454 93
276737 262
289027 94
35076 95
194828 96
1409410 97
1292558 98
802535 99
770321 100
677251 101
717076 102
266518 89
1205977 18
18712 103
580996 70
112927 104
191571 105
786139 106
737572 107
84261 108
338214 109
1519915 70
4397 110
450862 111
708916 112
55606 113
1227068 17
1063232 114
89756 2
377155 115
235846 116
76104 117
935723 116
461133 118
1159502 119
526733 120
911698 121
43347 122
1251668 82
1118549 118
745814 91
1364314 123
435258 30
737631 124
33120 125
1032547 91
235877 126
1462630 2
1366375 127
256360 14
825705 119
1149291 117
289134 102
208759 129
487796 121
133493 130
133495 131
27000 132
96633 133
549243 134
1118593 135
289154 40
57750 136
428424 137
20875 138
981389 139
1194383 38
569744 140
498065 117
1272210 141
1227157 134
399766 142
651673 143
625049 48
1173914 23
166299 144
592284 145
1337758 10
927813 146
82339 18
293285 148
1175964 149
573871 122
924082 106
1190302 28
915894 83
96696 150
13044 151
1112506 152
655775 153
452288 154
68031 155
733632 46
352707 156
747974 157
206241 123
831725 158
1442253 17
764368 159
14801 160
51619 147
430550 162
95993 97
1394543 163
1294815 164
680418 48
714491 76
864742 63
375272 165
1386986 166
268707 161
393710 130
899567 92
997872 168
1391091 126
14088693 169
27126 35
14088695 170
606712 154
158206 75
1286655 131
1053185 158
680453 70
1399305 171
424458 172
227851 173
862732 174
1495566 152
608784 175
274520 176
105219 177
84502 131
303646 178
129567 179
578081 96
80419 180
827940 177
1411621 181
1538598 30
3505 66
1088040 71
1350188 182
373293 123
420402 44
483321 107
365108 183
1489463 184
528952 92
731705 185
16958 186
57922 15
137795 187
1442374 188
1165896 189
1159948 147
1157706 190
1534542 191
592 132
182712 192
774738 193
1247829 45
445015 194
459353 195
176732 176
1067613 196
74334 197
1294943 198
741984 147
899681 199
1491559 200
245661 201
51817 202
524907 11
819820 64
619121 64
360361 203
1372790 62
2679 204
461247 205
723580 206
670333 207
545406 74
41599 89
192960 80
703109 112
1192582 2
1450631 208
139912 17
919319 209
408205 146
957070 210
1105541 211
432785 64
363154 83
830099 212
516758 19
256793 181
1368728 213
787908 138
469658 214
754333 215
535198 187
981663 48
434849 129
1530532 19
762533 216
1016487 156
150184 193
88745 217
1047212 179
393901 194
338606 189
1536687 218
1510066 92
783028 54
922293 219
53352 220
1102523 33
561854 221
1399487 222
989302 14
391878 66
707666 223
764617 224
355018 225
730914 226
383694 61
846543 227
443088 228
461603 120
1082068 56
879321 188
1442522 70
789216 17
582374 177
461544 229
57468 92
1063662 41
228083 228
705268 109
1303289 230
72442 17
555772 11
570109 148
503253 231
641792 212
242433 232
616203 36
1334019 204
355077 64
707339 233
357132 234
1164048 184
1162003 235
1343723 229
1135406 157
906007 132
881433 164
813851 236
1073955 237
744230 213
932261 206
41770 123
1318556 334
338733 102
389934 24
1000239 238
331185 28
88882 161
1442615 105
877368 220
1135417 140
1268538 239
95037 240
148286 241
783169 242
1351137 51
1248073 135
572240 243
160568 244
1012562 25
291671 245
1194840 92
772957 146
447330 246
289635 240
846693 247
893799 22
611176 84
744298 103
70508 248
17263 249
1424240 177
1389425 215
1457010 149
1362803 42
494453 25
1350519 202
543611 250
854908 251
109437 252
150398 253
1284991 56
367489 254
656263 255
871308 108
29165 167
1063826 256
533397 64
975770 3
52125 101
924575 4
981920 257
963489 123
1526695 224
175018 8
319664 170
123822 258
1069999 210
224176 259
205746 41
314291 143
224182 172
326584 260
605114 70
715707 174
191420 261
254909 253
537077 262
453568 92
1115074 85
422852 214
14088694 170
791495 109
412623 83
840656 263
285859 264
904153 265
224218 85
1258459 266
234461 191
744415 268
771185 192
1312526 238
459747 81
756708 235
1520614 48
267240 269
248809 221
257965 270
488428 271
701266 245
1302979 91
605168 32
72693 272
1097556 211
105466 113
130043 122
54269 163
922623 273
1293181 322
441347 102
1197060 274
1188871 126
285705 27
177162 158
879627 275
1334285 218
144399 178
252944 276
586584 277
136210 31
738323 117
859156 278
541422 279
411140 73
511002 69
62491 185
1149980 280
214045 138
1022469 28
259105 281
818210 195
1397795 208
719912 146
488489 282
1230343 122
955320 190
920073 283
180 284
66618 207
431166 271
554051 254
694766 286
239457 92
615497 287
209762 288
74831 123
664656 183
1315922 80
932947 127
1555540 6
1227864 289
822361 256
267354 96
945679 290
34885 291
310367 230
668768 139
1354849 259
443492 102
1197161 292
1537132 7
613486 106
889969 293
500850 294
162933 111
1381497 295
451706 296
93309 172
670847 263
351362 284
101507 100
1314441 251
576650 297
105469 233
881804 206
343181 298
291982 281
1249133 84
302225 278
402579 123
1199252 277
42133 247
38040 132
461978 291
1099631 165
1182877 99
552095 299
332961 198
248994 272
1399971 229
201892 300
324780 70
318637 301
1365166 181
66419 85
427189 285
850390 263
95421 17
898239 80
918720 169
890049 103
269345 162
530321 120
165064 238
449737 54
1317853 267
819002 244
709839 48
37411 123
371925 104
556247 123
1254948 302
931038 124
710181 23
1008507 53
603140 296
1181940 263
920807 52
1463529 303
257259 304
249069 9
519406 305
301949 162
249077 150
1424631 306
776995 293
1168636 106
23805 307
19669 94
462080 273
1182977 103
1244418 217
390404 308
355589 1
353542 309
40201 286
349450 24
29229 273
603409 199
349462 88
1312024 29
283929 310
1260827 311
927004 312
1504542 109
916768 81
382248 31
1139250 237
412685 313
202034 57
1518899 314
105694 273
266121 315
49716 316
25914 177
800061 268
1000766 25
154943 285
66883 143
128324 317
128328 167
863562 273
205367 142
42316 318
202062 69
1160528 171
992596 123
491065 301
1277156 81
417115 57
681308 171
359573 319
335203 287
778129 84
947560 320
761193 20
68974 213
398703 84
1379699 254
175477 297
970102 252
455525 309
744824 321
351609 92
1403 85
482685 226
392575 261
1492352 0
1000835 295
1334660 240
97671 68
1123722 116
1133966 17
1190125 103
1443216 62
1099153 87
3474 128
392595 323
99732 13
331157 142
19863 168
585112 303
169369 115
1308060 246
607645 273
503199 73
343457 219
808354 128
494739 318
89316 126
41170 324
1509810 205
742301 17
263600 325
1109425 159
56754 17
1454952 123
1336757 182
490934 11
671160 120
848675 328
394721 254
734653 233
738750 80
372163 213
1013188 303
1450230 68
613831 153
662985 139
686711 326
710092 319
196045 115
966094 225
514790 309
636371 183
396756 241
582222 145
154873 122
384472 54
1512923 46
1254876 273
777693 175
1170403 327
1306081 50
384486 325
900583 303
414475 280
500988 107
683498 282
44524 39
647762 158
216559 298
1185266 276
99828 123
749045 219
501238 140
861687 237
40443 155
687612 105
226816 236
222722 248
624132 328
213249 10
822796 231
1508879 329
1336851 283
226836 150
13848 16
808473 64
1359393 216
157218 269
1285668 48
839205 81
566822 59
478761 26
1097258 193
505723 330
1502768 200
484913 77
540162 25
1076787 69
725598 117
161334 113
654905 175
1117756 315
267837 274
677440 192
890433 326
620497 277
1183300 259
23478 258
803425 331
1314376 201
822858 196
955980 332
56909 333
212559 313
869968 334
1289809 103
374355 232
910932 46
65110 219
317016 231
939610 335
403041 37
1207311 184
1093222 26
501009 317
1139467 269
431721 309
691818 109
1490811 80
589421 141
413295 182
1502833 336
689779 93
1385038 79
835189 16
642678 207
850537 151
1042040 320
82196 100
642686 337
1056387 69
961341 275
1236615 314
52872 338
949897 4
1461898 309
927373 123
202382 102
339224 133
681731 304
667587 191
1499405 285
54935 14
433819 81
708252 17
759453 121
911006 21
315039 321
538275 50
829093 69
958119 38
157352 247
637895 322
1130159 339
59056 84
491543 230
835257 340
654667 294
319775 263
288445 223
491198 173
666 264
394944 122
915137 231
331459 50
229060 12
734921 339
1138378 78
1270391 200
437964 265
1119950 222
294607 283
273727 310
794324 123
751317 279
368299 219
1173209 303
1040091 37
200412 325
181981 341
497375 329
575200 342
1285858 203
109179 250
458470 343
317159 303
1298152 312
496875 10
1108605 199
91888 48
227057 338
538515 166
1000148 270
888567 216
147192 171
724706 67
1471103 343
909052 344
1040129 323
806659 186
478982 42
34294 345
1124107 92
1345293 60
81678 65
243474 336
206612 49
1195797 160
1206233 311
1455898 337
874267 238
470814 135
962335 50
587554 345
603576 209
702246 243
1048359 17
218920 332
569131 324
923436 161
483118 346
130013 92
827184 74
24369 43
452404 290
218934 58
1120055 278
1322808 92
1421113 95
628538 124
51167 341
628542 178
442176 346
1349442 255
802631 91
1257095 53
1607498 227
1470087 300
644941 172
1204047 142
788304 320
456530 289
534355 347
1007444 266
831118 17
1283926 333
890169 182
249113 121
1171293 10
1384289 217
1402722 306
810851 239
995173 298
1105767 254
1540 203
1126252 244
223085 243
561007 92
604016 299
523192 98
483775 86
1324918 315
447465 307
1226617 221
1447803 110
391037 231
765825 348
1066884 271
229254 257
1429383 275
565128 169
544649 146
672473 327
595851 335
290703 16
1386776 185
319377 260
327571 136
9198 288
532375 114
767898 229
364527 137
205466 118
788383 242
534437 305
1473909 342
270249 113
116650 257
1329069 47
518062 316
843699 219
1225882 349
372666 90
611999 153
183626 240
503742 302
1365952 193
667586 267
1081283 348
1081285 234
1255366 55
1017800 27
303051 48
284622 238
178127 207
1458129 76
1105875 110
665557 249
593879 308
236196 349
1444382 251
829403 331
297978 34
1404581 94
720865 340
763876 115
1243110 347
165237 118
983017 344
923626 223
469671 292
260076 215
651247 197
1517556 180
1513461 109
1437527 168
1484759 330
900436 107
362490 125
268283 333
