538625 0
264194 1
692229 2
774152 3
61449 4
694284 5
88066 6
712719 7
219822 8
200729 9
555034 10
964635 11
821276 12
1409053 13
718888 15
1145415 144
774188 16
159794 17
1099827 18
120884 19
1191996 20
659518 21
380991 22
726920 23
1236320 24
245827 25
710724 26
65605 27
550982 28
94281 29
1356814 241
392059 198
409676 30
1230926 31
399439 32
292949 33
73816 30
1247321 34
753754 35
112731 36
1040480 37
958562 38
1102523 30
1355877 39
583782 40
1081447 41
1476712 42
4201 43
1194090 44
1155180 45
637037 46
452720 47
368754 48
1101942 49
133241 50
1022074 51
557181 52
32899 53
22660 54
239750 55
1003655 56
1310860 42
68973 57
360592 58
139410 59
79555 37
376982 61
659607 62
757914 13
725152 63
52592 64
37026 65
1505444 66
342181 67
983212 49
753837 68
1413295 45
1382577 34
179571 69
1513653 70
133492 71
1124539 57
1052860 72
175477 73
1005762 74
323780 75
430278 76
1138890 77
676044 78
37069 49
655570 70
252115 79
111310 80
733398 81
96633 82
37080 25
104666 76
294607 83
843997 29
131296 84
608483 85
487652 14
862439 45
1136872 86
964841 87
1052906 88
67823 89
41200 8
321778 90
463092 91
1233278 2
1030391 92
73979 93
1362178 94
662571 95
35076 96
497925 97
1415430 98
332844 99
606935 39
463117 100
699779 114
655639 101
663835 36
739615 74
433614 102
225571 103
737572 104
172325 105
303398 106
1222955 107
758061 91
1171759 108
708916 57
457013 109
432438 70
541065 110
41275 111
104764 112
680256 113
680257 114
274827 34
1190212 115
1003845 10
844102 116
518473 26
1480418 118
1053011 119
1476950 47
180569 120
1253722 77
1530207 121
1282401 122
1182051 15
764268 37
235886 53
831856 123
487796 75
27000 125
1130873 49
477562 95
211007 14
1636734 126
625023 57
1223046 127
1499529 128
1276298 28
1401227 18
930192 129
1515923 130
158100 28
313749 55
811417 131
1173914 132
1202588 133
1239450 134
34885 135
369056 136
1352097 55
756135 137
1192363 127
691954 138
833966 108
219549 18
43441 130
1509810 139
1088243 13
618933 140
915894 45
1362363 55
168382 141
111039 142
1280448 143
637377 144
1229250 29
747973 145
611745 146
154059 147
324046 14
1165776 148
557523 149
397780 150
500094 151
430550 152
1513946 153
481757 154
1294815 51
309730 155
740091 156
17830 157
59878 158
561645 109
1391091 159
84468 160
537077 161
27126 36
14088696 126
14088697 162
309754 163
141821 164
1518080 165
920073 83
1303055 127
1151506 166
383507 88
256430 117
1026582 73
989720 167
346654 168
263600 169
1538598 32
512552 141
113193 164
922155 45
373293 170
772048 128
1536560 171
545335 172
1210939 52
627260 29
1028670 69
436801 173
1305158 92
330311 60
469576 34
1054818 111
246351 174
592 125
586324 103
133722 175
938589 57
1294943 131
1452644 176
254567 49
531049 20
469610 38
819820 177
1325160 178
1372790 67
686711 179
1243771 180
510588 153
1396842 90
529022 181
1162893 45
606850 44
1462916 182
328470 183
150636 184
197258 185
256652 186
935704 187
363154 45
1084052 188
1368728 57
346777 189
80540 45
211614 190
631456 28
307873 184
94883 191
1530532 149
750248 192
70317 193
338606 194
623279 89
221874 170
257140 195
576187 76
125637 196
129736 183
1289676 193
1321678 66
146893 197
781013 134
547542 8
1301207 198
191192 199
867033 200
47834 63
587898 201
1077712 202
58084 142
490215 203
60136 140
1315562 60
758508 160
1063662 40
639731 204
1299191 0
365306 205
432891 206
661973 21
926464 160
13057 173
355077 45
355079 207
240392 168
463629 208
1354513 59
881426 153
97043 84
72442 204
881430 1
1314265 19
1508120 209
881433 51
752413 170
798 122
766753 210
631586 109
308004 211
647974 22
1012519 180
508714 212
87931 190
258861 9
901934 213
402229 153
269111 31
1055546 215
236347 35
1499965 17
148286 216
783169 217
1166146 70
250692 174
1248073 117
1420429 218
983888 119
1413969 118
349010 90
60246 193
1487709 86
1389408 220
148323 221
114150 88
467814 65
1454952 208
7018 63
508780 46
606354 53
56181 222
359288 137
596857 133
57723 14
484220 220
301949 149
150398 115
691071 223
732032 187
50049 49
2946 224
398216 225
447372 148
497474 103
197518 226
1201043 227
281493 109
809880 228
742301 204
230303 54
963489 153
1117090 229
805801 230
175020 27
396215 70
254909 136
1024959 231
162294 167
1344168 41
1116872 232
363470 101
412623 45
715728 47
4600 219
666583 126
1016314 223
209744 233
285668 205
41958 195
863057 117
430484 234
1127403 235
914412 228
142322 236
209326 209
754680 9
939003 87
105470 237
840705 28
201087 54
288638 238
287750 239
1188871 159
705546 132
1018891 240
1008653 214
62478 117
697359 242
144403 243
840726 197
1001647 206
105500 4
1086494 37
269345 152
1373219 98
488489 226
1530923 244
844844 113
1494061 238
1444912 72
1240191 29
1203254 245
1389624 188
1487931 196
943165 246
242752 247
972640 43
519687 93
1074249 214
708248 94
1190987 195
255053 217
74831 153
500816 67
664657 248
1315922 249
363606 250
1270385 197
509018 251
506972 42
1070173 245
1229919 252
94103 53
253028 253
1465451 109
91244 23
1029232 121
1170280 116
1408114 18
1533044 84
119926 254
314487 78
720063 241
93309 255
355455 157
1035398 243
601228 215
285837 193
189584 62
684568 56
402579 57
556181 155
685206 178
38040 125
957594 257
1124207 258
285853 90
566431 259
300192 246
285859 112
462022 86
74921 121
1387690 67
117932 260
494767 247
9392 261
461247 139
89275 122
898239 249
537796 156
134342 24
785607 185
605385 28
885962 262
441547 96
27852 263
1377144 69
191698 57
1107155 174
1133782 80
939225 8
351781 166
949473 230
926587 127
928294 264
793832 116
717692 265
1080555 90
1230061 21
754927 11
124145 204
572658 258
1248501 266
1146103 256
500988 104
371968 7
1074048 57
230660 267
638221 268
457999 121
466192 269
727256 154
709908 270
339224 82
920857 165
810268 271
866783 106
916768 245
368982 135
1133862 151
9512 272
54572 273
889042 138
41181 274
1144712 57
34098 8
877722 19
1326391 186
1508669 264
1121598 17
501055 247
116034 200
66883 60
130162 275
697672 276
202062 208
1273170 212
232459 113
709977 62
238938 116
1129823 277
720224 231
202084 57
1150309 207
107882 261
1224045 172
68975 57
628080 153
486771 163
1447285 98
744824 146
1068410 152
1144189 53
249214 12
1492352 6
892139 99
753030 191
1054091 19
1357197 170
183694 196
1283471 45
1443216 67
1099153 15
316822 252
707992 19
169369 57
730523 158
449949 175
206241 170
548259 244
337318 224
1260785 79
41170 199
1392043 203
304501 188
140720 3
1165896 194
476597 57
1381814 147
869816 223
323001 276
1013188 75
585159 16
949705 193
396748 157
196045 170
1011150 66
298447 183
1255190 71
1314259 278
396756 216
478798 50
1322456 199
1531353 224
400858 253
71140 203
1203685 199
384486 169
216559 234
644594 279
169459 239
99828 208
1271286 210
861687 18
470528 53
309250 280
241157 127
576769 20
298506 100
805122 197
144910 33
135085 281
461978 135
718361 74
1037915 281
1381925 112
390404 270
474663 81
1007144 201
1095210 37
1250862 257
253488 39
183859 176
1383988 55
446006 282
722487 202
552505 283
9786 177
379487 170
890433 179
247362 285
624196 120
454213 199
790087 28
977847 7
448076 170
73314 249
1105486 265
910932 5
501337 209
1203803 210
278108 274
304734 165
157280 162
353552 96
450146 25
1085033 189
458347 199
1431149 92
1468019 218
707039 236
638590 211
990848 268
683649 210
500850 271
939653 248
108166 208
575425 158
1314441 286
865517 287
423566 152
238872 229
249113 75
1379790 284
681626 55
396955 203
818845 175
315039 146
649499 206
485029 192
335238 287
619121 45
1009322 212
792235 277
220844 250
136880 278
812723 286
460468 57
490861 166
1396410 262
527414 102
427677 151
278211 288
272071 58
925391 199
59089 230
307491 192
507606 64
786139 85
200412 169
181981 289
1206565 236
519120 22
1285858 53
350843 105
826662 275
22247 111
1625835 162
1625836 162
134893 164
173806 227
941808 8
57073 129
460530 114
1056502 41
1158906 288
177919 2
31225 34
63238 45
499466 222
1463576 170
710181 132
343825 221
1230611 85
435990 171
560920 214
211588 19
13615 272
481052 199
470814 117
325253 132
913184 123
988965 184
569131 199
83756 203
577327 235
862003 107
583884 45
464694 272
290619 290
1249930 254
528194 134
761667 291
1201988 193
55606 237
517959 269
116553 240
1132362 110
644941 255
241486 161
975258 256
755542 259
896862 170
720736 174
63329 51
597858 283
765796 242
487269 291
204649 64
334823 212
800061 138
677864 175
208759 124
449172 266
954235 251
954236 260
607489 213
1066884 263
1081221 225
565128 162
366474 131
1337231 181
26513 279
582796 155
377155 48
718741 143
999318 68
763799 127
681883 290
140613 97
1077152 267
120738 170
433819 245
1325382 282
902157 14
407469 162
425606 244
466863 57
425907 233
1222581 247
1233179 57
1388473 197
44989 247
462837 273
143297 145
149445 209
534788 45
434849 124
1062858 272
482685 57
83917 61
915408 24
43849 280
4051 8
384981 219
483321 104
749530 232
432094 182
51167 289
184345 150
763876 170
634534 193
156445 249
1139323 175
315374 223
94193 285
1353714 60
1366005 284
407542 33
900436 104
1320605 75
