470359 4
1474574 6
1216528 8
258065 9
1445906 10
352277 11
516120 13
871268 155
1052701 14
86047 16
835619 121
815140 20
475176 22
335913 23
41009 29
512053 33
45110 34
446520 159
385084 38
245827 41
1339467 46
921677 47
348242 49
1257555 50
733271 58
1056858 54
692316 55
520288 58
1511528 386
942185 62
1155180 64
1413235 67
704635 70
65661 72
32899 9
1007755 52
504514 78
643214 79
1306767 233
360592 81
356497 82
876697 55
786590 85
569505 87
356198 88
827558 29
921767 89
946344 2
1413295 29
860337 326
1278132 68
1190156 131
1188025 94
336061 64
463038 95
499903 130
118976 97
282822 23
442577 104
41170 105
368851 106
564394 6
37080 41
1200346 90
381647 6
843997 109
581863 96
1290473 115
553194 116
8429 117
962798 118
770287 6
766193 358
574164 203
360698 122
73979 123
377091 227
282887 129
1212681 130
725264 313
8465 133
1138966 136
590105 139
266523 141
721180 142
786723 135
172325 111
1122603 76
1339692 144
676142 137
1392943 146
164146 147
1093941 149
160054 150
41275 59
598334 152
377155 130
1126733 88
602451 5
606552 116
1175900 161
442719 162
1171809 163
356716 166
282990 80
254319 112
823664 168
70003 92
549243 173
803197 175
1323393 84
291207 88
1180041 181
815503 160
930192 184
229779 185
151958 186
336280 188
975258 423
205213 167
369056 193
639399 188
995757 348
135605 196
201142 197
268361 45
618938 185
598466 202
1188293 57
4556 204
1081806 264
557523 206
1465081 296
1077727 316
680418 210
664040 212
659538 214
29170 208
537077 188
1107371 223
1438219 225
1024527 228
250385 229
578081 234
954924 238
220594 419
66095 178
49716 254
528952 141
45710 272
1393215 243
1024577 244
1339971 74
528967 246
471633 249
1233491 250
340566 251
1516119 252
21080 253
385625 254
766735 255
1294943 447
1320380 258
17002 142
37483 381
1303149 182
746094 241
275057 130
525075 130
664182 262
254057 322
205432 264
1077887 216
606850 63
850148 114
242310 268
959115 269
438925 271
1479310 156
438931 453
8854 170
1368728 130
705179 274
434849 130
1217187 224
107178 179
70317 204
1114799 64
1397426 280
938675 201
291510 21
1487648 105
705218 238
926407 45
938702 129
602831 174
836305 163
1094356 90
336597 124
295640 218
1290969 285
529115 286
447198 404
746213 228
582374 289
758508 290
594671 214
1259871 292
471797 147
570104 295
1303289 207
1086204 256
1516286 39
1217279 60
926464 290
13057 300
66311 301
422665 302
37643 295
213773 304
824079 273
784 306
881426 103
1479443 34
203931 308
291606 68
881434 16
1323808 12
308004 251
1205035 311
885548 312
1135406 103
1020720 313
402229 103
525111 314
1205052 330
750397 380
740149 114
783169 26
582472 112
1246031 122
582483 319
99156 320
807054 443
181082 103
424079 80
1483614 323
1114975 324
209762 394
148323 257
635750 337
376977 19
1454952 329
1063058 83
271215 386
820080 275
1049460 77
1180535 19
1110905 399
1143674 333
1074048 6
561007 224
21384 152
1434512 319
689043 220
417115 19
963489 103
967591 266
1426345 89
1069999 176
850760 318
545716 7
62391 309
74683 262
254909 193
496584 345
488393 49
1086411 183
1221585 399
660439 59
865240 207
234461 248
738271 110
1262563 322
7671 346
1131499 117
537581 350
127982 6
78831 25
394224 362
422056 6
898040 173
963580 39
447487 355
1086465 196
54275 357
922628 286
1188871 7
705546 39
345100 180
1479693 79
996372 361
693278 24
156703 5
259105 362
439331 368
439337 118
762923 341
1078 107
37943 134
332861 395
1340484 366
1000521 96
42058 367
255053 26
74831 103
1315922 68
418905 158
267354 234
103519 372
103520 105
173154 70
1475683 191
672873 171
1056797 324
584065 249
500850 375
1180788 376
124024 215
690367 96
13437 377
1053823 298
746625 249
496770 378
1041539 41
308356 379
570501 293
222344 381
189584 367
9361 383
1004691 231
42133 78
1516694 152
312471 384
820378 385
128157 154
824480 343
74921 353
1361072 389
877751 235
1135800 4
1184956 430
898239 68
406727 84
1012937 395
295799 260
1254606 382
812240 18
705749 312
1115354 244
1160412 147
828647 139
13558 198
1344761 225
756607 64
1168636 339
230660 150
443657 153
1250572 356
786232 103
128280 54
415002 42
508122 180
1041695 12
177441 260
262363 140
9512 406
1373481 236
382251 392
509230 273
13615 406
255285 87
697656 409
25914 289
1508669 332
722238 90
1354137 189
275781 180
1238342 78
1407201 111
451919 124
595281 153
178403 113
9561 383
623962 92
718172 230
300382 278
862439 103
628080 103
722289 320
1201043 195
890228 179
1052906 276
1283648 282
394630 156
488839 6
689546 413
1357197 377
210318 17
1385871 57
169369 130
468379 90
1010586 338
1112987 103
984485 397
17830 33
116137 417
841131 267
1123757 39
120243 404
812473 236
1050044 58
202173 420
738750 68
636351 421
1516992 103
1078721 6
1222082 245
894403 188
50638 225
570834 299
636371 333
337364 160
71128 352
681443 369
1193446 350
1033704 363
1205739 254
378353 6
99828 329
58871 131
787961 33
1385978 346
325118 61
620035 272
103944 187
775691 208
845326 201
198160 22
317016 425
620052 181
607772 358
1029661 357
247328 224
206372 420
1381925 30
886316 432
394811 374
1046076 74
1222208 99
1287745 107
988741 153
173641 364
1476170 64
91724 354
923213 304
910932 412
915032 299
1037915 435
869980 180
304734 151
448095 405
431721 338
18030 293
502717 342
1013364 57
450146 41
1263231 98
312962 436
149125 447
108166 329
9865 370
1124632 138
530077 389
538275 44
829093 433
272039 34
157352 414
104114 55
1328826 122
411323 145
300733 439
280181 393
263872 440
820932 342
1128136 205
566985 328
263882 307
935628 148
1128141 205
59089 430
307491 152
1406678 127
1173209 137
911066 192
517851 291
788190 366
73342 29
1318523 27
845542 438
22247 59
1324776 13
128749 265
747251 393
214773 199
1488511 350
1345277 442
733299 444
1120004 175
157445 351
269953 285
300812 445
816909 350
673550 379
194320 269
121994 287
1187181 160
378652 59
1218334 245
300833 385
100135 144
1517352 448
1337131 247
862003 255
464694 406
628542 143
46913 103
1607497 177
1529675 449
5970 371
505683 158
1292116 266
1087318 156
1525597 336
780128 424
264033 189
973798 23
452924 38
1300333 382
83822 187
874351 150
604016 387
608116 321
87931 451
1320831 452
1046401 333
91115 253
939910 384
128909 443
1337231 388
718741 200
1454814 240
120738 194
433819 68
1226666 12
898990 6
726959 113
268617 5
788408 243
141246 158
817088 281
1030082 36
1206215 385
616393 300
1062858 406
403403 68
583630 136
665557 429
554968 128
1361883 218
882653 270
755679 6
1218528 64
636899 359
763876 130
976869 65
440295 64
874479 210
1353714 72
272374 323
796664 52
268283 218
1341437 219
256003 1
583684 2
272391 3
452620 5
919574 12
1439771 10
854046 15
92192 17
1505314 18
219179 23
79917 25
555055 27
321586 30
706611 31
1202228 32
358453 153
821304 35
624697 36
1530207 353
521226 252
1001536 40
34885 42
989255 43
1431625 198
735316 51
534615 53
616540 85
39005 56
772190 24
1054818 59
1476712 61
1468521 180
1194090 63
141425 66
73314 68
14454 69
1493116 71
428161 73
690306 74
825478 75
456843 76
538764 77
268430 105
145551 270
805009 328
796818 12
563359 86
266608 448
1308836 32
1468584 164
460970 46
739505 90
866482 91
141493 81
526519 93
530620 64
641215 3
1112257 98
469188 99
411846 100
796871 101
145609 102
583884 103
1218770 282
321749 8
727256 108
356047 60
22906 172
805088 110
632249 28
1513699 178
2276 318
198886 66
6375 410
1304812 4
1272046 400
461039 114
1464561 119
993522 120
405115 6
1018102 82
825593 121
985339 250
1337596 50
366849 125
321794 124
51459 126
104710 128
1188225 178
977162 28
194828 234
1501456 132
301332 135
305432 263
1206554 140
1145116 292
1511130 143
555301 145
1528199 97
387380 148
104764 30
568421 374
46452 211
563530 139
1317196 6
744230 130
600415 90
235877 164
899435 165
584045 167
805233 169
371059 62
310334 170
1198458 6
792956 174
1636735 177
1636736 177
1636737 253
752003 179
399766 180
1399175 103
842123 182
1194383 183
35222 104
874903 187
969113 293
1239450 190
347887 123
125344 201
1444269 194
248242 195
320585 441
694714 103
240060 73
722677 260
1280448 200
747972 103
1022405 124
88521 100
154059 203
313804 127
22990 205
1141199 25
731607 31
1216155 208
1513946 103
481757 108
141790 6
432607 209
424420 178
1538536 305
899567 215
1391091 164
55797 97
1538552 218
1436154 219
1518080 220
1419777 221
870914 222
727869 48
920073 224
1424283 226
1366542 227
1227280 41
858642 117
84500 230
1026582 231
1202712 75
719386 232
117276 233
1270874 55
1423905 235
186916 43
698918 86
1153575 236
293421 239
842291 240
592436 241
698935 24
731705 242
191034 12
436801 300
137795 48
305734 54
334413 104
1534542 248
166485 102
346719 256
343825 257
622429 360
649834 429
957035 85
1530480 259
981618 260
399987 32
1002100 261
109177 265
2682 266
350843 267
510588 103
821889 144
256652 344
14989 204
957070 176
1260176 146
432785 1
1084050 171
1399445 48
731588 232
80540 64
535198 48
740002 269
236196 275
1112744 276
72361 277
1452718 278
1325745 279
678581 6
1116872 281
1350346 282
1108686 202
164984 261
1104595 283
1272533 284
547542 134
191192 105
568029 287
183008 218
260836 288
514790 378
1117991 301
1538796 322
1014510 291
129775 191
1436406 294
223993 138
879354 297
568060 213
838400 299
105219 289
355077 29
1370891 303
1207054 305
1354513 307
805651 197
1239829 309
490264 204
813851 281
846298 190
263301 380
285473 6
973606 446
744231 310
521246 314
1025843 373
121653 433
527158 193
621370 315
1513951 442
891708 317
92989 331
219822 134
920392 341
1248073 237
207695 30
421688 302
76627 354
1439297 432
162651 72
1223522 325
289635 326
1448804 407
846693 78
146278 327
7018 211
1076075 0
928621 21
568176 388
594408 279
465778 299
402579 103
895860 104
1353534 59
428918 101
1350519 397
1198969 332
301949 206
547711 277
945024 68
838536 6
1481879 335
56205 217
457625 27
228250 239
830363 40
244513 237
166819 274
183208 340
76714 120
1149869 102
904111 273
314288 260
842676 275
1444793 247
1092541 147
1186976 223
412623 103
1043409 297
285859 30
142294 347
1473498 349
744415 427
216033 348
334822 103
527340 259
1113070 351
39919 352
261104 133
1440760 44
108372 422
1023146 229
896000 356
982023 358
736264 61
1207311 222
1322002 284
171182 242
449581 93
79709 401
15412 145
1421150 363
949309 364
232510 168
838721 365
1536143 115
1383507 319
502870 87
48996 258
912474 216
896091 370
97373 103
371806 122
1289312 209
608784 53
1154146 373
1425254 334
223378 270
892009 145
572522 180
412782 152
413917 452
961656 157
732284 271
773246 83
1240191 109
1035398 208
560266 411
1514638 294
223085 315
453778 283
609776 151
457878 228
48279 23
1124207 88
1309853 246
552095 387
662688 215
248994 293
654240 11
216230 37
1502378 408
273581 157
1318062 376
1010869 390
1051831 391
748730 385
580796 392
474302 226
1498304 394
957635 150
920775 309
433352 107
949450 396
138446 367
310479 398
388304 29
412900 126
249070 83
44272 400
572658 88
679159 260
1203454 401
974079 428
1273089 139
302353 403
501635 51
888085 162
191767 255
494873 405
363808 104
1039652 295
818469 166
1293608 57
1232170 407
972991 408
44341 20
1326391 344
1489463 222
993165 417
1367383 161
785755 56
626013 91
720224 403
1142122 100
68973 130
68974 130
122226 95
175477 231
154998 1
257400 1
1523070 412
101759 268
1150848 64
707973 90
1052045 157
183694 86
1502607 355
847250 414
482542 178
707992 415
208287 416
249250 132
163235 402
748102 204
1404326 57
302508 418
1375664 148
56754 102
175541 83
331191 106
1046432 396
372163 130
53153 32
695753 422
1146103 423
433614 144
245199 149
884176 424
503253 425
990679 131
1322456 105
1011161 180
658906 296
880251 119
663012 316
384486 449
359914 398
945643 67
216559 426
171504 169
392695 35
241149 298
470528 212
1482242 356
904708 429
298506 208
474635 410
822796 425
1072654 161
122797 40
110101 114
1194089 263
240987 379
1378223 18
546431 244
617845 419
388646 273
474663 317
1039913 345
581164 51
1195567 337
978480 388
1076787 433
1244734 343
1007171 165
462408 434
20044 103
56909 218
1408594 363
417363 434
310869 71
1003094 192
1121882 391
1121883 409
945762 172
917091 74
1257062 221
228970 371
1523307 365
413295 334
821335 400
130683 375
908926 428
790145 62
52872 36
1461898 338
1453708 94
945808 322
179857 432
773780 394
458389 421
761499 369
315039 437
454318 273
229040 438
1193003 270
57010 204
1466037 304
130742 390
1093303 308
1330874 186
310973 65
360127 310
28356 411
765637 68
188102 6
192206 199
294607 224
1322707 340
794324 413
458453 416
1281750 14
642777 32
286426 54
786139 339
200412 280
605918 0
536288 154
1027809 155
777956 260
1457893 242
1212135 359
741101 296
851695 352
323312 372
57073 184
257780 368
372470 311
954103 441
782074 47
683774 431
744824 437
398936 135
429838 336
868113 80
1007378 446
560918 305
1101594 436
87343 360
413468 147
98083 240
656006 349
679719 13
1077034 90
569131 105
674176 387
368438 288
1322808 335
347966 331
669664 361
160395 374
241486 188
1204047 180
1064786 86
356179 322
933717 402
1154903 359
765785 330
50490 444
896862 150
36708 450
1257318 255
203627 62
363154 29
514190 321
800061 427
706911 37
1503102 426
105109 273
536448 14
466821 159
839559 335
278408 273
405390 439
122339 273
1077138 245
94103 327
937887 213
712609 347
896933 453
135085 435
270255 70
139188 418
211614 451
81847 15
970682 162
1036221 184
503742 303
204735 125
593857 23
200642 325
462791 359
298953 431
249802 28
610253 217
933840 161
784376 29
651219 440
1433556 360
655317 69
593879 454
323549 337
720865 415
1023971 23
1069028 79
782310 450
434156 445
1105901 306
483321 454
