299008 107
1503239 514
495625 540
540682 0
167948 455
339751 232
352275 1
225300 541
122905 2
40986 3
1052701 27
237601 4
182961 282
172073 5
225324 298
345437 278
753713 6
1314867 78
16436 7
598069 8
45110 333
901175 9
876601 10
349535 11
359776 543
245827 12
57412 13
929862 544
1361249 14
548937 15
1327179 16
820578 50
53328 535
591880 243
659538 546
770131 17
948621 529
73816 18
262233 19
1114202 20
114779 21
954461 547
1262949 22
1513946 147
434274 23
954468 548
1376357 24
1052775 407
254057 25
106602 26
1155180 27
1343599 28
1450096 29
368754 30
569363 421
107881 27
65661 31
1294462 32
1413247 549
745601 33
1085570 550
32899 34
1228933 35
274568 499
331920 290
69777 274
1106066 36
951662 48
376982 37
1032343 38
622746 39
699939 511
790684 551
1061022 369
1450143 40
1085604 50
827558 41
116081 42
1065128 43
1289312 54
811178 44
762567 19
176301 552
1020079 91
1409200 45
516278 46
569529 553
819387 48
549053 49
82112 50
495809 511
1274050 141
819915 170
12484 285
1492342 254
282822 58
332492 301
106698 51
315595 554
698402 225
442577 52
41170 53
790739 555
8404 54
622807 55
37080 12
831705 525
311514 56
716078 15
336092 57
843997 58
1126622 488
82143 59
516322 60
1179875 61
311524 62
1323239 556
266472 557
127209 558
1052906 559
977251 405
569032 293
766193 314
155891 63
946421 540
335913 58
868600 64
443092 173
364794 110
73979 65
405756 319
106749 66
1384702 67
770303 68
426240 69
635137 561
504066 312
37124 562
1089797 70
823558 301
282887 316
1212681 23
725264 563
377107 71
1220886 72
90841 144
196888 73
1233179 159
721180 74
1278237 75
53534 342
200991 316
34263 165
593857 58
1208611 55
1138737 76
770344 77
844075 27
4402 74
618547 542
1093941 565
94260 137
344378 79
270652 80
1346954 78
598334 81
377155 30
1454404 170
491846 82
1089863 83
1057096 84
495945 566
724835 86
708941 491
602451 408
807252 500
558478 285
815161 446
1110360 465
446809 302
20828 568
336221 85
69982 51
295263 86
516448 87
475490 88
157680 533
404821 538
1142161 170
745832 89
991593 90
82286 91
831856 148
1204599 92
388500 495
57722 93
549243 94
1163644 95
1245566 96
331157 496
420587 439
1089928 97
156043 98
340364 384
643469 571
622991 99
16786 100
1094037 15
57750 102
1311128 103
565657 104
975258 105
76527 106
323996 279
1024414 107
82335 108
369056 109
76528 293
192409 21
1188259 110
1393063 111
12713 15
303531 112
602540 498
281330 441
654240 299
1102255 574
311730 113
631219 114
844213 115
184393 136
1335736 116
1298877 575
1123061 182
1434048 111
524737 117
516547 118
860612 119
1188293 120
271777 69
221640 121
20941 207
1167822 64
348623 576
676600 403
704978 122
61907 380
8660 123
470 124
188889 125
1356251 577
852444 126
1253853 127
1294815 128
532961 129
86501 450
983526 130
975335 131
1032683 132
561645 194
268283 174
246259 133
639476 133
78325 580
614905 134
662469 549
1477816 387
829093 479
119297 182
1241606 50
119307 18
725518 554
467471 23
360978 135
29204 357
1247321 157
1008153 136
1458715 137
1056858 138
1436627 373
238113 139
651810 457
583771 383
303659 140
274988 515
29229 583
21045 371
1368636 141
1139261 142
279102 143
1393215 144
1024576 145
1446466 585
959043 146
124342 293
557639 147
1241674 196
1385038 57
4687 586
583096 294
639571 148
848468 380
340566 507
21080 173
1221209 149
189019 150
176732 376
938589 292
1294943 151
254563 91
684648 588
283305 539
819820 23
103025 589
418418 152
211731 219
1290869 92
1372790 39
1192570 175
148093 153
1417855 154
660097 590
37506 591
288875 385
225925 502
119431 593
139912 156
385677 157
1086096 22
488081 563
791189 236
844438 158
1368728 159
238234 160
1354660 361
217757 322
348831 77
647844 161
279205 162
1303206 163
991913 164
377514 165
733868 21
667762 116
594607 591
922293 505
1094327 545
877244 166
336575 167
705218 168
17091 169
1004229 96
279239 389
13001 443
1004235 594
1086156 450
938702 316
381647 408
836305 171
516819 172
328404 560
361174 125
295640 174
758489 595
1336026 168
245199 565
754398 175
1540831 176
1221347 177
1385188 178
1221349 179
1221352 180
500457 181
295658 137
774894 490
594671 546
1528289 69
1446645 421
156457 197
201464 198
508665 142
701182 63
680703 184
1438464 15
377604 124
385797 185
647944 186
992010 187
762635 137
176908 524
1258258 210
1479443 333
1180438 188
1049369 189
832284 393
853466 191
574238 192
1180447 193
1364768 203
766753 518
631586 194
1499939 195
308004 507
1450791 196
664361 145
480045 369
1269213 70
424072 355
475962 198
1205052 199
750397 503
783169 61
1210507 129
123716 200
648009 201
152397 399
488272 596
1196881 201
439122 597
234323 450
140119 202
349016 598
570202 36
1373019 284
1205086 203
1467233 204
340834 203
435045 205
443164 190
1102698 600
508780 206
496493 495
92989 447
1131379 53
832372 601
156534 207
251369 208
676728 602
985236 214
856955 216
238463 209
1495936 579
1319810 47
296427 306
50052 211
1520521 120
447372 399
426893 212
217999 16
414608 603
886936 15
1520531 4
5014 275
1446807 173
209732 208
160667 126
274586 389
230303 214
963489 27
930492 226
295844 215
476069 216
869289 217
1164203 100
1002994 477
582576 218
140210 219
447411 202
693065 26
418744 220
40436 126
545723 144
381884 343
254909 109
1024959 221
33730 20
1393603 222
1225671 60
488393 377
78796 409
1356749 82
836559 223
725968 46
463826 186
754643 219
218068 275
120041 77
779222 224
771035 225
476131 226
967652 227
50149 137
611304 78
377833 228
426990 229
281740 478
663720 230
635892 388
545782 220
349175 544
1496056 142
267263 107
394240 231
370859 184
447492 136
1483781 232
361479 233
939016 461
521226 152
676875 246
795666 234
996372 604
1422357 162
803863 667
1413295 41
1537054 126
230433 236
844834 237
807971 439
1201190 598
484393 129
762923 238
250927 605
250928 41
250930 424
361523 201
824158 298
177207 576
455737 89
263229 234
537662 494
513087 2
365632 404
1455169 606
660546 555
943172 239
1274038 551
1242185 536
648269 64
74831 27
500816 240
103505 349
1315922 607
1525262 185
111705 541
1025114 241
214110 242
447333 587
103523 608
635750 599
775697 243
1066088 244
530620 645
586858 609
136299 380
373869 115
681075 245
349305 610
177275 485
828542 183
991424 246
1041539 12
676997 430
656519 247
345224 248
70508 15
517655 249
361615 213
140432 250
13848 102
1004691 144
910485 251
1516694 81
1027609 285
136344 387
980124 15
5277 343
54433 611
1103010 326
554147 91
430278 187
435368 73
9387 27
1418414 252
476337 253
82803 465
1205 254
1340598 285
312504 255
1362804 453
468154 158
1008827 256
14169278 52
505376 257
656578 258
583884 27
541900 259
480461 50
628259 15
1063662 101
705749 260
414934 50
931031 474
1483998 261
365791 14
807803 249
124132 262
921126 512
1078502 608
1050833 259
496873 220
1406186 104
496875 612
280735 118
1258734 613
1414385 589
754931 263
540697 160
238837 264
763128 265
1344761 266
1164482 566
947451 145
500988 44
1297396 468
619774 270
390404 30
1524998 267
820487 268
9481 269
607500 15
684727 409
353552 270
152849 487
709908 30
714005 271
398617 150
292122 416
443677 272
1017119 273
1123620 274
599333 3
9512 56
898345 616
668977 299
1262902 276
1062201 207
210236 160
535434 456
714046 277
709951 380
120128 461
480579 617
382276 496
275781 206
93309 346
267594 618
202062 14
38371 72
308560 49
1370040 436
558420 5
1055631 335
906589 255
165214 8
644447 341
1291616 584
877921 205
267618 389
1224251 513
1246565 279
1133413 232
1439081 595
857947 538
120174 180
628080 27
1271153 259
963955 493
46452 402
251961 567
1463670 285
726391 620
497017 469
1525115 280
124285 281
595327 568
887681 323
1185153 323
677251 245
796036 189
132485 282
488839 408
1054091 145
1508748 283
1365570 284
210318 158
1295759 73
1443216 39
87441 13
267666 192
1054102 610
1320344 17
169369 27
468379 220
961807 392
660893 622
660894 167
488863 371
255393 286
1112987 208
984485 288
247206 11
214440 289
412572 460
804266 290
1381806 285
447919 624
861616 32
83378 291
95667 275
476597 292
341430 583
775607 127
562616 621
632249 295
181690 296
927 625
87486 163
99775 297
1373632 596
1250753 155
161223 626
890312 422
1217994 117
562635 99
677325 551
50638 266
976335 300
1424689 301
636371 144
337364 302
1078743 408
681432 303
1307556 428
1402330 206
1136094 426
312799 15
1381857 476
1308130 380
1222115 304
1033704 305
882153 338
1186245 632
914923 198
439788 486
171602 627
902638 207
501232 64
644594 359
99828 14
861687 307
1197560 308
271865 309
175018 462
905472 551
1017348 310
1003094 361
796169 129
527340 467
890382 1
923151 25
1005073 285
267796 118
230935 312
1050136 313
284186 622
1103387 277
607772 314
898590 179
939551 558
1054240 32
1230371 315
1381925 377
906794 142
389383 67
788014 317
347966 447
1295921 318
1429493 538
1003074 514
591415 134
9786 23
124477 319
509503 171
1222208 320
636482 588
783939 399
915724 236
73314 369
1312336 321
882257 16
501331 322
910932 28
873891 623
202328 628
197003 398
5919 383
927333 322
206438 323
431721 58
30316 99
18030 14
1082993 324
321138 129
454931 473
370147 108
1480314 230
1250239 405
59004 325
50813 326
530046 6
210560 629
863168 98
824964 620
108166 28
288391 180
1255051 327
489100 630
169616 55
583313 292
1526274 382
792211 541
214676 329
407191 228
63128 514
1336986 331
1005213 394
140959 197
34467 332
255653 214
1461898 58
272039 333
573724 64
620203 373
1525420 334
1259122 88
1144494 324
323869 560
812723 184
1131968 298
706234 91
747197 153
324123 233
1312449 335
640708 336
313032 172
900240 452
935628 156
1304271 337
67282 338
136922 122
650191 339
866651 651
555301 631
280288 340
1461200 181
280290 341
526055 59
1238762 342
1136364 564
956029 186
694000 143
336851 371
1099510 155
1238775 343
1423097 164
3711 517
976637 330
657153 259
338219 400
1246981 344
272135 74
907016 399
165641 345
88987 68
1517325 209
673550 30
964368 497
648977 52
1234708 239
214810 346
67355 347
145181 505
243487 632
571696 26
1263394 349
1127387 345
378660 350
362278 351
69255 237
186157 233
1525550 352
542511 154
67377 113
395061 188
63288 348
1029945 532
132923 353
466570 88
628542 319
46913 27
394892 328
911178 321
460619 354
665423 79
193262 331
730963 143
849748 469
682155 73
1087318 11
575319 355
382809 504
857635 182
53528 564
317281 514
419682 231
239460 208
714597 157
464744 328
637965 374
1394543 356
1009520 15
350067 636
147092 151
1124218 357
1447803 637
1034108 358
391037 158
196245 253
456579 268
1431431 350
604040 57
1501065 285
563083 506
411535 256
558744 330
522130 242
158662 466
1173396 360
1333141 610
640918 361
839321 394
243609 639
898971 600
964250 573
235423 178
759712 556
120738 27
427939 24
436550 401
708252 317
714397 101
939952 535
608179 363
1222581 364
235446 592
108472 365
1304505 366
169631 38
67914 353
980927 25
1304517 356
1062858 56
686030 578
743375 640
714706 22
306851 126
620506 222
1361883 367
75742 17
673759 202
751584 149
636899 577
1249411 293
18406 369
653287 15
309230 549
715576 250
1071088 529
1153009 641
1353714 31
321524 371
858101 642
1308663 640
428027 372
825346 425
346120 99
22539 505
440332 15
542187 210
108564 374
743445 554
1112086 358
29700 636
555034 264
1267375 417
440354 241
1017891 258
309284 633
1026085 375
219174 278
1468456 376
190812 263
219179 58
235565 643
249802 295
1463304 542
321586 377
235187 108
659806 569
821304 378
88121 573
890228 619
890941 644
1421267 535
760315 550
1054786 97
95243 581
710724 421
71749 471
1034312 372
10316 380
1386574 129
629773 592
366674 638
452691 382
276565 389
1144918 613
900436 44
297049 581
702554 523
1415259 582
1412805 95
583782 384
489576 15
198763 577
637037 206
1394365 386
141424 387
1034353 388
964724 557
1276022 59
266601 554
39032 175
747645 389
1299852 621
223362 390
284803 44
634701 21
1169544 527
940170 506
984087 235
1095825 340
981139 181
264340 547
520558 303
259080 27
694423 408
211096 641
194713 75
472007 405
1513630 645
335557 5
989344 78
960674 391
342181 39
598422 182
338289 407
133288 362
1063081 121
633003 247
21078 587
452620 9
506031 581
165576 392
866482 15
179859 632
358585 443
1366204 193
750499 15
174270 394
235711 144
1300672 216
231618 15
469188 320
365601 119
1345740 526
616654 182
301263 480
1321168 395
104657 275
727256 605
1218777 647
1161434 26
71899 369
602490 143
231646 123
1411297 64
1501412 257
365606 6
207078 482
862439 27
1304812 396
342253 229
71918 531
538863 628
1277686 84
284913 463
129266 109
418174 45
1177849 526
1026299 397
1399036 522
960766 398
110293 521
657665 327
1349890 648
35076 270
977162 295
194828 466
968974 356
346385 26
166165 37
1403159 122
645404 649
403742 399
108473 235
153245 362
850209 294
756640 434
518436 258
334117 276
1022250 479
1202475 650
1029832 189
719149 566
1173807 376
223041 261
1005873 106
366902 145
547130 143
1026366 363
274827 530
870726 255
268617 285
1227082 505
391499 231
1317196 408
928077 403
239951 397
125265 404
744230 27
1276244 114
940376 528
354650 89
815503 302
1427804 97
600415 220
356061 157
55651 338
686438 195
1067367 406
350568 552
1046895 143
805233 646
1472882 461
645523 73
1026420 155
1137017 438
858491 652
751996 180
536644 59
1636738 653
752003 619
291222 186
473479 418
256392 408
219530 441
502155 409
944525 59
113038 538
544493 523
1157522 285
391571 451
1227157 94
651673 119
969113 14
1239450 122
571805 337
133534 15
641441 410
625734 411
1452454 64
1452457 412
252333 422
1022382 654
252336 186
924082 614
915891 6
270750 15
469430 375
768439 482
1493436 413
1218528 262
831904 572
747970 27
1056502 453
276935 212
633288 389
88521 489
125386 501
371150 415
20899 573
1214932 416
120569 52
593833 475
846298 348
481757 605
141790 408
432607 54
43490 143
326119 310
1538536 309
731628 417
59886 181
899567 655
682483 418
870903 234
14088698 653
1526267 223
1022466 325
432645 589
149249 126
145600 583
424460 656
530957 495
1202702 285
1035820 5
1227280 12
952849 97
383507 559
23061 241
1026582 419
625175 285
1202712 585
267354 466
911904 199
621090 324
928294 368
1219112 623
583431 657
55852 480
1354162 50
870959 403
1346097 421
1202738 32
552030 474
531000 393
64057 570
103519 215
297533 246
387302 23
137795 432
305734 138
895559 14
1397175 406
957004 481
334413 52
440877 658
178769 209
166076 393
362254 422
133722 90
768603 650
424540 15
260701 653
379487 424
961122 425
39524 492
436837 426
658026 83
1235567 545
307924 47
572022 597
178216 296
166520 427
1378938 428
367230 302
1371925 275
139712 429
551554 258
68228 430
986902 302
145857 420
431768 573
514699 659
436674 660
1129104 519
432785 504
486034 89
129686 494
350871 260
397764 235
183407 477
80540 27
469661 431
535198 432
731589 89
587547 87
1379441 338
150184 433
88745 661
895660 380
758216 146
1055410 48
119923 450
555700 454
285365 414
1296841 164
1432249 66
231199 348
428732 434
1100234 15
243284 469
690879 103
203457 535
1247938 435
387779 118
110369 143
223946 436
1071823 561
248530 167
596430 562
527065 166
334554 662
789211 437
621276 454
52346 15
1432288 454
248546 118
76516 15
27365 438
514790 58
1497832 403
135154 150
465642 126
683815 137
1538796 435
1190638 242
1403631 440
252656 422
905000 526
1145586 423
414163 133
645878 484
834297 119
744187 571
1514238 411
355077 41
658184 442
481751 424
1354510 443
152707 551
1248020 207
199445 388
318232 233
510745 15
813851 444
752413 424
570501 14
479105 477
7869 512
1510178 410
338723 445
1347392 306
973606 291
744231 131
322344 327
737756 66
809772 290
60206 190
1317679 445
337032 330
219954 663
38694 621
476510 127
121653 71
662328 209
60218 446
727869 543
203582 113
854849 129
872929 578
920392 238
849268 47
342858 642
1514315 273
404303 390
1387345 449
1117010 92
535380 126
52058 332
1307791 319
506718 569
143845 367
428896 451
752481 3
449378 137
129891 58
897510 579
146278 63
199528 203
1248073 448
7018 402
946663 417
1125232 318
31208 626
200729 533
397118 431
953206 183
1350519 288
126100 454
699258 118
1002364 150
301949 204
187262 433
150399 129
449409 513
187266 42
949123 283
514951 296
838536 455
1383305 648
310154 344
1440919 602
682894 457
433277 371
179088 422
494481 458
367506 248
330644 290
694766 482
77978 213
744343 111
830363 459
269212 551
80800 315
1031073 606
695202 651
1039264 307
1017987 64
584615 461
236458 572
838574 463
973744 319
314290 464
1178547 220
998324 615
1378121 226
1496097 387
707514 396
453568 160
1529675 537
424901 285
1072070 559
1309639 129
412623 27
687056 83
39889 651
807946 586
326611 664
1162196 665
142294 444
776845 352
1170395 637
162780 119
1415152 529
564195 244
220138 290
277484 285
826353 456
220148 129
285688 243
1292116 635
338938 129
261116 313
679765 659
359425 577
423083 89
416772 427
932870 494
670727 218
268119 456
875533 129
629775 617
945169 258
216083 445
785429 145
921153 234
511002 80
72733 346
261154 366
154659 0
543780 126
252965 580
252967 666
416810 338
433196 55
543792 470
289843 471
1014840 575
511033 119
7227 505
724706 370
310334 300
586933 76
523329 588
1438219 266
945222 472
220233 643
126026 188
632674 290
363598 397
1367119 480
1135800 396
1468084 140
1137748 524
842095 548
1068120 473
1390436 330
1539163 508
144570 182
34885 379
1473632 191
1055843 629
142436 475
973925 416
1141862 476
720115 362
371816 228
892009 631
397159 228
412782 81
187503 182
506993 33
113778 15
990325 63
207993 130
912506 365
269437 512
998526 664
40063 475
859265 615
363650 202
228484 52
1182619 287
1354893 304
1514638 244
334992 124
51736 38
248980 68
848409 303
461978 379
285853 351
1186974 618
449695 347
662688 655
285859 377
1158308 480
831958 371
601260 160
948765 594
711859 567
969909 389
658616 207
269497 394
89275 329
16339 554
322752 228
1157664 170
490690 634
433352 40
851145 651
658637 389
1113294 401
1109200 405
601297 481
292532 603
1506516 112
556247 14
1296781 393
593113 8
419706 482
257247 483
244960 517
130273 632
511203 243
662737 566
523496 470
683244 484
974063 581
335091 499
1335166 561
1146103 105
1223929 485
236797 385
818432 657
1244418 661
559659 419
830724 332
449797 647
789767 486
40201 482
1408266 624
1084684 15
888077 177
150061 420
302353 221
866179 638
89365 668
7451 494
335132 197
892189 77
871710 323
1143479 500
638243 669
797989 14
243871 439
257326 203
412685 381
1039665 354
570637 202
1185582 633
1056054 127
978379 17
1080635 663
666940 437
998721 24
654661 554
1006920 590
351562 656
406423 520
77141 487
626013 15
470359 396
1285464 670
240987 313
1293660 15
1181505 10
720224 221
261473 126
953699 488
1064292 472
1150309 85
26513 359
1413692 584
888976 668
1187181 302
1039726 658
393789 490
683377 491
1457522 660
1257881 35
175477 144
154998 504
613751 672
325723 5
732539 492
1523070 144
786325 593
1482113 384
1531266 15
1504491 462
707973 220
265606 137
436801 88
241352 57
220553 409
556426 652
1055057 15
331150 494
875921 211
471619 200
232852 570
519573 27
1236374 495
257431 497
707994 93
940670 453
343457 505
798 329
166583 128
1404326 120
593325 498
339374 386
63389 224
1465777 574
1144712 206
138675 296
1478072 500
187833 144
429500 127
1125821 501
204222 671
718069 281
540096 121
462273 502
372163 27
985544 414
978376 407
32203 667
769484 601
196045 424
1330638 503
892367 654
1023440 569
630230 91
1314265 145
357148 482
1142122 489
675749 454
277230 400
396772 504
1299927 435
19943 399
1168636 614
945643 286
937453 445
1019374 129
171504 646
191986 357
1252852 29
749045 505
392695 378
832084 529
19962 506
1289723 47
399690 192
1457662 15
826879 206
470528 34
577327 527
56834 119
495109 334
519687 65
3476 578
212494 458
453757 508
15889 261
1392148 252
1229401 336
81433 63
69147 509
810525 50
1011231 510
1039904 185
1150035 378
364067 135
1011237 129
1015334 669
417324 539
1490477 395
957348 632
1195567 599
364084 35
171494 44
482870 662
1535547 450
601660 339
298560 3
524827 478
327234 285
1007171 644
1285858 153
974092 446
1240191 58
212559 381
736848 216
314961 515
1408594 305
1359444 143
65110 415
753239 33
978520 197
1121881 63
1195611 351
421818 534
687711 50
1486432 516
450146 12
949861 194
400998 188
1436406 244
605809 17
593524 450
1142389 411
614006 609
1470071 205
712312 78
1109630 66
1339007 265
683649 518
1334915 170
499332 635
335495 545
126422 44
446089 382
839306 634
999051 442
722452 311
819699 465
945808 435
894120 627
736914 19
980726 51
16020 637
933525 217
824601 452
237209 298
119339 47
433819 607
200348 509
1445533 99
411589 519
249250 481
241317 35
798376 311
368299 505
220844 227
761517 79
1053981 30
57010 666
556726 182
683703 429
736953 445
122557 464
1262563 25
593601 308
148086 153
237256 294
274122 483
880331 71
167628 128
1265362 150
446163 520
794324 542
769749 563
1281750 27
644388 615
786139 614
2682 350
749278 489
126689 272
1412049 449
1412835 267
323300 75
1323804 82
392936 387
315114 276
339692 522
364269 230
44785 280
79395 313
253907 369
1129086 203
1380086 75
888567 524
1406401 63
627327 50
806654 525
397055 27
862666 99
1040129 27
854619 423
1146628 219
517470 183
171787 176
179984 206
1470226 41
962325 7
560918 309
155416 143
1203993 113
683803 526
1273628 132
1101296 303
470814 448
169968 113
1228577 587
810293 43
786215 380
417576 673
728875 271
1097517 616
769839 59
275080 516
243315 240
1538014 412
302903 180
786232 672
433710 88
1312735 168
1220413 399
212798 89
433983 204
1199936 364
669664 604
528194 122
64139 26
415030 485
536391 183
167753 200
1138506 150
397438 73
958286 460
717453 575
307025 139
933717 289
606039 582
212824 91
763876 368
585564 529
1171293 612
896862 530
130911 611
474977 413
810851 467
667495 336
1285994 529
292145 243
368495 269
470896 510
950129 440
767294 332
225142 122
364407 197
720763 665
954237 531
419535 137
627349 183
536448 27
409473 649
1032068 291
8854 259
196487 468
191873 493
434064 161
122769 62
1150866 52
1392533 630
94103 34
724888 479
341166 287
1503130 532
48279 58
287373 528
837616 370
1290146 38
1195939 21
130981 521
81832 107
360361 251
122797 459
376751 553
1068045 166
838984 236
703910 211
466868 126
1112734 175
724918 382
339895 515
630712 373
1277882 639
247275 169
1097664 671
143297 534
1482695 557
1523658 673
413645 349
1449937 660
757715 416
593879 536
1247535 233
487388 401
815069 309
1482719 201
720865 625
231182 495
1023971 58
1306600 297
384486 537
880624 391
1241073 164
770034 360
1506175 207
778229 165
921590 129
961661 350
483321 670
534865 55
