196618 0
1032207 1
40980 2
1466390 3
286746 4
860187 5
884765 6
237601 7
563889 8
335913 9
1138737 10
24626 11
286771 12
1515575 13
614467 14
655434 16
557132 17
770133 18
770134 18
581725 19
557150 20
1040480 21
434274 22
1237091 23
102 24
752883 25
254057 26
163946 27
1155180 28
1065070 29
368754 30
1417339 31
65661 32
778367 33
745601 34
529771 35
376968 36
606348 37
801474 38
606354 39
843924 40
1048727 41
811162 42
131230 40
90272 43
827558 44
1065128 45
131242 46
1220779 47
1278132 28
196793 48
426171 49
721087 50
172231 51
557262 52
442577 53
41170 54
565459 55
1499350 56
680151 57
508122 57
377051 58
41180 34
843997 28
475360 59
426210 60
1188070 61
164076 62
8429 63
368882 64
8437 65
991478 66
1097979 67
352511 39
590083 68
161223 69
1212681 22
33039 70
737555 62
327962 71
1483035 17
721180 72
334554 73
319775 74
207579 75
770340 15
41009 77
327977 78
844075 79
147761 80
1314867 81
1123722 83
377155 30
172361 84
24916 85
172377 86
336221 79
164200 60
1511484 1
786800 87
590194 88
57719 16
1311097 90
475520 17
1376642 91
1253766 92
711404 93
1221002 94
1327501 95
1384846 96
97005 97
401475 98
57750 99
336280 17
254371 100
65962 0
1245617 101
49591 102
983480 27
860604 101
1089981 56
557510 0
778700 103
1442253 48
704978 60
1049045 79
695033 104
303576 105
1163738 106
1294815 107
1081826 108
975335 109
1114603 51
82415 110
1086888 111
983539 11
90615 112
270840 113
118868 114
860666 115
745979 116
8703 117
336393 118
105219 119
287252 120
782425 40
893465 16
180764 121
934433 123
172583 124
918060 125
1139250 126
49716 127
344630 128
1393215 129
172609 122
583 130
754248 131
557643 132
983628 133
762448 134
1294929 135
1081940 136
803414 137
819799 138
1221209 139
1294943 140
631392 141
580368 61
254563 142
1024612 143
205415 17
524907 144
819820 145
1409645 146
41583 147
664177 148
803443 149
664181 150
1417850 151
262783 152
754305 153
590469 154
1065612 68
844438 155
1368728 30
33438 156
98976 81
762530 157
1450659 158
533158 79
49831 159
598699 160
17068 161
631470 162
221874 145
1180347 163
877244 164
531232 165
705218 166
967363 167
66244 168
500421 75
860870 169
996812 170
1510178 171
836305 172
99026 173
336597 174
295640 175
90841 22
262875 132
328420 176
174886 177
1204966 178
557803 179
541422 67
1467122 180
639731 181
688886 182
647930 182
418567 183
826284 184
695085 723
164624 185
328470 186
205591 187
156445 54
798 18
1000227 188
1426213 189
664361 190
803627 191
901934 192
402229 193
148279 17
828223 194
1139524 195
295755 196
344909 18
402254 120
50007 197
1499994 42
1536143 198
738142 190
148323 199
1058278 200
1131367 201
443244 202
607089 203
402290 204
1352563 17
689013 205
295799 206
1360769 207
1409923 208
418693 209
486209 210
967565 211
820114 160
574355 212
1065881 48
117573 213
639906 28
730020 214
1164198 112
861096 27
1532842 215
664496 216
140210 217
1187181 218
9145 219
28831 18
443324 19
1287104 220
205769 221
771021 17
254928 62
115666 222
754643 217
246751 223
1057763 68
435183 224
893096 220
861177 189
525307 225
640004 25
1188871 226
345100 57
1311757 227
738819 228
640021 229
230433 230
762923 231
312377 176
91194 232
1117023 233
902205 41
418882 234
1434692 235
975943 236
164936 237
271435 238
754765 239
574542 240
74831 28
418905 241
1008732 242
271453 178
386143 243
1475683 244
1131623 245
222313 246
541804 247
263699 248
156790 249
451704 120
499903 30
7018 250
885888 251
1115268 252
1442950 141
197773 181
824856 253
402579 54
42133 106
1205398 254
943255 28
640152 255
877722 207
697506 256
9387 28
1156268 257
287922 43
1074355 258
99510 181
206011 58
165064 260
435401 261
730316 262
1475791 263
628259 264
705749 265
1500374 266
492761 267
369882 268
1352930 164
1541354 96
107755 269
1271020 270
165101 271
124145 181
478078 272
1017080 273
500988 76
607489 192
107778 274
230660 275
979158 276
787721 148
1516812 277
107791 133
1307 278
443677 256
1303841 279
1418535 20
9512 280
820522 281
1303857 282
1262902 283
337210 27
1508669 210
714046 17
1361217 97
66883 131
656708 284
542021 159
296263 285
647394 286
451919 174
525666 287
820585 288
170898 289
1271153 264
525686 290
42361 291
951674 194
1041793 133
1426822 292
853383 293
1303946 163
1295759 271
1099153 294
1246611 295
697752 296
468379 297
320930 62
984485 298
17830 299
353705 300
124333 301
681390 250
75185 302
107954 303
869816 122
738750 28
714177 304
894403 305
1009094 13
263623 306
378318 37
493012 280
320981 307
697818 259
640475 112
312799 264
992736 309
75238 310
280039 311
75240 28
1410538 312
296427 30
951790 135
389373 313
378353 18
517620 267
517621 314
861687 126
312826 79
173571 315
255495 316
396204 317
1254930 318
697875 11
534041 319
222747 320
323845 321
314288 206
595327 322
558631 323
26154 324
1312303 285
304734 325
747062 281
9786 22
992829 326
509503 172
509504 16
566849 327
1451586 328
1476170 28
534110 163
804455 329
416700 330
812647 331
1394287 6
1386098 23
296564 332
444022 333
838591 334
657021 335
1123968 336
853634 337
1222276 338
149125 332
108166 22
165511 339
1410696 140
1033865 340
558732 207
779920 341
42641 14
1320605 342
911006 343
1530821 344
1418914 345
149156 346
575090 347
566960 12
263857 348
460468 349
1001143 330
878144 215
1238713 350
706234 351
411323 352
747197 353
1377983 354
935628 355
18125 356
737572 76
761667 101
1756 357
1353440 358
1017582 359
575218 205
722677 206
1162196 360
657153 264
165638 269
1328904 164
296716 13
673550 361
1246991 177
157461 362
736217 196
214810 207
1107742 363
362278 364
1050408 365
223019 366
1525550 367
132913 368
1460024 87
1320763 306
411456 369
886593 370
1296194 176
75594 120
730969 244
173927 371
739180 107
1099631 372
182137 150
1361788 373
665469 44
1468291 180
1066884 374
1329034 375
558990 376
1099663 377
116626 75
485267 288
731029 378
673689 125
1075119 28
853938 344
526261 379
1975 248
788408 129
141246 241
124865 380
1386438 381
108488 382
690122 272
1337295 338
321495 78
1157085 384
1312735 17
231393 160
206819 385
567269 175
18406 131
1353714 310
642046 386
591880 18
862226 163
460821 387
164185 388
1509400 306
640688 186
92194 389
1468456 16
20828 322
1288234 390
409949 376
321586 79
280631 284
821304 391
1255484 392
878657 393
10306 394
231498 395
394935 396
976972 397
485453 376
223312 0
534615 128
1247321 398
632928 169
583782 18
1476712 399
854123 400
469100 280
944237 269
67698 401
18556 402
469119 403
567429 261
845958 338
239753 192
960654 404
805018 317
983408 280
960674 405
1149094 406
1345708 407
72733 207
182451 408
347166 409
108727 410
1444024 411
231618 264
411846 412
18631 362
698569 413
583884 79
624857 151
657630 414
878819 142
1206500 415
387302 22
1370343 416
444648 417
1206508 418
321778 364
1345781 226
739578 419
805122 19
51459 420
35076 421
1411340 200
928017 422
1173209 342
305432 423
952603 424
551200 425
354606 305
387380 355
575797 282
608568 168
1190212 426
692620 427
723274 428
723280 163
1510456 429
511033 430
1149275 431
1214812 432
600415 297
1050977 433
936290 168
1067367 434
18793 328
674158 435
133490 436
1026420 408
26998 79
1182072 437
625022 131
485767 383
84364 438
1296781 411
764303 102
698773 439
176537 440
674201 37
1239450 441
1075613 284
133534 442
43427 299
1345962 443
330159 444
818249 411
223678 445
747970 79
731588 28
1100230 264
985544 446
10697 54
1100234 264
412107 25
1200546 392
125394 285
1032611 438
1206746 447
371163 146
141790 280
952807 448
240108 449
223730 450
1477107 416
469494 451
870903 147
502868 452
778666 188
1518080 325
821763 453
780804 263
1010183 166
1026582 22
822361 454
813600 455
75526 171
602545 456
1141289 212
993835 147
510509 36
805424 415
1346097 36
84532 368
576053 457
477753 458
625213 154
739902 143
19008 167
895559 22
1165896 459
1477193 460
1518157 31
590264 461
346706 101
150099 462
633430 20
1043037 463
499553 375
879208 464
1026667 425
631229 362
1297009 465
100982 373
1354369 369
633482 467
363154 468
535198 469
1313441 470
1141414 471
150184 472
1215146 187
903852 345
338606 459
76465 211
346802 17
1043129 473
330435 120
1501893 474
953036 475
1288909 18
1166031 476
666324 130
191192 477
789211 478
568029 460
117471 245
789216 48
674531 12
76516 264
1313511 106
1444587 183
1284353 21
332243 315
535287 396
223993 52
977661 479
935723 83
355079 63
322317 480
60175 121
132910 235
1026839 296
740120 481
510745 264
813851 132
1280802 25
731939 120
1002278 18
1215280 39
461617 482
1141554 483
1346360 484
961341 473
1395520 429
174913 214
961349 224
133959 485
920392 231
1248073 486
142160 163
863057 486
453465 487
445274 488
101212 489
478047 211
314208 17
142179 490
449681 491
199528 326
52073 393
1166188 492
936815 493
1084272 494
584564 495
1198969 210
486267 492
1026940 357
150398 426
691071 122
1002368 496
838536 497
674705 498
150418 247
748438 68
105625 94
1280922 380
1182619 499
945056 152
425115 230
830375 261
175020 500
502701 59
224176 501
530248 502
314290 134
519103 327
27586 503
158662 504
1240007 505
633803 506
1256396 378
633806 506
412623 79
715728 255
216029 507
625630 508
6375 675
273382 202
895976 348
142317 316
27632 477
150513 509
232436 510
1387690 497
166910 5
576511 234
625664 224
404481 511
863234 284
879627 473
44044 512
1068045 164
166927 471
1444883 465
124761 513
781342 63
1076255 181
196234 462
314407 514
1010728 425
785918 481
1141803 87
822317 515
1345740 302
975369 516
633912 517
642105 428
93244 131
232510 518
306240 290
76871 501
1436744 350
576589 520
273489 446
617555 303
511060 90
543832 102
3161 163
587621 45
724071 494
1223786 521
1420397 340
240700 379
576625 522
257140 201
855157 62
920694 147
912506 405
1035388 164
93309 207
527486 447
19586 523
121222 31
855175 72
109707 62
1232018 524
85144 71
552095 525
380065 526
248994 527
634019 239
584874 163
36011 479
1395888 528
989179 62
609462 529
851145 530
76989 17
763354 308
793804 479
249040 252
363732 309
371942 531
494827 532
1314028 284
1264878 40
486639 207
1535216 39
740598 398
748792 533
404730 515
453887 70
961794 53
863491 283
765194 46
290066 534
67459 520
339224 31
920857 325
421146 284
404764 17
445727 284
363808 82
519459 535
888104 27
552238 474
1243016 536
396594 509
3388 152
273727 537
183626 538
77141 539
175446 447
470359 540
191832 141
240987 361
781660 173
626013 442
773470 541
1150309 79
1142122 412
575378 386
1117552 348
1224050 240
1191283 542
175477 22
1068410 543
36223 93
648519 544
699779 545
707973 297
1024577 546
257416 547
331152 18
3474 382
855443 548
282004 521
822681 245
355744 549
601505 550
232866 162
200099 551
1101220 165
1158569 494
314797 552
1109423 178
724400 158
389704 79
855475 255
331191 436
478649 553
626106 377
134589 179
350112 466
1199554 362
200133 500
101833 333
120738 79
708047 2
191954 467
126422 163
1035736 391
552409 554
191965 238
945643 197
1109484 249
216559 292
609776 325
1117687 444
1494520 318
257279 555
282114 257
1409622 265
159241 294
347663 556
1076755 32
385625 127
1109532 557
323102 17
1224228 295
1232423 268
396840 495
28201 209
1396266 558
814635 559
213437 375
241210 560
1502779 85
1222581 561
814657 60
454213 54
462408 562
788407 563
577102 564
1298000 565
380502 491
36441 107
708192 537
1338984 61
945587 227
413295 566
568944 567
700023 455
355965 352
1339007 568
61059 124
1289863 0
1076878 517
945808 26
274065 569
519826 394
1524433 113
746095 570
413343 490
1397426 576
609963 571
15645 572
519858 163
208567 268
11963 401
519878 573
1429192 574
1158858 4
11981 575
519886 543
317390 261
437976 346
200412 576
888542 148
929509 577
1062865 67
642794 51
257780 578
372470 78
888567 563
782074 8
986902 218
266007 458
1298202 36
683803 302
470814 486
634655 66
339751 98
732968 352
35318 579
914055 456
1509981 311
1478464 168
528194 441
175942 37
569159 331
167753 264
167765 96
360533 207
1482042 528
896862 580
200545 314
36708 553
995173 292
594797 522
307048 225
741227 308
552815 493
110449 28
1077109 581
225142 60
626553 454
511871 582
667521 583
1290115 214
8854 264
282507 207
405390 584
913296 280
20371 219
1298325 170
94103 108
110488 497
962459 511
1269062 585
217000 472
1339305 586
642995 587
1041054 17
527968 588
348093 443
602046 82
143297 589
331720 590
888777 591
1077194 439
1052619 156
1503180 592
610253 593
1413073 594
593879 595
487388 395
456698 596
268283 175
762534 597
479210 329
1290226 458
954360 22
1380348 598
315390 363
610311 599
258065 485
569363 36
701292 388
356381 600
405534 400
364575 524
217122 601
208932 283
1101861 499
217777 519
913453 246
618547 132
782390 602
1339451 230
643132 603
12352 284
359776 604
454725 605
718860 16
397388 601
921677 8
806991 606
381009 39
348242 607
1339476 175
815193 233
217178 608
692316 244
758458 16
520288 124
1000123 610
831588 114
1151087 610
1413235 197
433515 531
168073 191
397451 139
1413263 612
1126733 383
1126553 613
413855 610
676915 567
422056 280
1159340 15
1232242 531
1413295 77
1339568 614
282805 171
1456159 615
389309 616
733376 242
995522 58
102595 497
905413 309
282822 617
1086156 20
315595 542
331982 618
1372367 610
1077461 619
266454 508
381647 280
544990 414
1503455 620
766177 95
705233 143
1290473 198
635115 620
1241324 511
1446133 621
487674 603
405756 22
692477 535
28926 622
1192197 623
725264 624
938259 422
979222 625
766232 314
101765 626
1446181 596
905510 627
291114 628
28971 629
1298736 402
708916 264
913729 630
577859 89
1364299 71
610636 546
864589 147
766286 381
1192271 248
1012048 631
602451 280
1110360 632
446809 218
61787 633
1175900 634
1282401 18
323939 582
102756 13
266601 542
823664 518
668030 635
291207 285
70024 237
340364 384
29071 636
1372564 8
1167767 637
233881 261
160162 638
1495460 147
267750 144
479660 277
209329 603
553402 245
831931 278
250305 120
796748 335
823757 639
862285 379
61907 640
635348 641
831958 80
61912 642
315869 560
1257950 643
184802 18
561652 524
537077 17
102908 644
1487357 549
1094144 2
1208841 472
1438219 645
725518 542
201232 646
284760 494
700946 423
979475 264
541900 264
422422 647
578071 46
324123 147
1126942 648
1438240 481
1380900 427
987687 649
66311 78
954924 166
373293 650
1130020 651
143920 589
1109427 42
528952 413
1413692 281
979518 606
1372735 579
447040 652
854112 243
250435 235
1449398 72
512582 653
701000 654
406091 655
569937 113
455255 656
503440 339
782942 657
1110623 28
1250064 427
954982 658
209512 437
1454699 659
627311 16
389746 571
1462900 660
1372790 100
1069689 479
684670 516
261568 605
635527 661
144010 566
160399 169
660116 230
791189 230
1495702 662
1331867 300
1077918 273
1208991 280
94886 463
103080 216
324380 663
103083 664
70317 665
438961 666
1045170 611
1528506 667
750269 668
750270 154
1340193 635
848585 262
1004235 300
1061580 174
62159 266
340688 564
1499939 669
340692 167
1454814 670
152287 559
1233632 664
1315562 310
1282801 41
1446645 36
1078007 223
570104 131
1422080 671
865026 604
37637 672
70409 62
676622 304
865040 303
135953 659
881426 193
676634 451
832284 411
1389345 261
239750 673
1135406 79
930607 658
1020720 624
504628 94
1241912 674
1381172 51
193340 84
783169 166
480078 570
234323 20
619350 17
815962 165
1443730 236
384486 675
340838 184
1454952 22
70508 264
865133 487
1389425 370
1258358 631
963455 628
775041 2
1282949 18
889734 676
1299335 547
1527276 558
1217420 478
775055 556
37778 664
431000 59
1401668 677
742301 181
439200 678
963489 30
221394 483
693163 533
1069999 667
13232 341
938934 634
1135543 270
496568 480
168892 680
29631 163
422852 225
78791 334
488393 607
881615 681
1151952 570
519672 343
291795 550
5079 682
111577 375
267227 150
676834 338
682150 683
267240 684
685036 685
431086 686
758770 246
201555 600
1457662 264
1063081 687
488441 530
168790 688
840714 195
562193 689
218130 250
1037331 233
1381397 62
561035 690
365601 430
537635 150
1487911 154
496681 691
537650 359
1419443 615
128052 179
611383 17
848952 418
824378 692
1102909 161
177225 587
103505 7
1315922 28
50638 645
95321 672
1053799 202
586858 693
1111150 526
87151 555
38003 221
1414260 694
1430649 695
595066 201
758909 696
137408 691
545922 310
1078404 333
611180 132
472203 697
881804 91
5261 445
226157 285
1037458 520
1004691 22
308378 112
922781 534
177311 698
1471648 699
980134 700
734379 354
1004716 42
341166 499
939188 538
586933 10
1397943 390
1135800 540
414912 367
1324226 107
120003 424
37750 701
1012937 730
1135820 702
1111246 703
136399 704
718039 705
1429028 88
193757 232
308454 123
1504493 44
21747 329
1316087 684
947451 368
685309 706
619774 131
159275 574
177413 18
1206163 652
402305 275
357647 707
603409 450
487369 651
914711 708
1195567 503
104666 568
980257 499
1152296 709
546090 586
382251 490
95536 151
660785 464
808242 710
1398067 284
1447229 181
491061 417
1176897 306
480579 453
275781 57
56889 152
1062240 38
570723 222
207078 698
202088 169
862439 79
86930 307
78379 491
963955 664
46452 250
243062 264
948457 686
1439103 211
677251 711
824708 623
488839 280
755948 712
1054091 31
423313 387
210325 458
234902 701
799641 18
169369 349
660893 281
341408 706
890274 713
337889 714
1389990 715
275880 291
415146 647
251309 614
759221 301
488889 716
202173 717
636351 718
136640 115
775621 719
1455558 479
447393 679
562635 639
251340 243
357837 259
1103321 109
374234 434
1512933 88
1283558 720
914925 110
123716 264
505337 687
325118 399
972291 484
251397 155
653569 721
620042 565
321794 174
923151 26
382480 409
775697 18
448022 722
13848 99
808473 29
284186 281
144303 131
407069 723
366111 724
202275 571
890407 725
263090 710
914995 42
300598 433
46649 362
1439297 622
1439304 714
398929 442
243284 726
587349 407
939610 727
964187 637
254908 728
30316 708
472687 409
243315 729
669301 116
1332854 578
1078908 554
579861 229
890502 404
628362 48
669327 89
661137 730
235158 211
931482 366
128690 81
235187 42
562869 461
120503 695
300733 584
374021 654
988870 722
1128136 688
243404 496
751317 67
373711 324
334117 283
22247 36
38635 731
448238 530
3711 732
1234684 704
1201923 3
882442 724
390923 159
194320 99
30495 507
284449 176
628516 470
30511 150
1374000 588
218934 39
878900 331
1152829 327
628542 22
46913 30
161602 482
350023 658
1447752 182
571213 660
481104 733
395576 282
505683 241
849748 726
808801 630
653154 734
546661 707
784231 443
948074 253
1300333 512
604016 525
186231 183
259975 735
1144712 349
513933 35
620446 583
759712 360
980897 603
1480610 334
396955 736
1513380 440
196252 117
898990 497
1046452 737
333756 599
1365952 472
825284 738
735174 603
636871 511
489417 59
1062858 207
554955 468
284622 260
350161 20
128978 573
128979 60
751573 176
137177 536
382940 22
194526 350
161759 258
1098747 328
14673 28
858089 529
374762 739
1120236 86
492849 740
169968 641
1447925 728
1390584 229
628730 384
1038331 545
1325052 391
1398786 513
88069 206
118865 280
1071115 79
440332 264
30733 432
243727 212
1218580 671
743445 542
595994 741
456734 118
595999 742
1505314 697
843441 237
718888 294
129072 141
489526 646
1144887 680
251961 353
1081013 743
931905 252
1054787 429
710724 36
899145 735
415820 311
661583 578
1251416 120
39005 721
1054818 36
1243235 163
63594 700
637037 744
587894 745
678012 746
284797 738
63617 597
1456258 747
1087619 191
1489028 323
358536 653
1087628 159
260239 666
96401 84
694423 748
678041 471
170144 660
342181 497
989353 749
293038 737
88243 613
1128630 709
358585 452
1382588 750
743614 157
1379672 412
96449 351
1128648 751
1382610 733
1486542 498
915674 715
1439965 463
866683 10
301285 30
391399 280
801001 36
1177849 302
211195 179
915708 752
1448191 76
276737 251
637186 523
710915 118
669956 333
497925 253
88332 287
1276177 731
211220 74
235797 334
489758 753
1423648 516
555301 352
719149 754
1341747 119
342324 142
749278 412
366902 31
219529 118
973112 662
104763 280
842044 755
1399101 524
399684 756
366917 20
235846 83
391496 245
1349962 504
956747 548
1317196 280
1285858 353
833871 712
1055057 264
220899 757
63830 81
858455 464
104793 661
866651 758
945893 626
235877 98
751979 22
399724 590
842095 164
891250 719
170359 238
1194363 279
315114 283
313749 673
743808 312
1087875 164
678278 627
252296 607
145801 371
492610 356
1194383 191
227729 375
645523 759
399766 57
969113 22
227736 515
612762 760
1014171 646
219549 126
226355 761
334244 116
825771 762
1038765 529
1186228 591
719285 154
260535 732
694714 763
145857 656
1022405 174
1120714 312
954103 394
22990 688
255053 166
121304 648
1513946 763
481756 678
241402 521
508780 744
522719 764
1522144 643
31208 69
1194476 280
1391091 98
203253 699
162294 514
31225 683
1284603 765
854849 303
358919 105
678408 741
424458 207
145600 207
1366540 510
424461 45
334352 708
858642 63
1244931 447
129559 18
1063448 147
752156 18
948765 300
1407524 406
539177 450
1047084 748
424493 80
828509 348
383536 18
842291 670
178748 376
137795 469
23108 137
293445 501
686272 723
173806 48
129616 266
1292895 560
383584 450
662118 655
318055 562
1104488 306
948842 467
197735 552
1276529 766
465522 602
1358452 163
686711 554
367230 218
794389 505
6784 767
514689 686
610071 768
14989 665
957070 667
1448593 178
1071762 523
940691 149
80540 28
891550 608
1421083 21
236200 716
244398 144
1325745 269
383669 201
18890 689
1402330 349
916162 92
866763 442
686795 769
334541 376
621262 146
932560 608
1096402 354
1104595 770
170708 29
424666 609
285403 410
670429 557
654047 82
514790 771
1048359 48
1153772 739
1301229 362
1063662 605
1309423 772
1145586 104
834297 430
72442 181
555772 144
383746 773
1190653 132
326410 135
496770 771
973583 753
105232 613
211731 217
1071894 774
318232 521
25732 619
1219355 415
228126 420
1096480 312
744230 30
1170216 775
416556 47
161696 142
88882 530
64309 621
621370 463
727869 604
752447 746
523079 71
39752 581
162651 310
1178462 776
752481 705
146278 692
1178471 340
752489 219
899946 775
375272 372
514930 776
95379 598
56181 682
1350519 298
187262 632
1506175 12
293761 679
80771 364
859018 312
1180823 581
56205 593
736142 268
400272 320
105362 415
1154883 787
1055639 757
179097 31
301978 616
1530781 167
1227678 447
80800 723
695202 758
1235879 466
1465257 770
72620 720
154542 321
957360 185
244649 31
474044 337
490429 624
703424 206
719813 159
1014728 136
228306 527
138196 138
1465304 103
531417 751
1473498 551
162780 777
515041 202
637928 643
637933 767
80879 769
408560 569
1063923 590
891897 747
162811 373
408575 717
1199936 561
392194 633
187396 764
277527 523
1457180 415
7197 681
244774 686
1031210 333
203821 511
179248 702
719921 465
15412 352
801850 743
760891 685
654401 772
982087 778
531528 203
220233 530
1236048 541
1195089 578
1137748 563
212053 682
1047642 416
8698 375
892009 352
506993 238
113778 264
1145980 768
597119 761
662666 644
490008 445
523413 64
48279 617
253081 42
957594 254
561007 179
285853 364
687262 554
285859 79
474276 779
974705 780
1023146 767
548015 595
711859 353
531639 519
474302 35
720063 756
957635 580
801988 347
143456 609
441547 421
212172 334
662737 754
310483 685
154838 530
556247 22
335065 408
122085 640
1072371 397
744697 590
48378 313
694549 201
228605 48
793857 74
151425 489
1170704 618
302353 781
326933 742
48409 516
563759 657
417052 146
892189 236
1180578 585
916768 28
400682 760
1146759 660
318764 782
32052 740
908599 204
1137978 249
1298315 415
654661 542
130374 594
1285449 306
1113418 112
531787 276
1137997 511
286031 300
1064275 479
1244503 388
736603 50
720224 781
187747 544
826729 274
1503555 110
64875 209
687469 286
720240 427
471619 694
1277301 782
154998 783
1178999 528
318844 664
1432958 600
146816 725
1482113 384
712068 711
621963 774
1179022 77
42221 457
1269137 752
277920 560
768408 784
703911 358
1211816 528
1392043 736
564653 261
261551 777
1375664 355
469576 783
490934 755
146876 592
540096 696
769484 298
515535 283
146897 779
237020 247
1244644 306
171494 163
138729 668
1523179 565
65009 734
40443 636
884222 164
327168 616
1293825 629
294402 48
187909 674
998926 577
1186811 677
556568 106
1465885 281
712223 79
482851 146
1285668 92
269871 163
1080883 785
753205 152
482870 73
664327 749
392778 727
417363 562
1171029 43
73314 193
152849 539
540270 265
441969 447
1261170 336
515700 9
1044414 575
614006 693
1203832 376
1449597 87
1187457 572
957035 169
990853 785
1384074 153
745101 778
179857 622
147092 729
458389 718
1188774 33
40604 479
368286 663
401059 284
163493 530
40616 313
981618 206
745671 703
892593 293
188085 690
646839 725
876230 154
491207 350
99828 22
1064657 213
794324 132
769749 624
786139 748
1146591 152
417506 740
1457891 649
1031909 135
614120 244
818921 786
335600 750
1441523 762
1171190 431
671488 374
663299 246
1146628 217
499466 24
278283 745
1454741 289
343825 199
1326866 759
121653 55
1163035 209
720671 354
1457953 762
98083 670
1072932 111
1539879 787
417576 788
589613 389
16183 476
1198730 612
433983 675
1489547 122
1359686 112
636941 780
958286 435
1204047 57
1032016 765
1212241 18
637214 638
925525 475
1191996 403
606041 65
589660 449
1033530 789
405477 611
89953 625
150571 204
1433458 495
343925 532
106358 385
425961 173
221050 432
720763 360
1081213 546
630656 244
1212290 319
173433 120
689473 228
745353 766
49043 237
663534 786
311514 207
1523611 17
302513 448
65442 488
24490 177
1253291 329
466863 264
35188 340
15273 784
1228723 419
671669 49
1302456 642
1310664 300
1523658 788
655311 650
1023956 346
131029 185
1040342 216
270329 669
778200 676
442329 365
671712 36
720865 550
270309 773
253926 208
122856 789
983017 471
1146862 713
647153 502
983033 280
651673 430
