1245186 1
557060 2
786444 3
663569 4
122905 5
180251 6
172060 7
163872 8
237601 9
40996 10
36870 11
655400 13
376874 14
827437 15
213039 16
368694 17
139319 18
1065019 19
327740 20
933955 21
507972 22
65605 23
655434 24
557132 25
467022 26
8271 27
434265 28
491616 29
434274 30
237671 31
254057 32
1155180 33
1450100 34
1541481 35
1417339 36
557181 37
393350 38
721031 39
1491083 40
376973 41
1505314 42
1507478 43
876696 44
1007769 45
622746 46
1253535 47
237729 48
827558 49
1065128 50
843950 51
1409200 53
213170 54
82099 55
1278132 33
405534 56
606391 57
165236 58
1073338 59
819387 60
483517 61
499903 62
21878 63
1122603 405
1138890 64
901327 65
1073360 66
442577 67
41170 62
8404 5
311514 68
1278171 69
843997 33
516322 70
1368299 71
164076 72
1024237 73
131311 74
655601 46
205044 75
8437 76
1283450 77
794879 78
73984 79
524549 76
426247 80
1327368 81
1212681 30
1049986 82
1270033 61
737555 83
1138966 84
114971 85
827676 86
57629 87
508195 33
770340 88
844075 89
1515821 90
16686 11
418096 91
147761 92
401721 94
1466691 95
860485 96
1089863 97
172361 98
229431 99
1491281 100
115031 101
180569 102
849295 104
336221 105
516448 106
131425 107
213347 108
811365 109
991593 110
82286 111
1319279 112
1106289 113
1204599 114
418174 53
409984 115
90500 116
418182 117
39660 298
639375 119
516496 106
1253443 120
1063662 121
57750 122
1237399 123
336280 124
49576 33
311721 125
1302966 126
287159 125
1057209 127
106941 128
1188293 93
984481 129
311754 130
1442253 131
1180115 132
1212887 133
213468 134
1253853 135
1294815 136
197089 137
721379 138
180708 139
381009 140
664040 141
57834 64
418286 142
524783 143
57843 144
549370 145
336393 146
90634 147
172556 148
467471 149
360978 151
229912 152
1008153 153
1147420 154
459294 124
346885 155
418336 156
827940 157
639527 31
303659 158
696876 159
246326 160
82487 161
221755 162
393789 163
1393215 30
939897 164
57922 129
1032774 30
557640 165
418378 51
1409626 94
1450589 166
74334 167
885343 168
1188449 128
1229413 169
205415 25
434794 170
524907 171
819820 149
98930 172
1155699 157
189048 93
148093 173
1401470 174
852607 175
754305 176
844418 66
1268460 118
975495 93
828042 177
942731 178
1114766 179
975504 180
320145 181
1540757 182
8854 30
1368728 30
115353 183
74397 29
434849 88
1286820 39
893605 184
533158 62
762537 185
595399 186
189103 187
393905 188
221874 149
737972 189
1198878 142
844472 190
696436 191
271036 192
702 68
705218 193
285473 194
1190692 195
262875 196
1540831 197
1229540 198
1221349 127
639731 199
426742 133
836343 200
66304 58
1237761 201
1252139 202
1390038 203
1450758 204
664327 205
97068 206
738058 207
738063 208
828177 209
992019 210
328470 33
1172250 211
795419 212
17180 213
156445 62
798 214
647970 215
1196838 216
461617 217
279336 218
910121 219
9002 160
548999 220
58156 221
402226 222
1385267 223
402229 66
475962 224
1205052 225
148286 226
204939 227
1401668 228
148293 229
1033030 230
508743 66
312145 16
639827 231
541525 232
50007 233
779097 234
1508191 235
648032 236
115555 237
280039 238
508780 239
820080 240
385906 241
1131379 62
1540980 242
295799 102
1000312 243
877433 244
1123194 245
161244 246
1074048 247
1360769 248
1319810 249
623491 167
656263 250
967565 218
82832 251
910225 252
975770 253
811162 157
230303 254
943009 0
1057698 255
295844 256
623528 257
1524656 258
140210 259
1248073 260
1385403 261
254909 20
369603 262
623561 263
861687 264
984012 265
189389 266
754643 259
885716 95
1103165 781
460281 267
207695 268
623595 101
771055 270
582644 271
1197060 272
451590 273
58377 109
66570 272
984087 69
280069 274
533536 275
230433 276
525353 277
959531 191
140335 278
902199 87
1147960 279
418883 280
1008711 207
1147978 152
861259 281
754765 282
1049678 283
74831 33
500816 46
1110 169
1115226 33
1344603 229
1139805 284
361566 285
197729 191
1475683 286
146278 98
83047 287
91244 288
312430 289
1450173 86
1180788 291
451704 292
1262727 293
230539 198
361616 160
713875 294
386196 295
42133 296
238744 297
1459353 281
877722 248
566428 298
431854 299
787618 113
279608 173
476326 300
1049768 32
9387 33
497595 31
1134815 325
1328307 302
959669 50
99510 164
763075 117
541900 30
1385678 304
337105 6
836818 191
1201699 179
1377498 305
1311965 306
1311967 307
1352930 308
273275 309
1402087 310
1000680 311
99563 312
66796 276
696530 313
124145 199
1041658 314
394492 315
787711 316
279820 317
1325954 318
320783 318
353552 319
427282 112
1189141 320
389337 226
1254684 321
345377 322
262363 323
853287 18
9512 7
1262902 324
714043 753
566588 326
476477 327
197950 12
116034 328
66883 215
828742 329
959818 263
992596 330
1279320 8
1320284 331
484706 332
615779 333
1246565 334
329063 335
107881 33
17776 336
1271153 30
1099124 337
173433 292
509314 193
320905 93
722314 339
1369487 340
1443216 341
591255 155
468379 342
681372 343
206241 150
1112987 345
656805 346
804266 347
764385 513
476597 348
214454 349
132536 231
1476170 45
738750 350
1128940 642
1039264 264
222669 351
1082835 7
493012 7
1156565 239
697818 352
804432 107
1467874 353
75238 354
681447 355
296427 33
378353 194
99828 30
1099255 356
853496 357
779769 38
312826 62
615934 358
853509 359
1173000 360
1287696 59
560046 361
42520 362
976415 303
280101 61
558631 364
1238570 25
943664 14
402995 94
517684 365
747062 20
173623 366
9786 367
1361470 368
1104821 369
509504 24
566849 17
509506 370
566854 371
452170 372
984651 349
1312336 3
845395 128
140884 373
435799 242
902748 374
304734 376
1431141 80
755308 377
665197 378
403055 306
673393 379
1047486 380
1410679 4
1525372 359
1484419 381
1369732 297
53526 382
108166 30
165511 69
591496 383
1033865 384
1255051 344
796302 132
1684 385
902810 270
919196 386
714397 121
911006 75
280224 387
476836 7
1502150 388
1099431 389
680220 147
42666 390
566960 391
812723 392
1115830 393
1418938 394
1394365 395
1033927 381
263882 315
1304267 380
935628 87
59089 300
67282 396
786723 397
304855 398
1427161 301
575200 399
1459938 154
493287 400
583292 401
173806 402
755441 403
616179 374
624376 236
1099514 404
820988 291
796413 187
657153 30
24875 363
222986 406
1328907 407
599820 194
673550 66
321296 408
1337105 409
280339 111
214810 410
412635 13
1140516 393
673574 40
1050408 411
1484594 80
1460024 16
485177 52
968508 273
403261 262
1181503 505
427844 413
472716 414
75594 292
460619 415
280402 160
575319 416
1509211 417
526172 129
26461 12
714593 419
616290 420
943971 421
1296229 422
26471 383
1025899 423
1124218 424
919424 342
419713 62
239497 425
812938 357
377155 62
18329 426
346013 276
295237 285
255914 427
1394606 428
1378223 42
788407 429
108472 81
108473 243
206784 232
124865 430
1509317 103
673735 432
509900 25
583630 84
141265 324
231381 412
1157078 433
755679 194
239585 434
763876 48
18406 66
370665 435
1353714 436
993271 59
1345531 277
264193 437
436229 438
788492 439
182286 434
255393 344
1509400 79
821274 440
59419 441
1034271 442
133153 443
698402 219
477223 444
1468456 24
280617 409
935983 445
235187 157
821304 75
157754 25
1132607 72
1084427 37
247878 446
1282401 447
976972 448
215118 403
1198162 363
518233 449
297051 450
557413 451
1525856 452
395362 453
583782 342
1476712 454
1468521 455
1132650 456
133227 202
469100 7
960622 457
747197 173
944241 55
43125 458
714873 459
10362 460
84094 461
469119 462
665728 453
108674 463
1108111 441
1026195 428
985236 254
886936 464
960674 81
862373 431
633003 465
1345708 466
1353902 190
72733 410
1525939 215
174265 467
624826 128
51392 468
1452231 469
698569 470
149706 146
57719 24
583884 173
608462 21
1050833 382
731348 471
1108183 472
248027 473
1001693 26
157920 474
854242 475
207078 476
862439 62
1124592 78
1327486 477
198910 478
321794 479
35076 270
928017 480
231698 471
551191 481
1386776 482
512388 483
1206554 323
1444133 80
354600 485
954759 486
272684 487
1313079 145
15412 111
534842 425
280288 488
1493322 321
780622 453
334554 489
723280 490
387409 182
1100114 491
744230 30
969045 492
264133 431
158043 493
190812 350
600415 342
1354080 12
592230 412
833255 494
633199 495
1386866 229
133491 496
289143 357
420219 497
223613 498
625022 215
674176 499
518530 500
84357 201
551304 62
502163 151
1395093 33
813463 501
534936 377
969113 502
231836 503
420254 504
804593 76
199081 32
1354155 388
1444269 89
1444271 109
27067 506
1239484 62
747970 62
1436099 23
821700 507
985544 508
10697 509
18890 510
1485260 511
1361656 303
846298 512
952795 160
997114 245
772577 290
1124093 13
469494 514
1223159 172
1436154 345
543227 515
158206 387
1018368 516
762785 99
2569 7
551441 517
338453 518
551450 519
92703 73
911904 520
833286 394
894813 418
469545 146
1182254 292
469551 20
387632 521
420402 522
191034 523
1198656 289
436801 524
256583 241
1477193 525
682572 204
1518157 36
166479 209
43603 170
576085 223
1501782 526
133722 110
1075803 527
1534556 528
1043037 485
141923 529
51817 505
666221 530
1346162 3
109175 531
1062826 532
1043069 161
428676 329
1174152 533
117385 509
363154 342
830102 500
821915 201
535198 534
1196485 417
4551 194
113778 30
346802 25
1043129 535
51898 506
1346238 310
494280 492
133833 536
1264331 537
1157839 85
62832 538
461522 322
1313496 539
527065 540
281306 33
789211 541
1305308 542
52346 464
436958 543
101092 544
101095 545
803283 546
1436406 135
1493755 409
1190653 196
223999 547
117508 213
355077 49
559879 31
240392 469
1288972 421
527124 548
1067797 549
887575 8
142110 550
1133343 551
1231652 228
281384 444
11050 552
1442269 553
453424 53
576305 354
961341 535
289599 150
117570 93
150343 554
1362761 528
387917 335
404303 30
163493 555
1084246 242
1084248 339
592733 274
314208 25
797539 556
60260 557
404325 558
502630 95
936815 559
568176 560
494450 474
1362804 561
682870 562
2935 201
617339 445
338812 62
379776 563
822151 564
838536 194
773001 565
494479 35
469905 325
1280922 430
842906 63
414192 446
232354 121
854947 433
106757 197
388007 185
175020 23
1387438 537
314288 102
273330 4
246259 465
756666 206
232383 81
789442 99
804683 566
478148 567
535494 568
437191 492
1076168 151
633803 533
691362 569
633806 570
412623 62
551889 251
486563 398
1002459 176
1167866 571
994271 385
273382 572
1117161 388
1874 573
1379310 574
12797 575
27632 33
1059827 191
338935 563
240632 576
1436668 577
1428477 537
625664 578
404481 434
920581 579
879627 535
216083 532
97454 130
560153 25
1141791 580
330784 371
1017582 183
543781 30
117804 581
1109039 582
543792 583
511033 584
1010749 518
306239 585
306240 409
519238 586
1098252 3
1146039 346
231266 256
1274382 10
502870 530
912472 587
3161 490
1248351 566
1289314 311
89275 588
207973 589
666735 110
1240179 7
912506 81
1035388 212
93309 410
1240191 129
601220 590
1494150 591
298126 450
1363090 314
494739 592
893465 24
543897 548
552095 499
248994 30
634019 282
699561 593
1387690 262
199852 30
765101 41
52408 594
1128064 388
994503 412
437451 124
27852 44
1338576 313
1305810 99
511188 596
134357 311
1019094 84
150743 342
142557 342
494821 137
52455 597
93416 514
503018 65
797944 598
781561 360
257279 599
462080 7
37419 445
243585 183
1469705 232
1084683 578
1084684 184
29229 513
609554 600
339224 36
584988 65
380189 601
871710 602
363808 67
412968 569
331050 220
44331 603
970032 604
765234 605
634164 606
667884 338
838967 188
281915 17
1451914 458
855359 7
462145 207
183622 215
990041 607
970063 608
200018 368
52564 402
1379672 609
1043801 94
240987 66
1248605 483
1240416 458
1150309 610
494950 611
1142122 609
839019 440
68973 30
855406 154
410173 384
523496 583
175477 30
634231 32
257400 612
1068410 613
773500 614
699779 3
707973 342
757127 378
4674 615
331150 118
1502607 63
1372739 507
871828 73
519573 62
929174 616
257431 302
1404312 617
560541 293
57673 504
601505 618
249250 35
953764 619
847269 620
1404326 93
699821 426
339374 395
1494451 621
331191 622
323001 623
1084859 267
953789 140
1453502 581
1027521 373
1363396 539
15393 624
978376 384
798160 625
585171 26
1109461 626
1322456 62
1314265 627
1183176 449
945643 233
871920 504
191986 424
1289715 112
1117687 81
1469945 262
1003003 564
1224188 399
77309 324
340566 628
1396231 629
52745 389
724490 630
1084943 631
425115 276
51119 595
560668 632
175648 633
28201 634
241195 168
773677 606
1388079 635
601653 134
593463 275
1294943 564
446014 209
1120181 66
511557 636
1344097 637
781896 114
249417 276
11851 475
20044 66
257614 350
126549 638
380502 296
1207895 421
708192 528
282211 639
1338984 640
568945 29
593522 641
609914 166
1339007 66
1314432 642
680555 234
470660 104
339590 552
1339015 96
118410 359
315019 218
945808 32
134801 643
593557 600
396955 644
413343 803
457308 825
7451 118
634534 194
102055 283
404764 124
609963 645
994988 533
324210 646
883122 558
235466 542
519875 128
1429192 647
519886 648
1273554 86
1281750 89
1511131 649
896732 77
724706 650
372452 467
945893 528
216807 651
872172 258
364269 74
126705 194
1273586 520
257780 145
888567 429
421624 81
28410 292
470782 327
665557 66
585484 150
1502989 592
455675 750
28437 652
1167134 463
20255 573
69408 141
692002 653
978723 654
765734 356
372535 30
1322808 655
1421113 156
290619 656
921404 643
528194 657
773963 337
634701 658
104419 659
1265492 642
1093461 394
290647 660
102237 661
233310 27
200545 44
773998 381
1265519 200
470896 304
350184 662
995190 572
208759 593
1093497 663
175996 214
1126272 664
765825 589
790403 508
1511300 560
839559 655
1126282 665
282507 248
913296 7
336201 666
675749 631
1462182 565
676634 514
413615 456
421818 667
618429 473
143297 667
790466 668
1036227 470
1232836 669
757704 609
749514 279
610253 48
28622 7
757716 670
593879 573
1314776 669
323549 671
303782 672
315390 841
405504 673
798726 674
1503239 236
20495 13
258065 307
1134610 80
593945 412
921628 33
1052701 89
790558 675
86047 447
1527843 516
20517 588
921648 607
618547 367
94260 538
782390 559
1036344 498
823355 676
1191996 462
454725 121
626759 618
331854 621
1527889 677
806994 517
643155 678
1290325 15
208991 143
821265 10
877244 540
1003627 529
1413235 32
94330 289
233601 50
1388685 460
331920 347
749713 632
381081 680
1061022 66
569505 530
422056 7
422059 437
1413295 49
864432 681
331954 397
952426 481
1290427 211
1020093 625
471234 119
184515 112
154998 682
356552 683
897229 235
176335 438
315603 62
1421529 292
537295 65
970106 684
1208543 413
897258 210
135404 194
482685 685
528627 309
348409 186
536828 320
28930 570
1331459 686
315652 183
962826 687
938259 480
28948 688
405782 225
266523 102
741023 33
53534 503
101765 528
643365 528
708904 689
848174 284
258356 477
799029 388
201018 690
897759 100
192831 157
799045 691
692557 297
748117 115
602451 7
389466 269
37217 527
1143138 692
266597 479
71890 505
53624 351
209273 693
78202 434
422275 17
856452 54
291207 694
184712 148
340364 121
127375 66
930192 695
707992 627
1085845 696
831896 697
995747 568
1266084 661
1528234 698
815531 699
1151404 546
881072 700
602545 364
831923 439
643515 66
1356226 701
299463 362
1413576 525
1405386 702
823757 35
37331 82
537044 574
430550 613
1421785 703
1429980 579
1257952 680
1438183 421
709102 704
528880 505
537077 124
692729 705
922106 198
700925 19
848384 706
242178 650
70151 72
561673 300
1495566 604
427604 187
29204 30
201244 668
37411 330
553508 339
1225253 244
406057 641
119339 249
954924 707
373293 708
471613 622
569919 458
447040 709
512578 653
471619 30
283204 597
490934 90
389704 62
363959 676
985186 331
1233494 710
187833 30
160345 679
1110623 33
324196 293
70245 711
332391 453
684648 712
1217298 682
275057 231
389746 645
1372790 623
807547 180
365181 546
1372799 662
610946 105
854123 56
225925 713
930439 710
791177 294
717454 47
743533 305
717459 714
660116 276
1192601 715
889499 716
82714 30
1208991 7
307873 717
610982 718
873128 205
103083 719
70317 194
217777 112
1397426 129
4787 608
828190 534
291510 466
94903 278
447160 720
758458 24
1176251 392
987839 721
545472 320
299724 340
631586 722
340686 114
381647 723
340690 724
676574 86
1094367 725
1233632 719
242407 702
512744 674
881386 637
774894 163
594671 726
946928 727
815860 728
111351 729
570104 215
1241851 501
503253 730
1348354 533
37637 731
217862 30
332553 578
1035736 466
1258258 732
1512215 531
832282 705
1307439 432
824093 159
1061662 733
308004 628
119594 46
119595 583
70447 458
496432 734
424072 416
492339 718
1004341 735
504633 559
1372986 31
709438 736
668484 388
774985 703
275274 631
480080 280
627537 737
586580 649
231567 479
1200991 320
1454952 30
713532 75
1381228 195
226157 694
521070 105
832372 738
111477 678
922493 541
955264 231
1536906 312
414608 739
168849 498
971667 740
136088 642
123716 30
742301 199
1438624 498
963489 62
1250210 30
1401670 741
955306 369
62391 427
545723 30
1217468 401
86014 556
340930 743
78791 744
488393 62
209866 745
1348561 16
185298 746
291795 618
5079 651
381912 191
226267 665
275421 747
816095 376
791523 177
267240 748
488428 44
1111022 229
545782 749
586747 49
1242110 300
246613 642
832512 751
947203 752
873476 681
495622 801
1463304 196
1463306 231
297134 549
16538 753
242713 754
13338 755
62491 482
455710 756
14169119 757
1373216 646
635937 546
775202 620
14169123 696
14169128 721
14169129 758
767019 668
14169132 759
1194162 579
537650 287
676915 575
14169141 389
14169142 760
14169143 760
14169144 760
14169145 139
14169146 630
881723 496
14169148 220
431166 44
14169152 664
14169153 761
14169154 761
14169155 761
14169157 762
14169158 762
226375 763
14169160 764
14169161 472
14169162 515
14169163 468
357453 230
14169166 765
357455 360
14169168 766
14169169 767
1315922 33
14169172 768
324696 486
95321 731
87130 751
962063 368
1070173 378
816223 228
29799 769
1479787 91
87151 599
1160305 71
119924 307
1004665 770
521342 771
62594 176
1029251 86
570502 30
431239 436
70508 319
472203 42
332653 159
1004691 30
152726 62
1496219 164
980124 129
177311 476
300192 544
478747 518
201892 516
169125 442
1373356 772
373936 183
75977 420
144570 22
922813 773
668866 642
70857 97
177355 158
431310 557
136399 231
1340624 4
747726 774
29911 468
234713 597
759004 296
1471714 229
628945 729
431338 775
496875 776
1504493 49
808174 611
677108 290
1316087 748
472313 208
1168636 777
619774 266
848768 459
159275 647
390404 62
431366 579
38151 493
595209 576
505099 619
1225998 734
357647 582
152849 30
546069 659
824601 216
1135901 143
1152296 778
13615 779
890162 571
30003 265
161076 408
357687 780
1111353 536
275773 186
1176897 79
480579 670
628036 243
275781 455
111944 745
316745 145
1111372 512
269145 296
152911 733
1504595 31
1152341 777
251223 782
1267032 461
398681 25
660834 242
560699 363
387302 30
1012625 192
152939 66
628080 66
676755 408
46452 33
243062 30
382330 614
1021308 400
882045 783
677251 591
120196 784
1332613 743
603526 33
488839 7
1054091 618
1299852 461
1447310 785
325007 22
857493 786
62872 692
169369 33
62876 701
38303 45
284066 404
398758 298
1496489 131
1029546 162
175687 787
210351 65
726458 729
1209787 523
202173 788
1192245 681
161223 457
30153 28
562635 35
357837 352
316884 594
619990 789
1057117 451
931292 391
267750 372
1063164 197
202221 790
1226223 775
538097 209
988922 94
182526 586
398841 246
972301 398
775697 293
185874 786
608516 223
284186 20
546338 685
202275 645
1381925 268
730973 704
849450 640
833070 218
341551 143
267833 640
13884 129
1398334 579
153153 704
200412 129
603725 791
857679 792
449526 590
317016 730
562778 262
638229 28
95845 214
63080 144
431721 372
30316 793
1332854 145
1136250 484
1193596 794
177791 497
202368 7
339806 101
1398412 316
423566 613
505491 795
120470 13
497313 80
661158 522
1145116 796
1087155 0
292532 739
546850 668
300741 277
38598 605
243404 419
333524 346
640688 33
431836 672
374500 797
145126 764
22247 556
38635 205
463826 445
448238 487
546544 798
885715 353
923384 30
120569 67
1251066 639
1234684 231
1423101 580
990848 799
63238 33
808718 122
522001 262
1308437 602
587547 106
857885 737
1005344 379
988965 717
366378 616
194350 217
571183 635
988979 162
202548 794
661302 300
628542 271
563017 377
874315 440
1374029 603
481104 218
816978 175
161619 612
738621 261
1103704 414
1013596 307
268125 434
800610 656
1341287 215
71528 161
604016 499
949907 688
391033 538
96122 66
1193851 800
1210236 801
661377 413
91115 52
1144712 239
481162 222
1275788 123
1120146 700
759700 802
431086 795
866201 361
759706 253
435183 495
497564 22
120738 89
276394 463
210859 116
1030061 142
898990 194
898994 65
636853 186
87993 689
595898 767
333755 0
276412 596
428362 524
620484 80
1020918 752
735174 804
1529799 519
1062858 779
554955 342
800718 422
587727 305
137172 800
1193943 25
1365983 805
1365985 805
653282 105
636899 806
350182 66
1374184 209
1382377 342
22512 683
292849 380
628730 34
407549 406
971776 478
1398788 807
118865 723
980585 70
530444 803
546829 790
956430 508
432147 808
447492 153
595999 809
1251362 368
178216 720
579625 511
235565 336
661555 138
120884 691
79925 1
251961 173
207199 224
247813 227
710724 556
753334 776
1431626 235
104527 297
55651 396
1235028 138
1415259 810
841821 46
1054818 556
637287 372
55404 747
637037 239
1226866 784
491198 598
14454 130
1022074 194
1456258 811
1087619 567
22660 348
63621 774
1128584 625
170124 0
1095825 488
593603 514
407716 788
342181 262
1030315 142
1145010 746
391347 629
612533 714
1128630 778
506042 812
530620 45
972991 237
1013953 355
14169121 515
80072 415
907466 624
22737 539
1382610 218
160803 13
506070 49
1456343 813
1439965 485
915678 368
391399 7
1161450 770
534147 756
276720 244
71921 652
1243385 814
522492 310
276737 494
726059 453
260364 642
289154 789
14169133 759
1472787 587
735516 525
637214 57
907554 663
786139 742
751912 110
1079593 815
661803 144
14169138 1
1063218 772
1299507 427
1194295 807
104763 7
612668 709
439349 773
11672 435
858436 231
366917 816
1136967 228
1292617 436
611383 25
1317196 7
891213 173
14673 470
1276244 543
768348 817
1259871 796
145763 142
1382759 310
544487 686
399724 34
842095 308
579956 755
506231 283
220898 333
276859 366
690581 740
514432 255
365632 168
752003 85
121222 618
252296 62
457097 326
1194383 567
498065 385
399766 455
399769 143
1014171 657
571805 161
113054 232
113059 610
1464740 601
57073 695
432553 804
727467 502
833966 818
612765 284
252336 445
1186226 165
1337758 776
1242185 573
14145976 819
14145977 819
727491 391
350660 638
88521 609
88524 820
940497 235
481751 821
457186 29
481764 49
103505 9
31208 457
204540 732
1194476 7
14146031 650
14146033 822
14146034 822
14146040 823
14146041 823
1224447 457
178687 715
1530382 533
260624 681
899602 521
1497622 276
465442 108
416292 141
206103 566
1047084 742
924082 742
260654 423
342575 160
6709 519
14909 824
6581 769
171787 197
440901 589
629320 358
621129 379
219725 726
776786 365
424540 126
391775 296
39524 826
1104488 79
1053799 827
162414 826
965231 66
6779 828
1104509 829
916097 547
1243778 171
449156 782
185718 830
1456780 551
14989 194
1538708 534
899735 232
747972 831
80540 33
514721 774
1530532 591
580262 198
154289 232
309939 832
896798 390
1456585 341
424632 169
375482 553
1402330 239
449218 128
940741 769
124024 522
47826 687
940762 374
137955 818
514790 372
948971 765
301804 566
277230 122
449264 545
482038 510
473847 654
965368 635
72442 199
555772 497
785153 167
948997 812
301832 814
545922 354
94886 485
211731 259
1268505 559
639906 33
244513 260
2523 518
203556 62
973606 189
416551 234
842539 2
809772 347
654127 728
908082 609
64309 45
1260343 718
621370 485
473916 479
727869 324
924480 299
1440583 88
1399630 618
1473368 307
146265 833
162651 636
285535 252
629606 820
7018 33
1424238 317
1440624 31
1440627 550
899958 106
1350519 505
629625 257
637454 250
301949 833
1506175 391
605056 343
1168289 791
1088386 310
777093 352
686982 375
113545 145
209732 675
301978 209
899567 522
301980 443
1162142 418
981920 412
1112994 832
48036 829
244649 36
1178539 45
834034 581
973744 271
490417 300
1178547 342
842676 240
1440693 357
482230 595
523192 834
1489850 375
490429 489
588734 660
687039 231
569163 369
228306 30
293369 160
162780 713
848591 699
744415 640
515041 827
14088699 103
1137641 120
1350646 179
891897 811
416763 683
635549 288
1367042 332
187396 730
269317 533
1055762 674
236196 240
105493 136
1481750 162
80919 348
334875 633
89117 1
269345 33
244774 795
719912 280
127982 24
39979 463
9395 231
990260 835
973877 379
1088570 145
777276 835
310334 30
705717 238
523329 712
1211458 754
195651 232
269385 30
15438 828
384081 340
1072211 43
1137748 429
212053 651
506972 454
760927 41
334352 793
858642 836
1096818 727
597117 172
40063 717
1211523 665
228484 67
744585 707
140999 405
449681 296
1408149 236
14105754 780
441499 786
285859 62
728230 837
831958 92
851113 2
564394 247
191192 33
1047726 522
1440944 615
711859 173
531639 181
507065 749
313887 232
220349 206
154818 838
801988 431
605383 830
605384 194
851145 555
212172 744
203298 723
1113294 386
310479 614
8429 836
1029327 634
572639 369
1424616 630
1072371 448
679159 102
376057 539
122106 690
703742 805
529621 368
1178880 797
536448 89
171270 295
638221 799
424493 92
154896 30
843026 658
326933 809
1418535 816
933146 370
187675 802
253215 763
916768 33
23841 273
1039652 724
237446 546
14169118 757
810293 50
761144 587
458042 706
818498 334
561035 203
351562 7
679243 839
660706 615
884047 673
318801 16
97621 296
171356 38
397055 109
359776 324
859491 785
351588 242
719578 469
826729 315
454339 600
89455 341
179568 781
564596 713
1473909 399
114038 711
703863 231
564600 110
269693 173
1523070 30
253311 639
1482113 121
105860 698
228742 813
97671 60
417160 792
998797 766
1179022 384
546029 453
73107 776
269719 33
1056155 526
1195420 817
1539487 617
1220000 840
851367 783
261544 644
245173 670
220598 735
859575 55
818617 346
581053 840
261568 177
1113543 321
1531336 841
794059 808
769484 738
196045 821
1301973 681
589272 722
318939 201
671206 37
196077 704
1375729 349
237042 143
1048051 511
802297 0
1482234 600
509183 342
826879 239
1277453 200
605713 649
556568 296
1465885 20
1146401 824
1179170 104
97833 842
1195567 671
1080883 66
114228 445
482870 489
392761 839
1007171 815
360007 491
114248 497
147018 474
731588 33
61907 338
335443 837
228950 7
753239 554
204378 746
630363 843
73314 66
417379 828
335470 332
1203828 30
1097335 768
929887 679
220793 838
1007228 129
1056384 310
793195 750
990853 66
106433 88
941707 442
1126431 834
16016 32
229009 194
1257411 7
622234 232
188061 218
753311 825
245409 130
1334949 371
1100393 798
220844 725
1064621 741
843441 149
57010 194
335542 142
384697 324
1400510 143
949951 223
1162944 716
346423 670
188102 247
237257 664
802507 769
24273 562
794324 196
364494 319
507606 656
687832 626
32475 771
1285858 173
777956 102
1457893 549
1212135 806
614120 286
532201 407
1277674 673
107815 373
147180 620
615720 805
1171190 641
909052 513
302846 516
1244929 745
1146628 259
1040133 756
392969 112
176087 533
810767 265
179984 239
991000 452
605981 373
1023777 453
1433378 577
507687 532
229170 693
89907 758
786232 831
433983 319
962643 88
98116 49
1351499 36
1097556 328
606039 810
212824 490
81754 178
842673 310
1285987 484
384872 843
376686 59
1447229 199
1261425 306
1310582 684
655226 65
711685 475
1425277 35
802692 174
466821 485
679814 298
1326984 363
1137303 819
606092 514
693955 584
1523611 124
1458082 597
1403547 16
360361 33
360362 234
1097645 83
1131499 269
802737 648
966582 666
630712 677
354975 787
270268 585
999361 130
1425346 80
262084 697
819142 608
1327053 726
655311 708
983033 7
442329 411
1023968 736
720865 618
901092 842
966630 561
851946 221
1253358 28
61438 301
483321 573
147454 135
