1335300 0
221189 1
786442 3
278541 4
606225 5
1163282 6
22 7
491543 8
180251 9
5 10
237601 11
1204258 12
495622 13
335913 14
65583 14
172085 15
368694 16
385087 17
1081408 18
507972 19
557132 20
57424 21
770132 22
393305 23
1056858 24
868446 25
696420 26
1294437 27
1450001 28
254057 29
517479 30
671855 31
1196145 32
278646 34
245879 35
1417339 36
532604 37
974973 31
745601 38
1450120 39
237708 40
499853 41
139410 42
868499 43
213142 44
589976 45
811162 46
1253535 47
1540256 48
860187 49
827558 50
1310890 51
229549 52
1032366 53
1409200 54
213170 55
237749 56
1636739 57
590013 57
1269950 58
499903 59
525686 60
991431 61
106697 62
1138890 63
950476 64
1335502 65
1073360 66
442577 67
41170 68
811219 69
499924 70
383694 71
270550 72
311514 73
925916 74
508125 75
1491167 76
286944 77
875216 78
426210 79
524515 80
237801 81
655594 82
8429 83
786673 84
1351924 85
8437 86
475177 87
1245434 88
73979 89
607616 90
844040 91
1212681 92
442635 68
7374 74
827666 93
172308 94
1089813 95
442647 14
319768 15
205092 97
688426 94
844075 50
344364 98
1515821 99
573743 100
1066376 101
295219 102
983355 103
991549 104
1442111 105
680257 106
377155 107
1098053 108
887521 109
860488 110
172361 111
926028 14
1019672 197
229711 112
598353 113
65875 114
1270100 115
606552 116
532826 117
849295 118
737630 119
131425 120
823355 121
1055462 122
762216 123
82286 124
590194 125
759187 14
418174 54
90500 126
156043 127
811405 128
1450387 58
131476 129
531182 397
169369 131
975258 132
975266 90
49576 14
1409449 133
8624 134
524722 135
754099 136
1262006 137
623031 138
442809 139
467391 140
737728 141
16833 142
1163715 19
1188293 143
557510 19
197066 144
82379 145
1442253 146
1180115 147
470 36
791972 148
1163738 149
279003 150
1294815 151
1081826 152
721379 153
1475045 154
696807 155
180715 156
806994 157
819695 158
1229296 159
926197 160
25078 161
1229303 162
877049 163
549370 164
156156 19
401919 165
467456 166
834459 83
475663 167
369169 14
459284 168
180757 169
1262102 170
469969 150
320943 25
1081885 171
1122851 95
959921 9
811574 172
1442361 173
795196 50
508477 174
1393215 174
434753 175
57922 176
1491524 177
315083 738
557640 178
887564 179
819799 181
1221209 182
74334 149
33375 183
1229413 184
205415 185
524907 186
819820 187
613138 150
606834 188
69737 189
541306 190
525759 191
148093 192
926342 14
975495 143
828042 193
369291 158
402062 194
8854 195
248601 196
1368728 151
666 197
705179 151
221858 198
893605 199
533158 50
107175 200
860840 170
918185 201
107178 202
762539 203
1131182 204
778927 174
811697 205
221874 187
230070 206
672440 207
795331 203
598726 208
885449 61
1525340 709
189142 210
1114840 211
90841 174
434908 212
991965 213
1139423 214
49888 215
1221347 216
1229540 169
1221349 217
647916 218
1426157 71
541422 17
557181 219
1123061 220
836343 221
1172220 80
557823 222
1393409 223
377604 194
1442565 224
115462 225
647944 226
1180428 227
1049369 228
1172250 229
17180 230
156445 231
647966 232
647970 68
41770 59
934700 200
402229 233
148279 234
475962 235
148286 236
121653 237
1401668 238
1196869 127
171494 239
344909 57
238421 96
50007 241
1499994 46
45199 242
648032 213
1237858 243
148323 163
1131367 244
580412 245
280039 246
508780 247
961341 248
385906 249
1114998 219
1401720 250
574334 251
615295 50
623491 16
738183 14
566153 14
713610 252
856215 253
959374 254
286872 145
1401746 25
877465 255
1516447 256
639906 225
17905 194
1188778 257
836525 69
263090 258
1471966 217
25529 259
279482 260
254909 261
295870 262
517621 263
558016 264
615361 265
1205186 14
902084 175
1229772 266
189389 267
893909 150
967638 268
779769 269
582621 270
256584 271
435183 272
107509 273
1221622 7
544937 274
967679 215
312323 275
123908 276
926725 277
992262 278
1188871 279
705546 280
271373 281
331949 282
680977 212
1451038 283
533536 284
230433 285
451619 286
1270821 287
173094 288
697386 289
214060 290
787506 179
427059 291
812084 292
902199 293
984121 294
1541185 295
752481 218
238664 296
107594 297
454839 298
1049678 299
74831 59
230481 133
574548 300
828503 301
366111 88
60260 302
181343 222
1475683 304
197735 41
1098859 305
1238126 306
549053 307
238705 129
500850 308
1311861 51
52073 309
366100 43
1123452 123
214141 125
1197189 310
656519 311
1115273 312
230539 169
197773 313
361615 314
189584 14
1175747 315
836756 316
42133 149
877722 317
1405125 149
689316 47
312486 318
74921 319
9387 320
935086 14
659656 118
238773 106
869563 28
25795 260
132295 322
165064 323
457591 324
541900 59
818041 80
296152 325
1308701 326
1115357 327
328930 152
1047419 328
205009 329
771306 330
99563 331
66796 285
301949 243
1434864 192
1131761 332
42226 333
377043 334
1180920 105
894203 133
673023 172
541953 335
9481 336
353552 235
389336 26
1443091 257
337176 337
83227 316
443677 50
476448 338
1525025 339
492836 191
1033509 340
42284 174
843997 341
1282270 342
1262902 343
296247 273
1508669 344
722238 345
795967 149
66883 68
279877 346
828742 347
42316 348
140629 349
9561 350
238938 351
591195 352
525665 350
329063 353
70151 354
238955 355
984430 356
1312111 357
845169 358
943478 359
1099128 341
173433 360
42364 361
1257574 362
1025406 149
1025407 156
1492352 9
509504 300
509314 363
566849 16
157064 364
427401 365
902539 346
1368597 366
1070173 419
1295759 367
468379 194
353692 368
1475999 277
206241 369
830363 370
17830 372
1287591 309
1336749 341
656815 41
279985 373
83378 359
476597 352
132536 374
984507 33
935498 205
738750 341
1246655 375
26050 52
124355 376
787908 377
214471 378
34248 379
222669 380
431693 381
1500625 80
320978 382
312788 383
427478 384
370136 368
132573 385
1271264 386
771559 387
75240 245
296427 59
255468 41
992750 360
378353 150
99828 92
476661 335
501238 388
15273 82
853496 389
787961 344
1017339 390
173654 120
173574 391
377089 177
1525257 392
75276 393
386573 394
189969 15
247315 395
50708 283
534041 396
714268 397
329245 122
607778 101
91683 398
756657 14
116265 399
99882 174
960044 400
755293 401
419379 223
1214046 402
9786 195
878144 403
1402433 305
1097462 404
599622 405
951881 229
1476170 406
91724 14
1312336 407
550484 53
484949 409
452182 290
460375 41
869980 75
1107549 410
1279582 411
861792 412
4368 254
808550 413
427622 414
812647 415
26215 417
75372 418
665197 419
1394286 394
403055 235
468594 420
980585 421
519103 16
9857 125
59010 129
1222276 422
206472 6
1099402 207
501387 423
394892 424
796302 425
968337 427
1684 428
1686 271
214680 50
911006 429
9888 430
38512 339
1058466 270
1296035 350
149156 431
829093 432
525992 105
1001074 433
812723 434
132788 14
935607 435
1238713 77
706234 436
979231 437
747197 192
878272 375
288454 438
140999 439
313032 440
935628 293
1241378 441
1443534 339
313041 442
214738 257
526036 443
770340 416
1140442 69
149216 444
560080 445
935651 97
648932 111
157415 555
1193596 447
173806 448
976627 434
124661 449
624376 213
920532 450
739066 106
575230 451
457685 380
386816 1
657153 59
141058 452
59139 453
272135 849
878345 455
575106 456
673550 457
395023 254
747281 591
1181458 303
280339 124
1484567 459
1296152 118
214810 73
567067 287
804642 69
1828 195
1525541 460
673574 163
100135 461
75561 462
1115949 240
542511 274
1484592 168
67377 463
67378 263
755507 464
740318 363
386873 465
542522 466
1042237 427
763710 51
386879 271
411456 467
1083208 468
829258 469
804683 350
665423 470
100177 471
157522 235
1291918 472
870233 60
272218 474
526172 176
894813 475
616290 374
886627 290
1100774 476
550759 477
1001320 442
1353577 301
223085 19
1009520 41
911218 294
788341 478
42872 479
214676 85
960378 182
665469 50
280449 480
1066884 481
141193 440
42891 374
26520 404
39919 66
786757 44
862115 316
853925 482
1034150 399
826353 483
1066922 484
1009585 265
608179 420
788407 426
108472 360
108473 92
32590 109
518076 29
141246 322
280224 485
403394 50
878533 350
1468359 125
370635 358
509900 20
1451682 486
1517518 296
340301 449
100003 235
665557 487
739287 488
829403 489
755679 150
34784 158
403426 490
460771 80
763876 491
18406 267
1345516 492
886765 493
321521 249
1353714 494
903157 495
362490 441
583676 149
773120 496
256003 84
616453 291
18451 497
755736 498
501786 499
256027 500
608284 501
665633 461
932870 502
1468456 300
280617 60
608299 503
1460268 504
736264 505
321586 50
821304 429
460468 131
157754 185
763964 506
1132607 354
34885 320
165959 256
125000 266
591945 162
952395 436
755790 507
302093 508
1124435 509
485460 122
1435734 295
534615 510
1247321 105
297051 511
772188 379
723040 512
1247331 513
870501 514
1476712 505
1468521 247
1214572 515
960622 516
354421 12
133240 517
34937 518
411771 150
1517695 221
108674 485
1149065 41
272522 426
239765 460
1345687 520
1239198 521
1034401 334
1271970 522
1636208 523
1386663 257
1280168 36
1296554 438
1345708 68
444104 524
903348 349
1550520 525
1534145 526
1370307 249
125125 527
411846 528
100552 529
682185 530
1050833 59
772307 464
67804 250
75997 531
1091809 161
207078 532
493799 533
755948 533
198910 261
567551 95
398339 534
1068075 150
608516 281
149767 535
117804 536
665869 537
583951 538
149776 539
346385 381
1386776 540
854297 169
805148 376
543792 541
207138 487
1222948 214
1280293 542
1427750 514
291207 543
477485 544
575797 14
1313079 164
1280313 545
723260 546
928068 70
231749 547
428362 548
928077 549
280912 550
263907 551
92507 552
190812 341
1321315 553
911717 554
1231206 87
276199 789
1067374 14
805232 14
805234 556
362867 346
598420 511
625022 68
306240 60
231811 392
485767 38
534925 557
526737 266
502163 558
1395093 59
780695 172
969113 92
666010 559
944539 378
231836 45
231839 151
412742 210
772518 175
1444269 560
330159 561
354739 562
1198521 563
1362363 424
240060 14
190910 258
1477057 564
747970 50
10697 565
161527 321
428500 567
1075669 568
584150 569
10714 528
952795 571
27100 182
51679 572
1231336 552
1157615 97
199159 315
1403386 69
682491 387
764413 19
158206 485
453128 573
977423 573
551441 157
657155 425
150036 313
1002005 574
84502 575
961049 576
510494 577
92703 578
813600 579
330274 580
1255978 421
1329707 581
420396 582
1346097 460
805428 132
584249 583
215615 493
436801 548
789058 584
395846 585
256583 249
1165896 209
682572 587
1518157 36
1083983 125
510544 497
305747 588
255758 150
1256024 514
689935 586
1043037 589
911967 364
174690 590
1100393 592
1018476 593
853778 355
1247857 594
461427 309
1084024 348
395897 150
27258 371
1305211 596
862847 597
139712 598
813699 465
141956 599
256646 600
117385 50
633482 291
256652 362
363154 194
2711 297
1403547 601
191132 280
535198 602
1196485 603
363179 578
338606 209
1444528 604
862899 605
27316 25
805557 60
944822 194
1043129 248
1256122 32
445118 606
279148 603
502466 491
1501893 607
166599 608
1206984 609
838349 14
961656 610
1092306 611
191192 612
568029 405
764641 484
1468198 117
1313511 149
1207018 613
535275 0
985836 614
93309 73
740082 264
37331 615
1018613 616
961273 171
1636212 617
1190653 618
985854 619
223999 246
117508 230
517320 620
232199 621
584456 459
715531 622
969484 623
1354513 42
371477 624
1084182 19
822041 625
854812 626
1092385 49
977701 350
1002278 260
11050 609
453424 54
52017 627
2870 410
715575 476
1362749 527
289599 369
1452869 592
1248073 183
680418 628
404303 174
1452880 629
472888 630
830290 608
717283 348
715604 631
334990 488
510808 632
766436 607
592733 68
125790 633
314208 185
1420131 165
871268 14
302225 634
715625 575
191338 635
707439 132
1504493 627
11124 636
502645 275
48276 327
715649 485
584582 637
822151 638
838536 150
215945 513
1481879 639
82415 45
478362 260
723871 640
93089 641
166819 151
396199 108
109481 298
396204 642
215985 643
314291 644
265148 108
43967 424
863168 127
11205 608
1076168 558
945097 297
633803 645
412623 50
887760 14
1412049 446
715732 406
1469398 19
84951 342
265176 306
1133531 119
478173 646
838622 647
994271 428
273382 648
371687 385
280402 571
429044 649
240632 650
101369 12
926207 36
912380 651
642046 652
789504 527
1469445 622
1502214 653
207887 654
1035282 563
551956 655
124761 473
560153 20
494767 656
535581 240
650270 553
1076255 313
830496 620
543781 174
314407 181
83804 361
1354795 350
1043500 657
298032 135
527409 184
101429 235
437302 404
920633 80
666688 355
306241 633
347206 336
429127 8
76874 658
969811 659
437332 314
1379418 14
896091 660
429149 495
1150046 661
183395 662
44142 576
37395 663
257140 244
756856 216
945273 664
912506 360
633981 665
855166 666
1240191 176
322693 667
1494150 668
453773 41
560270 550
838799 669
461978 320
552095 670
27808 41
403312 289
248994 174
634019 671
19621 105
201244 672
339117 673
1281199 227
1412273 383
371894 674
851145 5
825204 105
1273025 375
158916 353
298181 319
224461 675
847055 519
1518801 38
979491 676
93397 537
1076438 509
142557 421
1346785 310
52451 672
855271 677
822505 335
1207533 678
1232115 614
265463 132
93435 116
822526 527
462080 557
576769 461
863491 343
1084683 679
910932 408
74581 240
339224 680
278077 681
871710 192
814370 579
396580 380
380200 623
1215785 95
1428781 376
994607 682
617776 165
219016 676
1273138 154
77108 517
445749 485
1191224 683
1027388 256
1109309 122
470335 278
347457 684
1092931 465
994629 647
257353 685
183626 686
1494347 68
1467692 687
52564 448
470359 398
44376 688
879962 452
240987 457
626013 235
634206 636
1527135 689
1150309 528
762428 116
1142122 528
658797 656
68975 151
523496 541
175477 174
970102 690
290167 691
1142136 14
970106 692
970108 587
707973 421
478602 693
699789 441
1502607 234
331152 79
3474 694
871828 578
707992 73
707993 695
1469852 696
560541 260
1297822 3
1502624 90
249250 695
503208 458
1109423 697
1527217 698
1494451 134
847285 299
1249865 699
306617 367
1396154 390
585147 700
953789 701
1453502 536
732607 632
347584 702
675267 661
585156 703
1011142 235
469576 586
101833 705
1137743 56
1480610 23
1117646 244
429519 228
798160 706
765394 707
878499 708
396756 236
1109461 416
1035736 68
552409 710
380380 186
658909 666
1273311 549
396772 711
314854 489
945643 241
1068528 516
683509 712
1117687 561
1428988 1
1330686 713
519687 89
467543 133
112506 646
898990 714
1237593 587
560664 706
560665 150
929309 300
175648 715
740900 716
28201 429
1093162 479
241195 717
405040 718
110129 114
1076787 544
609845 90
749110 550
593463 284
749113 667
1294943 719
511557 720
257614 341
1338959 721
44628 381
126549 347
159318 722
1232471 350
11865 676
249437 723
708192 333
1333179 724
1175143 460
568944 379
970353 266
700023 579
102009 44
1388156 308
3711 307
224898 725
500331 726
1339013 218
447487 234
110216 727
142985 743
1461898 41
1453708 68
454286 728
249487 154
372368 297
274065 729
970387 35
290452 730
396955 731
708252 146
624581 683
634530 732
507163 133
634535 14
1435591 733
139890 271
454318 734
175793 735
519858 239
536246 736
683703 598
1076926 699
1412799 570
1068736 55
331459 737
970438 575
569032 227
880331 237
519886 418
888529 351
1281750 50
167641 739
1511131 461
200412 740
967290 741
846298 570
1027809 14
724706 251
365179 468
945893 333
667369 742
315114 343
964562 743
962287 478
124883 150
257780 164
1478389 744
716073 745
1158906 746
945921 747
744747 748
151300 183
637559 749
1281815 750
1027864 180
1298202 751
470814 183
225056 560
1132507 581
339748 643
860485 566
1290024 443
201351 253
167724 324
1298221 460
790318 564
126768 672
364344 590
1125684 268
159547 752
1249084 80
528194 599
1363781 553
569163 753
1404751 119
421713 754
126802 151
520019 755
216918 341
1109848 756
700249 705
339806 593
200545 757
36708 754
608230 140
921446 404
1068905 32
716653 758
536431 72
1347440 538
1093497 759
175996 669
1503102 760
536448 50
1388419 508
429956 761
844438 762
642369 724
282507 317
528269 545
322883 318
634774 422
94103 152
962465 690
225947 763
1099174 736
741299 411
486729 764
739920 729
1028025 765
12220 644
118090 766
2037 727
28608 726
143297 712
1257411 557
659396 504
298950 767
1093576 768
487369 501
1347953 769
364498 151
470998 445
593879 45
929753 44
1495002 770
890874 399
328357 145
1325052 429
1019884 771
77807 460
1290225 267
464895 772
15412 124
1396738 80
454660 364
20485 689
364550 485
774152 189
388439 329
118796 279
651278 365
258065 378
839703 175
561176 266
610329 192
798748 722
1052701 50
436229 426
667680 600
217122 74
208932 343
20517 773
372774 615
397357 104
298333 19
921648 774
512052 554
1502558 286
1052729 775
1339451 285
1191996 197
1339456 215
274500 776
626759 777
331854 134
381009 701
659538 776
962643 412
1159253 520
364632 139
949604 778
1454171 779
21178 451
438370 350
660546 454
995430 278
979049 780
274545 546
1396855 421
12410 781
1028225 107
433515 44
413829 782
471178 688
159887 696
1058840 185
430228 445
659607 2
77978 314
929948 490
821274 783
1421474 784
454825 109
1020076 14
176301 145
1413295 83
561334 489
503991 66
1405115 212
1020093 663
151747 387
774340 785
905413 786
528583 350
364744 709
546850 762
168144 685
790739 454
692440 787
831705 432
1200346 788
405723 150
28894 789
1134816 457
766177 7
692453 790
37097 717
307435 344
446702 791
482685 645
28915 708
86260 169
49518 97
92201 91
209144 496
782586 752
151806 149
848128 360
119046 278
1388809 792
1036555 192
40517 139
1013805 793
725264 794
938259 282
1061140 502
258325 28
53526 59
385860 14
184605 519
101765 333
921890 777
291114 795
168236 796
328413 763
1118514 482
291124 79
1134903 797
1110328 798
124690 14
798090 799
1118528 800
536898 730
799045 801
1372488 802
29001 22
1323339 437
1126733 67
67640 489
729827 440
53591 803
321594 95
1442003 723
1282401 85
1102182 804
29031 206
340329 109
528749 76
700783 248
1356145 90
1051998 555
417506 805
1380733 806
1323393 607
135555 732
78215 485
831880 802
938380 807
569744 388
1266065 330
651673 68
1210437 808
1503650 2
1372581 809
479656 71
1216938 331
143792 387
1166296 458
888222 508
45494 529
1118647 476
618936 14
618938 19
643515 810
1000181 811
954818 564
4551 14
1135049 681
111050 812
823757 695
1290703 148
815568 500
61907 605
430550 14
348631 813
848346 755
1331675 814
104355 739
184802 781
1233379 780
1421796 815
266727 211
1421800 10
537077 745
815608 803
692729 816
922106 169
1520126 192
111104 817
1221377 818
1031596 819
848395 718
1339916 30
1348354 645
1307150 601
578063 820
979475 80
119316 295
422422 821
324123 679
324124 822
225822 242
373048 823
1217058 358
397859 628
1109425 149
61995 340
143920 733
1126963 341
234037 335
447040 414
537154 240
471619 59
1495620 824
220598 825
389704 50
1086025 14
1086026 826
363959 121
135759 19
889430 827
332377 90
938586 508
1110623 341
332384 170
1004129 468
324196 260
954982 828
103015 350
1389160 649
1454699 41
299628 97
709231 630
275057 374
864884 829
397947 201
1307263 793
160385 722
21127 155
684683 817
717454 47
30829 223
406160 746
567406 367
823959 243
266906 14
348827 830
897694 78
1258144 616
1413796 109
1102502 831
873128 27
70317 14
217777 421
1397426 740
798 260
291510 68
447160 832
758458 300
955072 174
6262 833
955080 251
1041186 207
381647 710
1484920 827
758489 505
138703 676
1132667 834
1110762 585
758508 563
191954 539
561908 463
1258233 39
1340155 150
1192703 660
62209 25
865026 835
176901 791
111373 702
1086224 527
578321 493
135954 199
447254 634
832282 816
324380 123
676644 69
881452 836
176942 19
930607 828
1004341 825
1123180 837
783169 264
1422146 464
643907 838
693065 817
275274 199
404512 562
349010 512
96398 741
619350 839
562007 161
548324 766
226145 196
1020773 96
948630 526
1315688 189
537449 44
70508 235
226157 543
832372 840
652150 841
1528701 789
316286 75
70530 737
889734 218
1536906 331
447372 842
1422222 744
1364885 744
390038 654
119703 739
123716 59
439200 48
963489 59
373667 843
1520548 826
955306 753
577921 772
253310 674
619337 747
529344 819
447425 803
340930 673
521160 81
431053 528
1352525 839
1348561 501
832468 411
512984 19
218074 291
840669 312
152543 485
840680 844
332777 327
1258474 845
488428 757
127982 150
1487856 646
865266 381
562163 846
193526 847
1242110 590
922623 557
832512 259
1405955 59
414726 262
542892 817
521226 347
840716 249
1209357 848
1414160 221
218130 611
996372 850
13338 495
267300 494
488487 569
308266 598
767019 672
128050 610
676915 379
881718 324
611383 20
906299 765
554044 590
422978 90
151051 851
660549 852
595023 146
1315922 341
867 785
1056387 853
1479766 285
308317 519
816223 238
308004 854
1250401 631
160867 813
234597 721
29799 855
586861 268
1111150 518
1365104 789
136040 738
832626 252
130579 817
398452 350
1397609 778
595066 244
1053823 109
529540 402
51393 856
443244 648
1004691 174
177311 532
102055 299
1373356 857
1242289 140
152754 171
939188 686
1234102 255
75977 627
144570 19
390331 375
537792 79
399563 408
391347 606
341195 624
431310 302
136399 374
1063662 130
464086 298
619121 534
241188 810
1455323 455
1094877 858
849122 59
978376 704
1217767 411
390381 3
677108 568
718069 247
349430 820
393531 211
201978 393
91007 0
619774 267
14169344 859
14169345 859
14169346 859
996611 467
390404 195
750853 860
947462 861
447752 150
595209 650
169231 578
714324 598
152849 257
177432 597
226587 65
447773 850
136478 849
1160070 862
406829 929
202034 863
1365300 90
39371 930
243010 864
873797 206
870903 679
111944 330
316745 164
423242 129
300364 14
800079 179
552839 232
123790 833
1529175 72
169304 524
1119581 299
267614 735
1062240 865
597303 7
1291618 866
1493222 653
1119590 867
423273 151
251242 140
936167 806
398703 613
628080 151
1015358 270
185718 868
1267064 159
497017 192
644475 834
644481 80
677251 668
1193348 751
603526 762
1054091 777
1357197 665
325007 19
1054096 770
128402 789
710035 796
234902 846
431513 485
627311 300
1449541 646
415140 444
415146 821
431532 381
730969 304
1118593 869
13747 44
529844 870
230303 187
202173 871
603585 206
1095110 719
161223 516
562635 695
1021389 582
5583 322
1107410 406
1461838 551
1390038 450
1078743 710
701915 872
68218 188
537295 144
398819 873
1223616 345
1177852 808
914923 235
1299948 764
202221 289
1340910 638
1480175 694
72747 158
169459 719
955892 550
71157 19
644598 756
513529 874
1226236 875
1532842 403
972291 867
742917 876
464390 232
276737 877
5645 235
775697 260
51459 681
226836 662
939541 878
669206 879
824856 880
35076 235
144927 881
1103392 61
46630 429
87595 601
1021488 59
595513 254
1373754 769
267837 882
1218123 224
464461 883
964174 884
357967 430
1511678 766
333396 92
161365 14
317016 14
939610 885
10829 486
1513055 886
604432 14
956002 37
1144421 887
357990 888
431721 41
151143 698
1152622 559
63088 102
243315 659
1332854 164
79481 884
1078908 565
956029 863
1095295 510
423566 19
900920 337
1436665 889
325271 880
1152671 503
661153 152
1537698 597
1226623 864
669350 890
212145 861
104114 338
235187 75
1373876 152
136887 486
636602 377
128702 194
857796 891
300741 460
1103559 660
628425 874
693962 892
1357515 350
120528 267
1038034 819
480980 672
642681 684
471290 150
1275612 399
46815 635
1341157 151
22247 751
1494652 204
325354 869
235244 657
1414894 14
1070832 715
579314 135
104179 280
71412 699
1513207 566
923384 50
1339007 57
1234684 103
939773 335
1144576 409
325383 893
907023 732
1455064 256
61059 19
1414937 887
481055 150
1259298 335
702246 725
653617 139
702251 768
153388 423
1169198 485
839304 424
600648 714
202548 447
749193 462
218936 623
350010 41
366902 73
350023 828
382797 350
644943 417
1472336 400
505683 322
268119 593
1251160 894
532125 787
800610 4
5990 596
1636207 523
604016 670
1636210 617
1636211 617
104308 613
497526 831
96122 480
1210236 13
29674 830
325503 198
873377 620
734258 895
915332 896
632783 884
1521543 822
1144712 247
563083 695
350093 341
481166 897
153487 608
571282 14
1396029 762
1185688 325
502084 892
587674 898
169883 87
497564 19
47006 899
120738 50
169891 55
276394 485
210859 126
808729 19
661422 505
55031 176
341936 829
1103794 900
1046452 171
1120181 233
1185720 786
260026 271
333755 901
432060 899
545782 421
309196 518
284622 323
128978 902
71636 749
407509 177
1193943 903
137177 192
194526 77
163493 5
669664 850
22505 262
1513451 782
802507 855
1316847 621
587762 400
14323 9
628730 300
268283 141
186364 226
1284095 904
88066 9
14169347 859
220844 108
718860 300
546829 289
1076909 642
841747 815
799343 619
1493079 715
1177623 170
1234973 113
595999 905
407586 270
71716 485
447494 557
14169348 859
178216 832
235565 98
120884 801
989239 14
55352 889
251961 192
1259871 895
710724 460
751685 105
941852 811
981069 678
161871 350
71760 11
850002 376
1235028 153
432214 78
204473 535
1054818 460
1013859 845
448615 906
628841 717
63594 693
637037 247
776310 461
1292407 305
799734 279
462527 14
571521 824
940163 858
170124 901
268430 68
972945 498
276626 595
1333399 483
97988 722
129178 818
914458 907
1513630 875
243871 649
519878 902
293038 171
1145010 908
104627 129
121012 30
1382588 97
972991 134
145600 893
265901 750
611180 909
208587 292
1319969 14
563403 476
415952 499
628945 909
317650 709
678100 731
506070 50
718448 443
104666 57
1439965 589
63710 883
1063135 128
1431780 540
800999 652
686318 166
1063151 401
1194233 869
956667 910
1439996 485
406570 877
791555 2
1005825 460
596236 151
1194254 911
877482 93
792848 119
14610 703
768275 136
1521943 140
1145116 895
301345 809
907554 759
77531 14
555301 14
203046 9
1186090 632
899373 62
137521 795
1063218 857
186678 150
973112 912
538938 316
530747 575
1014085 847
211270 133
1259851 328
424268 788
891213 852
579919 469
571728 14
14673 612
1068432 817
866651 5
1530207 319
538976 466
55651 350
235877 815
260459 913
399724 914
1081064 161
1116563 520
579956 572
399736 915
470762 14
571777 916
752003 202
1636740 917
301445 525
252296 40
1534359 90
305734 24
317837 705
1194383 357
498065 428
399766 206
858520 532
612762 36
1014171 440
80287 664
154016 866
113059 528
727467 92
493955 224
1186226 178
915891 909
96695 519
661946 833
227775 687
178625 183
350661 210
88521 528
137674 115
888567 426
1341900 761
776653 66
14146003 790
604630 734
317911 388
424411 741
1462010 204
1513951 881
784865 208
469414 14
1333734 918
31208 516
203241 321
1055213 427
1497583 262
14146032 878
834034 536
1391091 815
14146036 919
14146037 919
498166 32
14146039 65
293369 571
14146042 921
14088700 917
883197 149
1300990 922
711172 149
875018 923
1016919 430
1071628 838
432654 838
514575 3
309776 141
801297 655
418905 322
1284641 783
801318 130
1169959 716
719149 453
539177 123
563759 384
383536 79
96817 800
862439 50
861279 582
387302 748
137795 602
793167 573
1382993 847
1407571 924
547414 314
442127 679
997982 906
1153634 356
408163 246
1230474 912
653929 270
686273 502
440939 920
258354 658
6766 522
1530480 160
727667 406
1125726 3
686711 565
932473 890
1104509 925
940670 915
1333893 10
408201 574
514699 926
121484 59
805314 18
1448593 697
652398 235
662166 945
965271 927
1279087 209
80540 320
227997 195
621217 492
899567 149
653987 208
1530532 668
273808 459
708916 59
624899 152
993701 59
236202 928
826029 929
1391282 175
1366709 841
260790 911
119924 897
768701 563
1291853 14
801474 865
1276363 491
481990 58
195272 547
1213292 57
948938 123
1440462 151
1374928 224
424658 364
359123 142
122415 931
342742 769
932568 932
334554 933
72412 485
137949 608
973534 47
391399 557
514790 41
1014503 714
1016956 847
908014 269
58024 927
1317619 329
72442 313
1022720 637
1538819 789
129802 614
916236 292
1096466 765
962350 896
1358615 758
711453 742
64287 155
285473 150
334117 343
744230 748
908071 376
932648 671
1514283 862
670173 916
744240 819
3505 30
908082 528
981813 72
318263 386
621370 14
72507 386
72508 272
727869 835
506686 705
1235785 151
1322808 639
408409 846
162651 720
392028 780
998240 855
361616 571
801641 556
14089067 934
1366894 151
113128 332
416628 262
416630 47
1350519 515
416633 935
1022842 858
392059 908
408445 395
514951 832
416648 640
1235851 413
678797 870
243284 192
367506 519
419420 886
154095 373
1162142 475
48036 925
1506214 530
1514407 386
441256 707
244649 680
1053799 805
310193 936
1178547 421
1440693 389
523192 937
490429 933
801727 710
703424 644
654273 854
1129412 499
1014728 372
1538551 920
596942 192
228306 174
342996 98
900942 311
965596 260
744415 625
515041 14
64482 852
1129443 936
351207 904
1121256 429
935609 842
719850 66
1036114 266
891887 815
1367025 580
875506 456
1063923 914
977530 595
449526 387
285688 641
351226 646
1524510 853
719870 907
1367042 370
1123499 938
187396 270
252934 644
1448968 629
629773 851
654917 542
15377 69
392212 80
1047578 262
72733 73
269345 14
1285155 69
719912 90
793642 285
39979 485
990260 868
896862 276
1096764 461
181429 900
1195073 433
130117 728
1104968 939
137966 894
56399 876
1236048 583
1137748 426
785493 322
212055 814
1064027 669
64606 240
487269 413
195680 833
358928 41
1396582 584
1255953 815
556141 297
187503 896
72816 469
113778 590
539790 185
826511 605
449681 435
1505170 51
613524 30
1227926 412
48279 257
1481881 923
561007 206
433314 164
285859 50
244900 767
711847 92
138414 14
801967 844
441521 463
711859 192
1227956 807
531639 421
588986 891
89275 773
21249 285
785607 382
31944 940
859337 218
138446 14
548047 210
662737 453
556247 92
572639 753
1129696 411
212195 300
122085 231
793832 351
1154283 467
965875 771
800045 859
564474 760
343297 14
879147 446
718039 218
298126 511
204049 873
326933 905
1400087 871
597275 713
466821 14
916768 59
23841 937
1029339 96
818469 903
600625 572
466219 81
1015087 836
56628 378
810293 288
1342775 460
587023 817
335162 167
1023296 477
561035 450
351556 817
130374 100
474439 941
1563976 523
523596 404
1137997 424
318801 501
490841 797
318810 528
523614 569
359776 835
286052 489
511445 709
64875 246
1260915 942
15733 496
154998 235
318844 88
269693 852
1523070 174
949631 888
56705 784
105859 220
343429 922
187783 137
425357 498
1179022 704
365805 33
1342865 404
228756 441
990613 90
269719 14
654746 19
738686 506
1195420 779
73117 50
187806 371
711062 938
1220000 700
722160 848
1490341 21
269737 233
589226 799
294315 192
302508 918
261551 138
794033 439
261554 843
1262835 943
171445 47
490934 99
187833 187
29441 531
1523135 109
261568 193
892354 90
1176219 872
941509 385
310726 125
73159 472
253384 604
769484 840
515535 343
763128 57
32210 815
1040291 507
553250 944
966101 502
46329 798
736728 804
1326557 743
602831 458
846416 474
122339 734
663012 147
786342 838
384486 180
204266 658
531955 932
400884 662
671224 930
802297 901
343547 63
269822 297
826879 247
1277453 221
605713 461
1416722 626
759043 468
450073 50
1465885 260
1334815 309
14454 898
1048105 644
1383983 206
62728 677
106034 672
1383988 424
662110 775
482870 933
1056311 837
859704 880
499257 905
81466 944
89660 108
89661 177
1039934 873
1039940 812
1039941 427
392778 885
261707 41
1048140 693
622159 112
630712 626
221485 443
996623 190
1048156 528
366060 591
73314 132
1244774 938
458344 235
728684 457
327613 34
835189 945
1465975 577
794234 129
1449597 633
1187457 97
196227 564
645740 554
106124 149
666221 946
917137 75
892563 943
147092 659
622234 198
433819 151
162780 138
1056419 502
245413 695
900775 709
818860 129
761517 470
1367727 140
843441 187
188085 450
667383 651
1203897 407
949951 281
1000736 391
868034 122
179908 96
40645 623
491207 77
736971 941
237260 339
1031889 928
671443 458
794324 618
769749 794
658041 934
1518202 173
1285858 852
130789 588
253905 947
614120 304
990956 64
851693 66
417348 860
581365 690
1056502 915
270071 682
1457912 47
655317 946
581385 792
1031946 421
1138443 910
218413 505
179984 247
311057 415
1236754 316
648396 691
712475 262
1179420 567
1203999 215
1122081 940
474917 938
319272 537
261933 774
1351471 14
1212209 675
37637 594
786232 491
433983 235
315603 68
1449800 266
1466189 348
245582 303
14989 14
679765 926
606041 86
229211 326
515932 860
1171293 364
188259 931
974101 573
432785 711
376686 223
368495 789
581488 69
630641 471
860021 95
1310582 692
900990 147
105109 734
1212290 396
921455 662
367254 502
1392520 473
16270 841
1138575 719
434064 565
769944 323
540570 924
651247 291
1204125 913
275781 247
229281 460
130979 734
720806 882
94193 146
270249 939
507821 579
1130414 456
302513 521
139188 918
311224 366
311226 110
155581 416
106433 947
1032182 856
1277895 567
435532 942
982991 935
1105873 263
180179 36
1023956 431
778197 484
1105881 481
65500 823
720865 903
630758 696
278512 75
770034 879
106486 684
483321 14
1351675 224
147454 905
327679 921
