827392 0
1245186 1
901123 2
278541 3
491536 4
1458196 5
648537 6
122905 7
860187 8
917535 9
466980 10
557100 11
811053 12
376884 13
286773 14
368694 15
1253433 16
1065019 17
241960 641
442435 18
507972 19
65605 20
335944 22
655434 23
260791 24
557132 25
525666 26
57424 27
1040471 29
917598 30
139360 31
491618 32
786535 33
1466473 34
1155180 35
73842 36
934008 37
1278077 38
172160 39
745601 40
1024130 41
237708 40
794772 6
114841 42
573594 43
639131 44
786590 16
237729 40
827558 46
843950 47
105161 48
1353076 49
516283 12
243062 40
991431 50
106697 51
303311 52
442577 53
41170 54
1325774 38
41174 55
262363 56
41180 40
843997 57
508126 58
987173 57
426210 59
581863 60
33001 61
344300 62
540910 32
205039 63
8437 64
1245434 12
737535 65
73984 66
524549 64
385288 67
1212681 40
172301 68
827666 69
644483 70
442647 71
319768 72
254235 73
1138975 74
770340 21
450853 76
844075 77
1491248 27
147761 78
401721 79
270652 80
368959 81
203779 82
322 68
377155 40
876868 83
98630 84
1023218 85
65875 86
8534 87
598359 88
131416 17
180569 89
336221 90
475490 4
991590 91
1191996 92
622954 93
382354 94
82286 95
704881 96
1246611 97
1294711 3
1311097 98
344444 7
409984 100
1368450 101
1253766 102
541070 103
1253443 104
131476 105
57750 106
442775 107
213400 108
106905 109
369051 76
1311133 110
639399 111
49576 112
311723 113
1507758 6
1417647 114
467376 115
8630 116
430153 117
1057209 118
262590 119
16833 120
722337 121
967115 122
909773 73
786897 123
1180115 124
262614 125
791972 126
1163738 127
647646 128
877023 129
680418 57
118865 130
975337 57
467434 127
56755 131
926191 101
25078 132
1229303 133
270840 1
549370 134
156156 19
131588 135
1286661 136
1368597 137
261491 17
893465 23
459294 138
418337 139
827940 140
8745 141
1122860 131
909871 90
269064 91
344630 80
377400 143
80431 801
16958 144
1393215 6
729664 145
1114691 146
1032774 6
583 16
1000009 147
557642 148
557643 40
1253973 149
5561 150
885336 151
1221209 152
262747 153
33375 154
942691 155
1573476 156
205415 4
1065577 157
754282 158
819820 159
1409645 160
1262191 161
254577 162
1319540 163
254057 164
1131132 165
148093 92
273173 160
1409665 166
90758 26
148105 164
402065 167
1131157 168
516758 42
1368728 57
666 169
705179 170
754338 171
893605 172
8871 173
860840 174
672426 175
778927 6
34248 176
221874 159
58038 177
975550 47
336575 178
705218 179
205510 180
90827 181
1024725 182
189142 183
1336026 74
819931 131
1163997 92
418529 185
1221347 118
1229540 158
1221352 186
90858 138
1525202 107
1000179 187
705268 188
1172214 3
836343 189
140027 12
426750 190
377604 191
115462 192
770826 193
1139467 194
197390 195
156432 92
1327890 66
328470 57
672539 53
798 90
1180447 196
802 81
1213225 197
967469 198
901934 199
1229616 147
303921 3
1491763 174
402229 57
148279 138
475962 92
713532 200
254781 201
852798 202
506677 203
123716 40
320330 204
344909 169
1524563 205
582484 92
541525 206
181082 32
621370 207
738142 208
1508191 209
1237858 210
1131367 211
983914 212
443244 213
1132903 688
754542 70
222064 214
426865 215
697204 216
1196918 217
861047 218
1000312 420
967550 219
728359 220
811908 94
713610 221
967565 222
713615 186
484241 223
25491 92
1007769 224
877465 225
49306 180
230303 226
1237921 69
639906 192
295844 227
672679 228
877482 69
1237931 229
1524656 230
82867 231
1057716 158
835742 232
84809 233
99828 6
1377212 234
254909 235
295870 236
1352640 237
132043 35
189389 169
541648 238
959444 239
1246167 75
1508314 84
404303 6
246751 176
459747 192
967652 240
1434601 241
328687 52
1401842 242
582644 0
730106 243
1308160 244
58377 245
508947 246
238613 218
787478 247
312345 248
1451038 249
230433 250
271394 251
926755 32
1090600 252
214060 253
1500207 254
1429683 255
279608 256
66618 257
1473375 258
1541185 24
17478 259
1131592 185
907311 11
255053 179
74831 57
599124 260
828501 228
418905 261
645986 262
197729 263
173154 2
1475683 113
1090662 264
156775 106
853097 265
312430 252
296047 74
451704 266
402555 115
1115268 267
115846 14
459914 57
230539 158
197773 268
189584 112
378001 75
541842 269
713875 270
836756 271
42133 127
558230 272
459927 185
1238170 228
1385632 273
1440624 274
607395 69
9387 57
1156268 275
1049773 164
795826 276
1076083 204
471681 380
795835 240
1539637 277
1164482 278
681158 279
173255 280
1369290 281
1074380 282
1361101 282
836818 263
1107155 283
279766 284
596857 37
902365 35
1533150 285
617339 286
968231 219
66796 250
165101 287
566514 155
1172726 288
148732 289
509183 290
607489 199
722178 155
1402115 291
189700 111
910602 228
353552 92
443669 292
623894 116
1437913 293
83227 271
443677 138
599326 136
312880 164
361766 17
147092 294
42284 6
1189168 131
854920 295
1262902 296
50489 297
1294943 170
451901 298
722238 299
795967 300
66883 57
1213767 43
451919 16
468307 301
1221972 302
793486 303
501078 304
9561 305
623962 306
689499 307
410973 17
804191 308
525665 17
42338 309
166801 310
1238388 311
681333 226
206199 177
173433 266
443773 312
1394046 313
1492352 314
509504 23
230786 195
394630 135
779659 315
1295759 287
427411 316
1508758 317
624196 318
206241 319
681379 320
869796 321
75185 322
157110 323
312906 45
738750 324
599489 17
1218123 325
607688 321
955980 326
845261 327
468430 328
320978 329
312797 330
107998 331
76709 332
1265488 11
75238 319
280039 32
536828 333
1009130 267
296427 57
763372 334
992750 335
378353 336
1074675 337
517620 273
1500664 182
312826 57
247381 127
337409 298
1508867 304
280069 338
1041928 339
91665 340
853522 341
50708 249
99864 16
607778 342
558631 343
329261 344
788014 345
476720 161
124467 346
1189429 347
1598 348
878144 349
566849 15
763460 314
697928 350
452170 351
960081 142
1238610 264
910932 352
894549 152
116313 310
124507 353
58972 83
304734 354
468578 355
1271397 356
79463 357
665197 358
804462 359
403055 321
468594 138
1115768 294
108166 73
1533577 165
403082 360
796302 124
1492589 361
1343768 362
214680 363
706201 364
911006 200
280224 5
468641 365
829093 6
263857 366
812722 367
460468 368
935607 369
222905 370
1057055 207
1189565 371
345793 372
165571 373
1386184 374
1369807 375
280275 376
304855 72
721188 75
1526736 377
624360 303
452329 378
69927 379
804593 64
50937 380
911098 381
263932 382
870142 16
820993 383
59139 278
681734 297
673550 73
1230611 384
190232 385
870176 342
1828 40
1525541 386
362278 387
100135 388
83756 389
567087 283
190261 310
1279799 390
1156920 56
796473 391
132925 392
812864 57
1460034 393
911176 30
75594 266
1868 394
429149 242
157522 321
485205 270
730969 113
526172 395
386912 396
419682 397
886627 253
329574 398
75623 399
223085 400
1124207 40
1009520 136
1066865 401
75638 402
288631 403
247672 404
452473 384
706431 405
632709 406
927622 279
141193 407
42891 408
575378 409
485267 410
18329 49
681883 3
67484 411
26526 412
935840 413
876870 414
960422 415
116650 416
1394606 417
1075119 79
608179 138
1238966 418
788407 52
108472 419
108473 420
26554 421
141246 422
206784 206
182211 423
395204 424
878533 425
370635 181
51148 92
632783 426
190420 427
665557 428
1361878 421
1099746 376
894947 96
763876 40
706536 330
706543 2
1411058 429
602451 40
780276 430
903157 242
788473 431
673786 299
676181 432
699392 319
608259 9
165898 404
100363 433
452620 434
1058829 435
18451 436
116756 197
714776 308
785412 367
542751 437
665633 388
312184 289
1468456 23
280617 107
403498 438
149555 439
878645 127
821304 200
542388 75
157754 440
497333 441
272450 92
34885 442
952401 443
878976 415
452691 444
903253 231
1247321 445
927834 139
329819 446
1509475 245
583782 92
1476712 32
747197 92
1402998 447
485496 43
1050745 448
321659 449
1394812 357
747645 450
141438 451
239753 443
395405 206
231567 240
1026193 452
510098 92
1026195 417
239765 453
886936 454
1076250 311
960674 385
1386663 32
297134 378
1255599 398
67773 379
330784 455
698564 57
411846 456
698569 457
57719 23
1345740 322
706765 374
338126 155
67791 92
297173 311
1057145 458
624857 277
181967 92
149730 6
133349 459
207078 460
862439 32
37244 216
551146 461
461035 462
755948 355
1296623 463
313584 92
321778 464
1335680 417
321794 425
624899 154
534788 334
649480 465
1034508 61
665869 466
215312 467
124633 341
1386776 378
854297 158
1247517 116
1036924 272
1280293 468
354600 207
657706 469
551211 470
477485 471
1435951 187
1313076 169
575797 71
166211 472
371014 473
878919 17
1108296 474
92489 475
1157454 476
510298 443
29071 477
190812 324
928098 478
1182051 479
903527 480
728124 34
1223018 6
461165 57
1026415 481
662590 482
289143 169
797050 222
502139 483
625022 57
248191 321
289152 28
287126 127
485767 40
551304 35
1395087 337
336280 434
1116563 365
969113 484
944539 485
1493404 378
133534 92
485793 267
483739 486
412742 183
419569 487
330159 52
616881 340
723380 488
379318 489
682426 490
313794 491
551365 145
928198 441
1149384 360
10697 492
18890 493
281036 494
248275 479
371163 160
813534 495
592359 496
1337084 406
657898 158
1083883 312
412142 497
887283 120
198398 498
870903 499
1436154 500
797179 501
158206 5
371204 243
1018966 145
657153 368
698893 502
1255953 503
1419794 327
150036 268
1026582 6
551450 504
92703 293
813600 505
1411623 12
84524 32
371247 506
420402 507
84532 412
731705 378
674364 73
141888 383
436801 508
789058 509
1198661 510
305734 140
1165896 511
1518157 169
207439 512
1100372 513
166485 3
885177 185
592482 515
854627 516
449634 517
846439 518
1326183 519
887404 520
1282493 227
240241 521
280339 95
109175 57
600698 174
699009 260
264834 522
256646 433
27272 458
117385 492
772751 523
363154 191
1165982 524
1251099 525
363179 293
130162 526
338606 92
527025 440
346802 4
355002 527
1346238 189
953036 528
969422 98
461522 311
150230 529
912506 419
255781 173
223970 416
256742 246
1280748 237
1297137 530
508209 35
68341 531
273143 328
1493755 107
60156 250
846589 438
223999 532
355075 46
365014 231
969484 533
1207054 468
453392 88
1067797 534
822041 535
1092385 8
1125157 137
1002278 90
11050 229
772910 536
551733 389
76598 295
133944 537
387899 158
1198908 367
961341 538
133959 530
969544 103
1248073 539
494415 540
125776 169
964408 802
1239890 541
539790 4
1084246 447
125783 542
592733 543
314208 4
289635 544
846693 127
387948 545
936815 546
199539 403
994168 208
1010555 172
338812 547
756609 57
756614 548
838536 336
371595 549
1330061 550
494479 551
469905 552
93076 553
912281 554
830363 396
1240218 57
1518498 555
166819 6
1018789 556
175020 20
1149869 3
215052 68
1076144 557
215985 558
830393 416
78325 559
27808 136
1059780 560
158662 561
82423 562
248994 6
412623 32
1084368 563
265170 350
1002459 564
740318 53
273382 213
502759 565
84969 566
27632 363
404474 118
642046 409
625664 499
158721 474
429066 567
887821 277
1242968 225
1436692 316
1166358 88
511002 568
1502237 569
1076255 268
683040 570
109601 571
273442 437
543781 6
1092646 109
224295 43
1477674 572
543792 573
805937 574
863283 575
265277 576
298049 577
1002565 88
207942 497
1215561 186
76874 578
59234 377
1518671 469
511060 579
502870 501
150621 580
1330274 581
1215587 582
592997 102
879731 101
257140 211
617662 583
199798 518
52346 454
93309 384
1240191 395
158849 584
1494150 228
1154242 292
52369 33
461971 216
781461 581
289943 585
1166798 625
609434 90
330912 535
461986 586
158884 266
1346729 581
642219 587
117932 588
273581 589
494767 590
281781 55
519350 591
605385 529
675002 13
1191102 592
937154 119
1324918 269
1155617 6
404684 593
987682 346
961122 594
150743 440
1264857 204
507087 595
142557 440
953568 596
19682 523
986340 296
494827 122
1182959 597
158960 598
879860 206
781560 599
251775 205
830720 562
1363203 72
781578 314
1084683 499
937231 600
290067 333
593113 601
339224 208
748825 602
797979 603
494876 604
666911 605
1068326 209
44333 316
339165 553
617776 157
593201 512
52532 606
1436983 367
1502522 193
986427 549
1346877 607
273727 127
322883 608
1076549 609
60754 610
298323 308
36181 611
904534 512
1379672 456
1117530 133
240987 66
626013 92
1051998 612
1314144 94
1101155 305
1150309 613
273768 237
1142122 456
347501 114
314734 316
74302 216
241014 614
970108 615
740734 375
1322369 91
707973 440
1297800 574
69001 187
609679 434
1183124 616
331157 62
191894 536
36249 82
251802 617
470430 403
249250 618
522140 619
699821 49
1109423 620
1109424 621
1144712 827
257460 582
650684 580
1453502 537
806335 622
880065 201
1101251 623
257478 617
469576 320
101833 624
396748 611
839117 379
1117646 211
1109461 626
538532 219
1273311 68
1117664 231
994785 399
141222 407
314854 627
1445354 35
216559 203
1002992 629
1207795 440
1125879 108
454136 390
1035771 630
552192 631
282114 275
183813 286
159241 216
1234684 632
355856 633
560660 39
28185 334
306719 520
175648 452
323105 634
495143 635
94812 561
405040 110
110129 86
462386 359
871987 614
1491423 238
241210 228
246367 636
1314365 17
544321 637
243989 332
454213 54
807521 92
1306186 509
20044 57
577102 638
189027 2
233052 499
282211 560
1035877 523
487014 639
683624 640
1478251 380
601708 152
626285 469
175733 311
642678 257
700023 505
1339007 169
167552 641
948160 640
1388164 567
224904 579
446089 444
1461898 434
315019 222
1262563 184
503440 2
93841 2
405141 311
396955 402
618141 642
36510 6
560800 514
642721 643
494875 644
1257127 144
962218 546
462507 645
659118 646
175793 647
405174 648
1380025 649
44735 651
331459 61
569032 652
509900 25
290507 653
167628 326
765646 654
388815 116
1281750 77
1437400 379
1039652 655
1511131 35
487133 62
102111 656
945893 657
118505 468
315114 296
523559 468
872172 230
448466 3
287357 65
1273586 577
257780 134
888567 52
307839 654
400682 659
397055 245
806659 144
1167109 87
754305 564
61199 630
560916 622
954136 142
1208089 451
683803 322
93980 185
1134365 282
470814 539
36639 289
847648 111
339748 558
1142565 336
437553 339
8854 40
1388334 660
610098 661
495413 662
372535 6
871732 316
290619 3
810293 373
970564 56
1363781 317
323398 563
1437513 489
552778 446
773963 3
503628 199
225101 99
716624 184
1486675 508
216918 57
53080 663
626524 2
233312 664
281915 15
995173 203
1396582 509
585576 244
716653 665
1265519 189
397175 666
954236 588
94080 658
757637 35
282507 667
1036173 646
356239 668
12177 276
1413010 669
1264963 670
1249173 548
94103 312
110488 619
159643 331
1085346 50
1101731 219
896933 70
1290151 97
1353714 671
839598 167
446385 27
1355703 590
749497 672
421818 673
2037 468
143297 673
561093 439
364498 674
233428 566
1388504 459
397273 297
1413082 675
487388 67
20447 310
757740 608
36858 89
38911 676
221866 84
1273859 677
200710 678
1224711 679
765964 199
825346 594
700432 650
258065 485
864274 128
200728 590
536602 17
512027 563
1052701 77
897054 635
118818 621
20517 90
331818 3
1273900 370
544814 680
94260 68
127033 58
757819 681
1478716 261
979017 116
372817 643
659538 682
1364051 683
479318 684
1221932 381
692316 113
20576 361
495714 685
69737 686
1003627 687
53368 415
94330 688
110720 188
1380481 689
413829 690
1200267 9
807054 190
1224849 691
168085 692
1151126 171
69788 466
1061022 73
831652 115
528549 333
1355942 430
684201 693
45226 694
176301 511
1413295 57
716977 695
1061043 500
127158 216
970935 623
633207 405
1020093 394
209086 223
175477 6
708801 478
454852 696
430278 697
897229 209
889042 626
790739 465
708822 574
864473 372
479451 522
1192156 698
1134815 552
1020130 699
1476170 35
86260 158
355710 424
192762 700
168188 530
1045205 177
119046 196
282887 701
700694 702
266523 226
184605 703
913695 308
700705 378
921890 208
307495 704
979240 538
848174 705
1388848 706
258354 578
708916 40
487736 44
291131 300
192831 140
1143109 334
1008353 448
143688 707
611180 754
1265994 708
340301 709
748117 100
67640 627
1069395 710
94548 710
348501 711
1083449 712
1502607 713
643422 206
323939 714
53604 715
875921 321
684392 504
831856 716
70003 306
758135 717
602490 445
848252 140
135552 24
225667 24
757142 718
954759 719
70024 214
12682 687
138647 24
356749 720
946575 75
774548 721
391236 9
323996 241
1216938 153
217521 463
373171 199
487860 72
471477 314
856506 682
217533 487
1290695 191
1135049 457
111050 722
45516 714
995790 203
1290703 126
971217 723
635348 111
831958 78
432785 92
152025 687
1307104 382
1233379 706
938471 177
594408 50
1012203 724
586223 671
29170 725
1005651 514
578036 726
537077 138
37369 727
659964 728
356873 74
1528335 729
225815 729
419930 730
1217058 731
397859 57
1004069 421
32343 684
954924 179
1479213 143
422447 299
873008 483
1126963 57
234037 45
53815 601
528952 733
516874 734
53828 43
1086024 591
78417 735
750162 92
848468 712
1266265 164
856668 697
1110623 57
1413728 736
1217121 737
389731 33
324196 90
389735 738
971368 664
979564 739
799343 630
275057 57
298430 330
461978 442
848508 614
317546 557
78463 567
1053312 727
160385 8
536448 77
889475 740
881286 741
1512215 57
70285 130
1479310 135
791189 250
242326 16
856727 521
925573 742
135845 92
230660 743
750248 636
1012394 509
217777 729
922290 393
841843 432
1222225 33
447159 450
611000 79
758458 23
692937 105
647970 57
938702 701
381647 130
340690 655
299731 232
1094356 663
593358 744
758489 72
889562 435
245199 673
193248 721
45794 720
602852 745
365291 576
594671 682
29431 265
570104 746
511445 710
13057 502
676619 428
1094413 366
922385 737
881427 40
652052 747
21271 615
509314 462
422682 748
1413919 749
193313 407
242469 542
570152 567
602467 583
1135406 750
1505416 523
594741 6
193335 751
1135417 221
422714 752
78157 73
746293 544
783169 423
209731 500
1102660 398
218936 533
152402 82
586580 35
1307477 488
758615 3
1176408 185
1200991 687
89365 753
283499 606
70508 92
906107 755
21380 570
683949 756
1255576 152
1201043 170
734103 316
1401668 531
1053596 642
439200 591
963489 6
398242 96
1266598 743
832425 131
480174 398
144303 746
1364919 687
652217 443
1205066 57
340930 757
488393 32
1117687 52
431053 456
463826 286
5079 758
586717 759
816095 354
293956 760
562145 761
1806 510
529379 822
711859 414
1192935 271
717801 496
1512426 20
668654 388
693231 194
308208 177
1012723 29
488441 616
990719 566
234493 426
365567 591
1081064 132
947203 52
177156 4
1463302 148
177159 329
562007 132
480269 46
1414160 99
218130 762
840726 763
914458 568
627747 738
406570 192
726059 149
668717 231
996398 56
876697 23
537650 764
676915 603
963636 765
1114975 766
296056 767
169030 435
226375 650
1242185 395
472142 768
252088 92
1315922 57
324696 719
267354 561
529499 638
37980 769
1070173 358
816223 531
529505 770
1168483 322
324708 771
1045607 772
160873 773
1037418 774
922731 75
155154 539
1365104 482
521329 97
660594 540
595066 211
210044 28
1131370 775
1242238 751
62594 564
87176 57
82796 6
1119373 297
177296 163
1496210 58
1004691 6
689006 167
103583 139
431264 287
344944 31
234662 415
799913 372
578733 776
341166 777
1004719 717
324785 542
595122 223
1029299 778
5302 490
75977 73
922808 128
144570 19
556575 573
406719 203
537792 59
609824 347
373955 580
13511 192
583884 256
1135820 398
865485 779
136399 57
934776 1
513235 92
1419470 550
619121 334
201947 780
1176799 97
308454 781
162001 699
1504493 46
1172350 734
1185018 782
619774 169
431363 581
390404 73
1152268 783
152849 32
242962 784
472341 785
54550 499
177432 786
50052 321
382237 92
1099124 3
554278 43
775466 415
677163 408
890162 688
1076787 471
1185079 337
124024 507
177466 761
800061 535
791523 89
922946 17
628036 420
54598 779
316745 134
423242 787
300364 71
739554 291
1043029 679
800079 788
849237 302
398679 559
1029469 495
1037662 789
1004895 790
1234272 791
660834 447
773691 782
387302 40
1119590 792
493799 355
1054060 519
398703 793
628080 674
46452 785
21878 72
497017 794
302426 239
1348991 634
234883 498
120196 724
1332613 757
906630 145
1054091 208
210318 569
873874 273
169369 40
243099 745
701857 43
562596 628
824743 186
480156 128
175687 796
1447347 285
488889 797
800188 668
202173 243
973746 8
1103298 445
472515 798
374212 524
1455009 301
1068620 580
347165 35
1057698 490
5583 422
1439188 123
1357270 799
537295 72
882147 2
578470 251
849384 800
914923 92
38390 645
710140 537
1532842 349
226816 626
972291 792
1046020 344
80129 567
130647 434
1046031 801
775697 90
1382377 440
35076 169
284186 235
177694 802
144927 342
677408 316
398881 803
316964 85
120360 417
849450 535
800301 800
1294815 547
677440 804
46667 539
751180 139
603725 214
964174 426
603728 689
978531 181
243284 794
1275481 691
988768 772
456294 602
923239 518
431721 351
119741 523
964216 479
79481 426
1095295 394
521857 389
1078915 806
709570 66
579219 297
1398422 57
289049 412
349853 141
1226398 514
454873 128
1537698 786
629775 363
308907 807
177836 808
1300142 809
755997 483
562869 25
374454 810
587447 412
389727 121
669377 811
136902 812
243404 784
320461 379
792277 513
882980 41
1390299 813
95966 814
555301 815
358123 190
431854 318
923384 6
120569 53
290431 109
734972 816
218886 438
128777 12
481037 57
719149 278
194320 106
767764 36
366359 543
38681 6
198959 716
1333020 817
841501 331
1480480 758
1328091 544
702246 400
988968 337
30506 228
505644 103
612148 453
1505079 818
243512 805
1126733 53
628542 0
63297 819
63298 540
366902 280
1185608 574
1357644 816
112461 820
1333071 541
481104 821
1414115 166
38740 823
63320 410
63326 824
63328 825
653153 382
1341287 746
989035 415
284524 353
1636205 181
1292144 135
328357 511
38774 2
104312 826
391033 68
318810 248
325503 206
415617 504
1415046 572
219016 337
350093 324
153487 229
350097 828
833426 829
1152915 556
431086 830
243609 169
1226650 831
497564 19
325537 764
120738 77
735140 805
393390 32
341934 397
112562 815
440243 362
661428 199
1120181 57
63747 832
817088 709
887564 788
530378 152
497611 77
178127 257
1128401 436
366546 82
1515237 382
1365984 369
817122 828
636899 584
1317201 581
22505 236
1513451 690
1234924 692
14323 314
595960 475
169982 748
1226751 543
88066 314
268292 644
808965 583
849930 833
677251 228
291207 53
538642 220
268312 653
882716 68
595999 57
96288 517
1452379 258
235565 63
1464367 459
1103925 706
407606 834
251961 256
964669 429
710724 386
1390662 835
1529931 378
809036 551
841810 689
874579 628
645206 57
841821 210
211614 841
1063008 283
981089 311
1054818 386
555108 818
522343 836
63594 693
1390699 131
1071219 639
1259639 89
227449 175
1169538 110
22660 226
634701 444
1210503 741
219272 768
153738 666
268430 178
997525 537
694423 191
211096 723
633199 813
506012 46
13338 242
1513630 803
489633 526
342181 313
1011142 321
514226 480
317624 702
735420 212
747362 15
972991 783
1145024 660
880331 837
1349830 391
121034 835
563403 215
104653 169
628945 754
1382610 821
325848 733
981214 838
456927 774
1358051 567
6375 554
948457 830
1317104 711
1139752 70
309493 438
1005817 494
207574 583
276737 613
1521923 838
1374472 705
375053 445
6414 31
465167 486
768275 726
694549 708
309527 43
153245 628
784676 413
334117 296
1292582 825
530729 53
899373 51
375088 394
1123533 523
427059 813
194870 685
506169 806
454367 808
104764 92
571709 140
1153346 264
809283 782
727364 707
891213 92
809294 486
833871 355
14673 192
866651 350
1259871 294
1292640 704
268645 629
1120618 684
1096044 117
301422 427
842095 421
941800 571
88435 545
416116 582
226724 75
39289 474
579964 470
399741 131
514432 128
1636741 6
1636742 6
1636743 156
252296 40
1440139 563
1112460 839
137619 840
784789 338
399769 747
1022361 730
612762 659
276891 548
784799 150
309667 198
727467 484
252336 286
1022388 597
96695 703
793023 767
178625 154
1456580 330
350661 183
375239 694
88521 456
137674 375
560887 841
825804 842
940497 209
113059 138
711128 816
306704 516
1202652 390
1513949 631
137699 200
521297 563
848978 225
1415662 17
899567 507
1391091 503
801271 680
31225 445
457211 6
14088701 156
399877 843
596488 580
23053 819
162320 756
383507 752
868102 262
639625 790
563759 481
145968 327
834101 243
803295 149
103519 227
1514047 202
1435878 798
172895 32
137795 374
1038916 673
256438 533
481862 288
1120843 731
957004 473
637521 705
197731 565
23126 445
596570 348
1218229 844
1292895 228
644537 700
588388 10
154216 72
940650 585
259175 677
990994 572
353385 845
6779 639
916097 532
301698 80
103531 461
1260167 813
747970 750
560920 522
1038996 129
146074 755
80540 57
227997 73
1489566 740
1276575 255
1530532 228
129703 371
424616 843
233244 482
832626 221
1129136 695
985544 57
129715 152
1235639 412
449218 795
1366475 504
391878 617
933665 618
260809 661
1325773 343
621262 160
1374928 325
1104593 842
359123 120
6870 759
932568 217
695001 804
809699 185
1211108 166
318181 811
514790 351
1268455 456
1497834 831
982824 18
1161970 793
301523 481
109034 3
1532449 698
482038 493
858871 92
965368 558
72442 268
1190653 816
301832 309
924428 637
1088269 846
154382 199
1268499 121
178964 678
1358615 665
244513 555
744230 57
105261 440
219954 670
899891 276
121653 837
850742 310
203576 648
899898 57
506686 624
1006406 809
1440583 709
392008 610
826186 17
383819 216
482124 580
105305 17
654171 35
441180 647
1170269 472
162654 826
318303 161
1153890 431
15204 612
916325 33
703335 725
7018 762
613227 489
121222 169
572272 330
719729 609
31603 529
1104758 166
1350519 587
957305 260
1497978 121
301949 17
220033 164
457609 832
1170317 177
949134 489
809873 771
7062 72
1072025 254
834459 57
1498012 593
877722 667
588702 586
981920 416
1481635 35
908196 832
244649 208
1178539 224
1053799 213
973743 739
654257 392
1530802 847
1178547 440
1522613 199
1111552 769
1194935 828
177311 460
1448893 238
490432 732
842694 668
637898 496
1258037 732
277454 672
110413 594
342996 259
1268693 772
1039321 715
595364 795
744415 535
515041 213
261093 345
1137641 104
769005 547
1145839 656
408560 839
539637 334
1219574 686
784 40
933717 848
1121283 167
416772 285
1235974 712
302093 823
130063 233
867348 669
801815 61
1047578 236
498715 383
252965 559
244774 830
793642 250
367659 649
572463 164
179248 398
244785 216
15412 95
801850 596
197735 676
1465404 337
96776 524
310334 40
1063999 219
1514564 416
1104968 849
292023 595
588876 506
1236048 850
277586 718
785491 810
1137748 52
212055 744
1309786 736
1186907 712
310367 626
1358946 456
1399911 845
769130 75
56623 187
102248 851
113778 92
597112 22
269437 774
228481 702
1088642 474
228484 53
728197 476
1186952 554
285837 247
334990 350
121999 780
449681 369
580755 475
441495 770
261999 274
1200214 683
285853 387
507045 48
892074 696
1055918 802
416946 553
548019 766
269493 411
490690 297
785607 329
605384 336
541900 40
146634 124
441547 364
138446 112
548047 183
711893 518
572632 599
23769 852
709839 57
212195 23
122085 89
7404 822
259117 372
346953 330
761071 315
417010 833
572661 6
613624 204
1031418 749
793853 658
343297 213
613635 240
711941 818
107178 643
564490 97
236812 735
335121 371
843026 444
326933 57
196888 742
1260827 128
417052 160
253215 650
916768 192
383536 178
204068 348
818469 791
998695 525
1097002 72
130351 535
353502 712
1039665 846
474421 633
343352 670
805428 761
458042 290
941372 814
81223 135
1318218 475
679243 589
1301839 72
584249 850
934433 781
843102 146
204133 323
228711 807
277865 705
490861 796
7537 192
269683 777
736628 527
154998 92
1252729 322
802170 255
155003 575
269693 92
1523070 6
392575 535
1482113 92
7555 853
91372 70
102295 121
761229 68
531856 727
867729 214
269719 112
1392028 834
73117 6
260677 225
179620 90
703910 321
376231 370
785834 382
302508 68
42226 657
318895 467
73137 456
736691 671
1495647 602
687547 295
155069 829
1523135 464
540096 308
1195463 574
1531336 56
433614 388
892367 482
916945 491
702669 847
1072602 468
196059 438
900572 852
1113566 148
753573 604
114150 185
1475836 789
204266 578
228845 234
204273 49
24050 23
40443 477
826879 827
1277444 418
646664 430
245262 515
196111 592
605713 35
1121810 4
253460 760
450073 46
81434 531
114204 292
499230 844
925215 319
482851 160
474663 579
15916 356
1089072 765
1064501 756
589369 143
941626 675
1343038 151
1007171 387
1039940 722
801377 799
261707 136
573005 375
491089 350
445985 678
949847 848
638552 460
1482331 221
1048156 248
114271 365
73314 761
173203 197
458344 321
368235 705
892528 824
1023601 84
1433186 254
794234 787
73342 321
490091 841
990853 169
16008 206
540297 252
48780 661
564880 281
949907 776
1228436 555
646805 92
269975 605
622234 206
433819 170
196252 848
999073 541
106148 168
1334949 455
220844 284
1384111 21
523952 92
843441 214
122546 780
1393950 854
335542 775
859831 778
1007288 281
1318585 773
908082 456
343741 649
1400511 607
815503 529
310981 125
656673 401
179912 817
686711 855
696013 352
573134 662
794324 816
786139 753
1253086 138
591823 60
1285858 92
646884 840
1457893 534
495095 501
614120 113
818921 652
1171190 837
990967 460
1285884 681
196350 518
327423 759
564993 447
202947 53
540422 820
1007369 755
237325 169
179984 827
98066 707
524053 199
1142745 812
1435316 622
712475 236
1531681 713
409382 557
319272 466
704298 93
958251 716
270129 3
368438 836
871049 735
433983 92
442176 335
876354 625
443702 545
800055 398
245582 728
925525 528
1154903 584
732906 339
458590 670
89953 189
1515364 598
1448593 620
204649 856
734871 651
368495 96
40816 238
343925 122
1441655 17
786296 593
1253241 322
212863 540
597892 831
466821 207
925574 321
606095 126
434064 855
238915 219
1114014 307
966564 716
1171365 853
786342 763
204711 162
212904 449
270249 849
24490 854
507821 505
303023 735
1171378 382
139188 68
343989 632
99563 153
1277895 600
319436 43
974798 17
136525 61
188368 97
1105873 16
16341 856
466905 110
535198 374
24549 166
663534 652
236200 797
419155 389
655348 492
638966 32
88745 851
1049941 228
