1441797 0
1533271 1
868365 2
1163282 3
491542 4
155673 5
860187 6
172060 7
352286 8
294945 9
196644 10
835623 11
417832 12
376884 13
374111 15
1441860 16
254021 17
95585 18
655434 19
237645 20
737358 21
8271 22
57424 23
524370 24
770134 25
614489 26
581725 27
573543 28
139368 29
254057 30
319595 31
1450096 32
49268 33
150206 27
1081468 34
204926 7
745599 35
204930 36
152939 6
237708 37
376973 38
65680 39
163985 40
330435 41
188564 42
122905 43
794776 44
49306 45
622747 46
1048733 47
401566 48
1540256 49
1261731 50
1007782 51
663720 52
884905 53
377002 54
1116872 24
761886 55
8377 4
590013 56
499903 57
1392839 58
106697 59
1368269 60
1073358 61
1325773 393
442577 6
41170 7
135203 62
598228 63
245977 64
311514 30
1278171 65
925916 66
721117 67
1130719 68
516322 69
288123 70
311525 71
798759 72
164076 73
8429 74
540910 75
991471 4
1138931 6
221428 76
409849 77
1147131 78
377091 80
327941 81
254215 82
1196296 83
1212681 84
286989 85
712977 86
827666 87
515568 88
983321 89
254235 14
450844 91
442655 92
450853 93
639270 94
1031946 95
844075 96
1417522 97
401721 98
49466 99
270652 100
322 102
295237 103
409926 104
860488 105
254283 106
162530 107
229711 108
65875 109
1270100 110
1245527 111
131416 112
180569 113
811354 75
336221 114
557409 115
475490 116
991590 117
164203 118
98668 119
598382 120
65904 121
344444 43
1139070 122
1368450 123
1253766 124
41351 125
1360264 126
434571 127
811405 128
516496 129
13720 54
131476 84
57750 130
336280 131
274500 132
975258 31
369051 93
1540513 133
926119 134
311721 135
844203 136
33197 137
754098 138
287159 135
266523 113
631237 66
229837 130
1180115 139
1163738 140
672228 141
975334 142
118865 143
418281 145
34215 146
659538 132
598510 147
287222 148
352760 149
549370 150
680446 75
790613 133
66055 42
1425929 151
795148 152
475663 153
557599 58
401959 30
909871 154
326408 155
287285 156
1090103 157
1139257 158
705083 159
410173 95
1393215 6
33347 160
1357197 50
688713 161
1507917 162
1491534 163
647762 164
877143 165
885336 166
1221209 167
98908 168
500318 169
1294943 170
942691 14
1229413 171
205415 116
705129 172
819820 173
254575 174
287345 175
1319540 176
959094 177
443002 178
1106559 179
148103 180
549512 181
148105 30
1065612 182
975504 183
320145 30
677315 184
852628 68
1483413 185
844438 78
942744 186
666 7
705179 170
180893 187
230049 188
901795 189
107172 190
770725 191
752413 192
221874 173
1196723 193
672438 156
1024698 194
729788 195
918205 196
828094 197
893632 198
705218 199
205510 45
705223 200
90827 201
647891 202
336597 203
295638 204
1049307 178
1163997 76
1385184 205
418529 206
1221347 207
1221348 208
895782 209
1204966 210
1368809 211
90858 75
1000179 212
582388 213
1000181 214
836343 215
66304 216
377604 73
1357270 217
1204998 218
664327 219
770826 220
1090317 615
795408 221
361233 222
1327890 6
164628 7
328470 223
156445 7
798 224
647970 31
90916 225
1237800 226
910121 209
584498 227
377647 228
410418 48
844595 229
943582 230
951094 231
312119 232
475962 64
1205052 233
537409 708
121653 234
33601 155
123716 162
1205066 7
557900 235
344909 6
1311572 236
50007 237
546276 238
254813 239
1237858 240
148323 241
75238 154
1131367 242
1262442 158
590699 243
82796 75
361325 244
385906 158
238461 245
615295 6
1074048 146
722411 246
656260 247
246668 163
1262478 248
589976 64
1368979 200
828308 249
811931 251
639906 98
50084 252
1164198 253
1164199 62
1164200 62
1413276 254
492463 235
1147825 255
82867 256
646526 257
105289 258
1491896 259
279482 154
959419 260
885693 261
295870 262
1262528 263
746433 264
795588 265
1311687 30
467916 130
476115 266
967638 106
771035 209
246751 267
967652 134
270502 268
1352680 267
426986 269
353260 39
328687 270
148466 271
967667 272
582644 273
271349 30
140278 231
484344 274
230393 275
844802 276
1197060 277
992262 278
1188871 279
58377 280
787478 228
984087 65
893978 281
459804 236
230433 282
697382 283
533545 284
697386 283
9261 285
533554 127
1229875 286
410677 130
1402377 287
123962 32
599102 288
1098819 9
214092 289
1049678 290
74831 98
148564 155
377941 291
1110 171
599127 292
353372 293
271453 210
361566 103
1475683 294
1090662 295
672871 296
1320042 297
1020093 298
1508467 299
451704 300
951419 301
967805 302
517251 303
202262 304
17543 95
1500297 305
1533069 193
1369233 306
115859 307
42133 140
459927 206
599193 257
877722 30
1186671 308
1262750 156
197793 130
697506 75
1480220 238
9387 309
1049773 30
1516719 304
364744 229
689332 310
1327305 311
640192 312
1164482 313
1426628 231
132295 73
165064 314
107722 200
1443019 87
541900 162
894160 315
1017051 316
1381925 317
1485691 318
918757 319
1303782 320
1074414 321
66806 75
1484023 322
394488 323
509183 324
607489 275
1148165 325
763148 92
34062 326
771343 327
427282 328
1443091 329
1189141 330
435482 331
443677 75
476448 332
9512 7
41180 7
42284 6
509230 333
843997 334
729311 14
1022858 335
722238 336
116034 337
66883 31
1434949 338
779590 131
697672 339
288074 336
42316 340
894286 341
973606 342
992596 343
1049941 344
394583 345
591195 346
138128 169
329063 347
501103 348
1099124 349
173433 41
1131899 350
1492352 351
509314 352
320905 353
779659 354
624014 145
1115536 355
1099153 356
58772 357
1369506 18
834459 31
17830 0
353703 358
722348 359
681390 80
58801 75
1172915 360
476597 346
255414 304
205044 361
959933 6
738750 100
796099 362
607688 228
1017289 363
558539 364
222669 365
320978 366
39843 80
493012 7
427478 367
992732 263
782586 368
959966 369
1018789 370
1172961 371
73979 372
1132006 373
280039 335
697832 374
296427 375
992750 376
17905 73
460274 377
99828 378
476661 379
501238 380
116215 381
460281 382
1279483 383
959999 384
1418760 385
1525257 386
1263115 387
943629 388
97198 138
611929 389
1164824 390
419355 202
509473 44
1189410 391
91683 392
1230372 130
558631 393
697897 394
1188293 353
1364231 395
329261 17
804399 75
1327368 270
402995 112
755254 397
9786 398
1500737 212
460364 162
321102 371
550481 399
714324 400
247381 140
337496 401
644537 402
1525340 229
378466 291
1533541 403
812647 404
58985 405
149098 406
1368338 407
403055 408
468594 75
149109 409
431721 410
1115768 90
28948 411
894587 15
1107580 412
1230463 413
968324 414
405782 6
108166 14
165511 65
403080 75
1255049 415
891842 158
796302 416
583313 346
1164948 417
1057049 30
919196 260
280224 418
1483035 90
829093 6
53533 50
640688 223
386737 7
1226355 362
1468084 419
696198 385
706234 420
747197 97
263872 421
18113 422
1459911 239
353993 392
263882 423
444110 100
501368 134
1255122 424
124633 316
280288 425
1459938 95
468707 426
9959 427
1328873 85
820972 386
452339 322
452223 428
97237 427
820993 86
657154 162
59139 313
134102 429
1165064 430
222986 431
206604 101
673550 6
648977 6
280339 432
689943 71
1222276 140
812831 195
362278 0
83756 434
67377 334
698163 374
1279799 435
485177 436
1444831 437
354112 438
436033 274
18245 439
730955 440
558925 441
223057 306
1874 442
870227 320
1255254 176
1468247 286
730969 443
206682 444
526172 445
1025885 446
715749 71
10081 447
616290 378
1075043 448
75623 449
1263469 450
1124207 7
591728 451
403313 305
935794 452
783222 589
18295 453
1684 454
1460093 64
1042304 455
1528737 615
1116036 456
120470 75
477062 280
1107849 113
214679 7
427924 370
739224 175
59290 457
968605 87
255903 229
935840 458
524614 459
141222 460
272304 461
886705 462
788407 441
108472 95
108473 84
313274 28
549195 414
108488 7
51148 463
141265 464
444372 424
1132507 466
870367 467
763876 468
706536 63
215019 469
1345516 470
51184 471
321521 158
1353714 131
149492 75
780280 395
213332 144
673786 336
1517563 472
616453 473
477196 5
34834 80
18451 474
1468437 127
567318 251
1158148 104
821275 266
92191 364
665633 475
698402 209
905980 152
829478 476
1468456 19
942533 12
1491293 237
813105 477
149554 84
108599 478
821304 28
460468 6
804922 399
698428 479
1108033 316
772162 286
1296452 388
1091657 480
141388 30
534615 298
903256 102
796762 482
587450 483
288862 252
1304673 484
944226 75
583782 463
1476712 483
854123 399
874174 89
34937 486
1394812 487
862335 287
960640 395
632512 488
166020 369
501897 7
174221 35
338062 489
428175 72
985236 490
1488580 491
1050781 32
10398 492
61995 493
334875 690
1386663 495
162652 496
1116343 316
354491 152
379072 497
698569 343
313553 498
949631 55
1108183 439
428249 499
248027 186
543781 6
1091809 7
936164 500
322598 501
207078 502
493799 503
280809 258
755948 503
313584 504
321778 505
461046 506
190715 348
198910 507
231683 251
35076 508
649480 509
887052 510
665869 177
534798 511
132825 5
1386776 512
256296 513
954759 514
1001779 515
878900 404
1337676 453
354637 218
223566 516
887121 517
493907 7
969045 519
313690 130
706911 513
731489 520
837989 521
1465404 522
330092 148
338289 13
461170 523
1296757 156
444791 524
444793 249
1083772 525
649597 526
625022 31
1012960 163
289152 527
1534337 528
287126 140
1231238 529
485767 7
551304 6
706953 530
485780 531
969113 532
145135 75
905626 533
133534 76
813472 325
158114 413
969124 430
698795 316
256430 534
27060 535
1362363 467
305601 70
190914 536
313795 537
739783 538
1149384 36
10697 467
1165774 539
1289293 492
1075664 540
1280467 172
76250 541
2523 362
1370590 542
682465 151
639399 543
887276 286
412142 426
158198 482
199159 544
158206 418
567811 393
691286 545
657153 6
2569 546
1231370 547
657933 325
157754 95
1002004 184
84502 548
199194 86
1460764 212
174622 549
92703 550
911904 233
109089 551
1255978 95
371247 552
805428 31
1468984 316
584249 553
1124924 23
882442 415
789058 440
1198659 554
748101 280
1321542 555
657991 556
469576 557
141898 558
682572 559
1518157 560
510544 474
1108563 154
1280605 561
380005 387
174690 162
379504 7
16183 562
881086 563
256632 564
503633 54
1305211 565
699009 559
1378946 566
395910 75
117385 6
633482 473
1329807 523
363154 73
117395 567
1534620 568
535198 481
1196485 433
1075878 237
1395368 569
1206953 180
867442 481
293421 520
527025 98
346802 116
297651 570
240313 567
355002 571
428732 572
273086 123
502466 468
117443 573
494280 574
953036 575
166607 576
945273 577
789216 339
248546 327
673574 241
256742 311
518888 536
158441 395
1010410 567
93309 30
414163 412
223993 578
744513 579
1035006 31
1149702 304
240392 579
928524 580
1231631 292
1248020 581
199445 582
1493785 583
494362 584
568094 176
183073 585
789284 191
1002278 154
27432 550
666410 586
461617 587
748338 588
133944 589
469818 590
84798 98
3211 140
387917 347
404303 6
1452880 507
396113 87
1239890 248
125783 591
510808 592
1239901 157
314208 116
191333 27
215916 395
707439 31
1477489 164
1362804 594
11125 595
1346425 596
404347 597
969596 27
60287 598
478093 599
650127 600
469905 601
1182614 602
912281 603
830363 604
576413 605
830367 606
756640 572
166819 6
76709 607
805806 608
289711 225
1313712 609
166833 336
1469364 610
1067958 95
781239 611
183229 316
224191 612
453568 64
11205 613
437191 574
633803 614
412623 75
715728 21
789458 251
142294 381
938489 615
60381 318
740318 352
388063 6
281568 452
355297 60
1051618 82
519141 349
76774 211
338919 616
1289198 617
119293 539
27632 7
1084403 499
429044 618
942590 30
584694 85
240632 99
912380 619
60417 620
920580 621
207887 622
560153 196
511002 100
994335 623
1027107 624
568357 224
658470 625
396331 125
379949 64
298031 373
551990 626
1338424 169
511033 627
93244 628
265277 338
1461310 629
175168 630
207942 426
1009505 631
306251 632
486477 229
339024 633
945233 118
969810 315
461907 542
11350 526
896091 634
429149 33
1289314 635
1215587 302
592997 124
150636 73
1510513 636
257140 242
781431 30
1428600 160
593017 76
560252 450
633981 50
412798 637
1240191 445
699520 353
1494150 638
724107 639
1084557 640
491463 496
1019027 641
920725 642
158916 347
1240218 519
403312 643
248994 6
634019 644
486570 30
76976 645
371894 598
3259 156
560316 646
691389 390
1191102 647
1305791 568
1207492 648
740553 231
421066 580
920780 632
224461 130
568526 649
781527 548
142557 524
1379552 650
662737 313
68842 494
56849 91
781560 651
183545 652
1228723 653
462080 7
863491 481
191748 129
1535240 66
954924 199
593162 99
1084683 654
576780 655
322836 656
339224 30
748825 657
978202 243
467503 501
584988 655
396580 365
814379 401
1525785 658
141193 460
1502522 220
1092923 169
1396029 78
273727 637
1084737 659
42891 6
183622 660
765258 661
773454 662
544080 246
52564 663
634197 30
1346902 489
191832 664
396635 665
871773 666
830815 656
1150309 75
393789 425
122321 667
1060212 668
175477 6
970102 444
912764 598
576894 588
773503 612
1133953 24
707973 95
798090 669
1502607 670
1068432 319
3474 30
322963 342
1183124 321
904597 79
707992 30
361007 671
1236207 584
470430 194
1281441 189
249250 672
961955 673
847269 674
1224103 517
347561 269
699821 357
1109423 210
1086024 675
863666 676
847285 290
126392 677
309196 486
953789 678
298430 195
642495 30
740800 26
346016 137
340555 293
1011142 408
585159 680
978376 95
961997 681
429518 175
798160 555
1109461 381
193103 541
265694 682
904671 683
1117664 684
994785 449
385833 506
1268989 685
1494512 212
273905 212
44535 84
454136 435
609785 686
683522 243
413190 406
912908 429
547867 494
593426 625
806419 687
1237593 559
1543704 688
1543705 688
642587 458
167452 689
175648 690
527908 632
355878 53
716331 510
405040 691
1076787 665
511541 692
314935 327
224828 693
175677 5
634431 507
544321 4
241219 27
609861 695
1306182 271
896584 165
20044 696
806477 569
257614 379
249424 697
184931 698
142934 438
36441 680
233052 654
675423 101
14134881 460
487014 64
1412711 213
118379 699
102000 31
1379953 611
1199733 306
1339007 6
183941 610
1461898 701
437900 384
528013 330
945808 30
716433 550
430575 371
806553 109
627311 19
913053 702
1380001 281
888482 390
7451 703
1265319 704
1154051 705
253212 14
1019568 373
1232564 473
683703 400
29301 426
446148 52
650952 307
593609 401
880331 234
241359 269
888529 706
1281750 96
263907 518
257752 284
287354 401
36575 707
724706 708
241379 232
306917 709
667369 710
315114 481
159469 891
483611 315
257780 150
1191669 188
1175286 711
888567 441
28410 300
926335 212
978686 84
200456 321
1281801 501
790285 25
110350 712
1519380 30
1199894 713
560919 159
216859 714
847648 543
831266 799
339748 634
339750 715
634664 716
569131 6
823085 352
1388334 112
372535 6
159547 368
675646 646
1203509 717
28480 270
1052483 718
143173 719
552775 720
560970 625
773963 349
659276 194
1388369 694
1486675 29
216918 334
485348 477
233310 22
200545 721
462691 358
995173 722
1396582 440
402065 723
470896 416
307065 566
175996 187
1503102 722
995199 7
8854 162
249735 659
790409 192
520074 724
282507 30
1277895 725
1368728 519
1413010 726
1199427 350
94103 95
724888 727
1318218 593
1068957 728
618403 729
1265572 82
1060775 730
995242 648
724908 340
1411058 731
74397 409
1388472 732
1113418 253
247275 186
143297 75
692162 733
266183 587
1077194 417
28622 7
733137 734
364498 7
535334 642
954324 735
864214 736
1189881 427
749530 737
105102 27
1167335 328
651247 473
20467 31
732607 592
299003 558
77141 738
225281 127
1273859 739
495620 740
1110021 676
569350 453
271444 705
700428 452
626702 741
823312 603
626707 595
602132 82
454679 742
184345 743
405534 399
77856 744
217122 66
240987 6
1511460 428
135207 62
626013 76
618547 398
94260 546
522249 293
815161 469
823355 606
954430 120
708671 120
348228 30
53317 376
905294 350
381009 678
1339474 7
1159253 231
192600 452
1052764 745
520288 222
88521 689
45161 733
1413231 374
430196 746
702 658
1500717 396
184449 149
1093765 73
200838 621
368670 747
282767 748
1194383 749
1126549 0
102550 750
1167511 751
233625 302
487578 752
1323163 594
69788 177
725152 753
422056 7
684201 286
45226 754
176301 64
1413295 31
716977 506
179571 755
1241270 268
1437879 756
542751 515
643260 757
225469 26
905407 740
27852 606
749763 724
929989 296
282822 519
520392 639
1069259 758
200912 759
94417 420
1080635 616
1503451 760
1134815 601
1134817 198
288806 761
1134824 762
823538 763
740734 663
307446 764
1093879 685
873172 231
192762 402
700667 6
536828 330
848128 41
119046 278
1478919 691
250120 406
1388809 765
1454347 718
1208591 247
725264 438
454931 766
471316 25
1265942 349
176408 313
1099823 794
889117 143
179589 767
553250 274
484059 768
1372452 769
291114 371
954667 591
320221 770
708916 6
1093941 771
454967 756
373048 772
1356089 462
478602 773
1233632 500
876870 774
799045 775
602451 7
402229 628
1184087 776
471389 6
568720 319
225634 472
579643 363
1503594 60
668391 777
528749 778
831856 567
838682 561
872822 779
119159 650
1069439 780
315776 282
1397124 781
291207 352
1487241 255
471434 6
340364 205
569744 380
1372564 394
45466 10
864669 410
127396 297
1372581 782
684456 561
1298857 757
807342 783
849992 784
930229 440
790966 271
168376 193
348604 183
1282493 785
1290686 319
535969 786
1520083 5
397780 743
1085919 456
1528289 110
86500 787
946663 647
1315305 105
135662 788
586223 131
578036 455
504311 789
184825 140
659964 790
774653 345
1528335 791
709140 327
225815 791
1069592 719
99076 231
225822 792
37637 481
102947 273
73137 689
1315371 232
274988 286
373293 280
422447 336
1290802 316
692787 374
1258037 622
889398 793
619066 87
326676 169
1077824 172
394599 379
389704 434
1143370 794
365131 653
365133 122
385052 762
1188621 7
800867 170
21080 436
12890 397
1110623 795
807521 596
1036898 491
1102435 796
807527 9
1389160 618
889450 787
799343 456
316017 797
1453502 589
234102 715
848506 798
1289663 679
160385 799
1356429 237
1012366 800
488081 438
1086102 801
1208991 7
1077377 71
1012394 440
148253 489
217777 791
1102520 430
905918 14
955072 6
1307329 273
718966 87
78538 802
381647 119
373456 537
340690 443
1094356 7
1117646 242
1307351 453
758489 483
856799 295
422624 262
602852 583
425425 583
766697 681
1266411 165
512757 491
111351 803
570104 804
1463033 268
725756 129
511445 229
62208 519
29441 805
1168133 89
717575 227
537357 666
1299216 646
758548 806
1364760 482
832284 468
193313 460
220844 30
1176357 140
570152 566
226089 497
283436 167
930607 452
1315633 481
1536819 716
357048 807
71817 361
308025 809
1454908 353
750397 7
1045311 174
586561 819
619331 801
308037 126
734023 114
1307338 810
693065 319
148279 75
619342 811
561999 686
545616 812
635729 422
242514 375
226133 813
242489 630
1176408 206
922457 529
185178 75
1200991 330
111459 814
89365 815
1520487 806
1422140 482
226157 352
78705 549
709491 816
832372 817
832374 834
4927 678
1446781 818
997525 589
70530 652
783169 101
1078154 797
447372 820
414608 821
1397649 777
1201043 170
439192 282
1053594 822
431003 130
480156 4
758685 700
150743 524
201631 30
439200 49
1520545 675
70564 823
256583 158
144303 804
1315656 800
232383 51
21430 688
619447 465
799673 693
472001 403
709570 6
488393 263
1117687 270
431053 689
766926 810
881615 778
226256 95
86994 313
455635 105
717786 167
816095 478
332772 757
201706 130
488428 721
127982 680
693231 824
349172 203
545782 789
105109 333
1242110 162
365567 675
160768 761
1512449 570
947203 441
603140 825
177157 147
177159 366
349194 478
758615 349
29204 799
218130 80
840726 668
1282905 826
775202 674
906281 711
308266 400
767019 827
668717 684
1119278 406
676915 46
234551 178
95289 142
840543 655
554044 162
406589 638
447551 730
660546 509
898115 337
668740 704
1209418 828
268471 712
62543 90
1315922 334
644179 106
62548 212
1487957 57
988246 427
324696 514
627801 829
1143898 371
889949 753
936636 830
259175 739
1447016 571
181095 554
1256978 831
652398 76
586864 306
955510 464
595066 242
235711 379
210044 527
1270634 524
1340542 417
947332 288
570502 378
508780 832
218253 833
390287 656
1004691 6
1406104 236
414873 671
177311 502
21665 84
1527323 229
775339 181
480430 457
75977 378
251064 326
1356992 7
156775 130
563403 325
1053558 485
13511 98
414922 793
939212 538
136399 6
513235 504
685271 98
1176799 369
1283296 615
849122 57
431338 430
14169323 718
185581 85
1021166 833
1111280 549
824562 47
1520883 414
717051 835
1258746 441
619774 75
390404 14
555222 747
947462 836
1152268 837
299906 622
1119502 838
423183 586
1291536 5
152849 329
709908 534
54550 654
914711 760
177432 69
529689 759
447773 786
1250590 389
570655 41
14169381 718
1094951 492
291719 275
218413 483
496949 439
1185079 522
335412 127
447802 64
186591 807
275773 359
955712 779
1176897 839
1381699 188
275781 832
1179420 725
316745 150
423242 638
123790 840
103766 573
603484 364
144735 841
300385 283
387302 84
901904 729
994213 747
324970 750
862439 75
472428 435
38253 679
398703 799
62832 838
811923 633
1343038 166
1480054 294
1095033 208
1324411 301
1233160 405
226687 377
1488257 181
677251 344
603526 78
488839 7
1054091 30
857485 842
210318 323
62872 125
169369 7
611745 796
120231 556
794183 6
253512 299
488889 843
972220 511
202173 844
636351 720
1242563 818
1013188 427
963489 75
1340875 845
953933 250
636371 6
5589 180
619990 580
295844 785
1352975 606
537295 332
1496944 655
398819 438
947684 846
873958 847
30186 381
1226223 430
169459 130
788734 795
1381882 848
808443 831
1299967 130
226816 381
62977 585
1046031 849
775697 154
488982 699
30231 850
13848 185
423452 630
1029661 851
366111 852
701984 82
546338 254
251429 718
46630 670
276008 197
1453660 853
325163 179
551176 824
1242674 767
128567 468
1472060 854
284224 855
890433 856
783939 658
1381956 353
1439301 514
529990 857
390727 430
521804 376
603725 75
964174 770
972371 229
333396 614
1275481 835
1439322 38
521819 471
497247 629
456294 657
79463 487
783977 858
947819 187
349806 703
243315 77
1062520 635
1169019 312
956029 371
1095295 298
183915 707
611975 144
349837 106
611983 859
1322369 117
1124632 578
677525 718
1406614 664
38560 550
661153 26
1537698 69
751267 605
276132 336
661158 860
857771 75
301345 782
1267375 647
104114 332
292532 821
1160885 608
1046860 212
849593 136
1185466 453
685756 827
128702 73
972118 73
734919 580
915147 861
693967 709
431824 714
471290 34
38620 825
794234 862
866018 494
22246 839
519573 7
1152745 425
38635 170
1201900 430
128749 805
1267439 753
1393619 747
161527 508
923384 6
988922 98
1234684 799
153347 696
939782 170
399114 285
481037 98
899373 59
1447703 631
218074 473
587559 410
1357608 371
595754 256
22325 88
874295 861
137017 140
1104967 244
1357627 863
1070908 709
839306 850
628542 273
63297 864
1362474 206
106124 548
792395 81
112461 695
816981 626
382809 64
1283930 488
636763 168
1226589 20
494481 742
503440 65
5990 565
964463 596
604016 865
1324918 600
96122 6
971754 482
415617 866
120708 867
1144712 868
128905 421
22414 775
153487 613
1382289 800
833426 869
759700 401
431086 870
538518 473
399684 220
284570 871
476097 700
464796 780
620445 818
47006 142
325537 451
120738 872
858019 164
1464230 873
522154 542
235437 733
251822 80
1079215 480
1120181 98
1169337 371
1374138 28
620477 102
1005505 749
1020918 441
165236 216
636875 74
79820 595
284622 314
587727 261
1128401 474
391126 867
554970 564
1234913 874
350182 6
22505 262
102055 290
14323 351
595960 593
1325052 28
342013 282
1554430 95
1554431 95
78848 768
88066 351
1243144 118
792585 315
546829 643
54275 851
22551 270
702488 212
595999 875
546850 78
1180678 662
718888 356
1013805 687
1120304 683
120884 775
1041417 876
342073 390
972859 769
521226 530
113684 857
292929 877
981064 102
563274 98
1529931 512
809036 581
38989 336
964688 425
1235028 3
645206 375
981081 867
1194074 878
1013859 251
170085 873
63594 773
1400509 852
1071219 731
776310 98
661623 879
227449 743
850046 732
827558 230
604294 584
1059180 582
522378 564
1083974 111
96398 39
1095825 425
1259668 237
546965 698
694423 7
1333400 776
328730 317
1513630 880
243871 618
538785 663
989353 219
1429192 555
866482 561
129203 881
555191 355
874681 882
1153214 569
972991 837
145600 883
167627 854
202948 419
669899 661
628945 79
71890 884
6357 52
506070 606
727256 885
1439965 98
1349854 505
1063135 128
114384 677
1431780 512
533542 886
424166 300
6375 603
1005800 887
47337 190
981231 865
276720 604
1304958 446
406570 673
276737 75
260354 16
1537067 166
760068 888
1173286 107
1374472 694
1227019 263
1464592 385
14610 80
6419 207
243989 607
88343 830
735516 880
629024 697
215985 634
907554 826
334117 481
1202475 498
719149 313
547118 889
180251 758
252296 37
882994 610
80181 768
186678 550
801377 217
973112 879
399673 235
104763 7
907583 332
1153346 295
784708 182
956747 874
1317196 7
1481037 781
448853 847
866651 890
55651 16
399724 30
50238 891
399736 466
571775 289
227715 802
637318 518
219528 64
219530 889
364269 52
498065 454
1128850 5
399769 500
612762 428
1014171 460
219549 56
1399198 540
80287 577
874759 182
1317282 892
113059 75
1464740 303
1030569 660
830023 882
727467 532
289181 893
924082 815
530867 894
1325493 299
1391030 751
932279 161
1388276 746
661946 840
88507 423
653758 549
1480610 528
1446987 895
413430 34
1031883 109
375239 754
612809 15
137674 663
667383 619
563619 689
17486 301
317911 380
1202652 435
481757 885
1366501 12
1333734 558
711147 63
211436 44
899567 264
145907 64
162294 162
1358327 695
861268 313
186875 718
1300990 391
743935 276
580100 731
113157 896
23053 864
637454 727
95321 481
612891 636
629276 285
563743 666
866849 897
801318 745
588333 306
889494 265
563759 367
834101 365
413449 834
1497656 97
596541 597
768574 854
137795 481
907847 898
1120843 201
735820 383
219725 461
449102 682
597774 481
1538647 492
442127 654
349310 447
727647 871
154209 631
1153634 899
887227 900
825959 723
1104488 839
224725 641
1537127 98
825790 629
195190 860
1202808 272
560916 237
604799 169
213305 803
423019 713
1260167 901
64139 316
121484 162
293518 250
694927 2
1448593 210
449172 1
1399445 481
47768 482
80540 309
227997 14
1112734 902
810335 895
621217 470
499483 88
1530532 638
1088166 465
1348591 609
236200 843
941852 214
236202 308
1129136 506
563889 394
874953 66
260794 162
375484 776
129736 516
260809 606
970530 208
1120974 172
817877 316
203485 829
432864 903
572130 405
514790 701
449256 423
572137 763
219882 310
1063662 745
318192 557
1072936 430
932594 737
498421 189
965368 634
834297 627
269064 117
400140 507
301840 728
301841 876
162578 387
465684 490
82611 808
351001 81
88859 547
1276700 820
711453 710
449315 16
31524 755
637733 295
744230 84
932648 644
1243612 303
777002 380
482092 649
1145649 471
908082 689
801588 682
269109 779
1235776 900
1317702 397
1030985 547
293707 328
195272 162
80431 849
981850 848
1506139 904
310108 636
557255 717
290619 349
236392 30
7018 80
87524 771
514927 784
719729 40
402579 162
15221 898
899958 129
1350519 884
301949 240
357444 6
1489794 802
701831 438
1522566 859
842634 602
719756 7
243284 0
809873 530
170898 499
80789 271
1104791 904
1120751 648
1039260 405
429893 94
1219488 545
1194913 905
946487 320
1481635 872
908196 896
719790 777
539571 620
662454 854
523192 809
687039 799
1498050 509
420342 853
302024 822
54767 672
870903 396
826316 599
146382 162
198277 270
457685 638
293369 8
143994 906
326631 368
72693 48
97270 98
777209 465
1293307 349
244732 330
678909 845
695202 890
709803 250
1367044 699
416782 491
441360 167
531473 907
867348 726
424983 181
1440793 636
498715 86
424988 887
72733 560
998432 761
769057 102
818212 472
252965 594
244774 870
50353 892
1440810 583
56363 704
1301551 748
15412 432
118622 878
1104951 427
498744 901
728124 758
39999 7
1326145 308
1104966 908
1252423 118
220233 883
588876 552
392269 533
1236048 553
922808 580
244818 525
990294 909
506972 910
285789 911
310367 381
1358946 689
1039464 798
1178735 272
72816 235
113778 162
687219 235
1186935 121
351352 846
1211513 912
433277 194
228484 6
564363 521
1213634 776
859280 279
449681 141
130194 35
580755 593
72852 130
48279 495
1457305 484
285853 0
507040 140
285859 317
711847 614
203950 624
1514671 306
1227952 6
212145 836
711859 774
236063 353
580796 154
849098 726
720063 623
1416385 733
122053 297
145911 866
146634 139
441547 913
7374 66
97489 7
343250 448
575289 28
154838 914
572632 651
949467 6
580831 828
212195 19
212196 204
998631 349
793832 706
892138 12
7404 493
761071 354
761072 259
365248 855
1021139 274
679159 113
228605 663
638207 897
343297 442
884881 899
564490 369
1283962 202
1334543 775
204049 438
539923 165
326933 875
187675 401
417052 67
877244 915
818469 95
138535 220
744747 392
802096 844
810293 345
458042 324
1070303 569
294209 816
1080648 544
351562 7
163500 916
671065 177
855696 858
294239 341
245090 570
632038 917
843110 15
515431 477
277865 694
1244524 89
471619 343
23923 277
736628 571
228727 133
1523070 6
253311 830
32133 863
408967 894
507275 668
297538 11
1179022 95
998800 861
1464899 766
23956 736
23957 154
1310104 816
638362 319
1359260 282
15773 601
335265 7
1490339 54
703909 866
810406 576
589226 669
1392043 702
302508 558
269742 479
1370696 602
1012979 211
974264 907
187833 173
376251 445
155069 869
208932 481
1269184 153
777667 412
802507 893
778145 531
294346 537
769484 817
196045 84
433614 475
763128 819
1162707 537
490967 39
785880 704
53156 764
736730 433
368093 245
474591 95
1218774 563
7650 645
147366 767
900583 427
965905 332
769518 667
802288 425
703986 360
253434 752
254216 913
826879 868
409089 912
597506 200
951553 918
417292 157
1277453 215
802321 229
89620 596
7704 130
97818 301
613920 734
1269284 421
1031730 788
392755 292
1383988 467
712245 541
499257 392
252511 306
1039934 438
32322 909
1007171 181
343623 764
237128 590
974410 914
794389 916
592482 460
622159 108
1301091 841
228950 64
753239 744
638552 502
1037583 145
278108 856
32351 500
1105504 387
474721 167
73314 31
417379 877
728678 390
458344 408
1343083 910
728684 372
589421 459
163440 738
654968 5
1007226 617
1060799 811
73342 792
1492245 181
458368 881
794243 221
464150 919
540297 419
753291 334
540300 911
983914 562
949907 411
147092 90
433819 334
1408674 895
155301 95
745127 920
728747 877
818860 862
302780 886
1097405 908
736971 551
7888 920
1269457 481
794324 398
806335 237
843478 431
932473 741
1038473 808
786139 815
573148 918
1261277 226
1253086 75
614120 294
818921 921
147180 674
851693 61
933615 335
1294065 783
581365 444
1171190 234
1285884 407
491263 149
769794 583
450307 608
202947 6
974598 654
581385 765
499466 160
237325 560
933646 282
570669 11
179984 868
1154834 560
121222 30
179993 537
712475 262
1163036 197
89885 175
442147 270
246588 735
319272 177
442156 60
483118 92
827184 489
270129 349
1023794 476
527863 308
368438 812
1469065 485
786232 78
48276 464
245582 790
630608 842
450386 373
1138515 915
925525 575
245593 905
689043 902
177466 31
89953 692
25915 888
327525 813
25917 762
360305 569
1157779 917
1068406 405
1269631 30
134589 30
1032068 903
343942 390
1154951 316
663433 162
1286028 331
597117 718
434064 467
83267 679
24469 415
700229 640
622489 814
8093 6
1261472 922
229281 229
1376166 322
1030842 676
221170 844
262064 83
368562 99
843699 897
139188 558
589750 382
630712 130
311226 922
999355 246
1105852 347
1097661 6
131006 919
24513 736
106486 583
180167 437
647115 614
827340 906
1097677 409
991185 823
253908 302
835541 535
65500 772
114653 0
753633 327
188391 504
663534 921
655346 7
606197 115
638966 75
507895 160
483321 442
