598017 0
860163 1
24581 2
1024001 3
1064974 4
1481755 5
1450001 6
131090 7
999447 9
122905 10
860187 11
5 12
1351712 13
1499169 14
1384489 15
1540138 16
662590 17
720941 18
1179694 19
737329 20
376884 21
172085 22
368694 23
1269821 24
1499198 23
827457 25
254021 26
548937 27
655434 28
557132 29
42338 30
327761 31
90198 32
240313 33
1030842 34
1392736 35
417891 36
254052 37
213096 38
254057 39
517479 40
1155180 41
1163282 42
344174 43
368754 41
721011 45
8308 46
712824 47
1507451 48
1081468 49
557181 50
204926 51
1097856 52
89204 1150
449277 190
1048709 53
721031 54
352393 55
295050 56
260239 57
745613 58
336014 59
802959 60
1417362 61
393363 62
794772 63
1261718 64
876696 65
1319065 66
811162 67
1515675 68
1540256 69
827558 41
1065128 70
1245356 71
843950 72
195272 73
1466547 74
1278132 75
606391 36
819387 78
590013 80
188606 81
409792 82
286913 83
243062 41
106697 85
1368269 86
917712 87
442577 70
41170 88
377043 89
8404 90
245977 91
925916 92
843997 75
966880 93
516322 94
1384676 95
581867 96
344300 97
8429 41
540910 41
205039 98
729330 99
155891 100
1089780 101
8437 102
1016055 103
1409272 104
360698 105
73979 106
377089 107
377091 108
1327368 70
1212681 109
295179 110
286989 111
1376529 4
827666 112
377107 113
950548 114
348206 115
385302 116
319768 22
254235 117
131356 118
303391 119
801499 36
1106212 51
1368357 120
123178 122
844075 123
159794 124
375517 125
794930 126
581942 127
188728 128
270652 129
258881 1008
364597 130
377155 41
385348 131
1483077 132
524614 133
999753 134
1179982 135
713044 136
786774 137
1425755 138
868700 139
1353105 141
1507688 142
82286 12
65904 73
704881 16
483390 143
1294711 144
295290 145
549243 146
1280746 148
418174 32
596271 179
139656 149
57739 150
1040784 151
254354 152
131476 153
811413 154
287126 155
431513 156
336280 157
975258 41
1425819 158
1294748 159
156061 32
1417631 44
1540513 160
639399 161
49576 162
124316 163
64242 164
934318 165
778673 166
606645 167
885177 168
679243 169
147901 30
1393087 170
1196485 171
1414561 172
729544 173
147915 149
909773 174
8654 175
1180115 70
1409492 176
470 177
112036 178
1491418 179
647645 180
33246 181
680418 182
1493755 183
180708 184
975334 185
1434087 186
41449 187
467434 155
353703 188
418286 189
213487 751
836080 191
14157225 134
1171963 192
680446 193
1008127 140
696832 194
903936 195
860679 197
344587 198
801998 199
369169 70
1344021 200
950808 146
172571 184
180764 201
1262109 202
459294 70
295456 203
1049125 204
58801 51
471132 74
311851 206
393775 207
1440583 735
1434166 208
705083 209
508477 210
1393215 36
1393218 211
1491524 107
98888 212
975433 173
557642 213
189003 214
1155662 215
1393231 14
1426000 216
377429 147
615001 7
311902 217
1294943 218
229985 0
942691 219
180837 220
934502 221
205415 39
705129 222
524907 223
819820 224
1409645 225
287345 226
803443 227
1319540 228
934519 41
967290 229
148093 219
926335 52
696960 155
500355 231
924438 232
131719 233
516744 185
66187 59
615054 234
589933 235
975504 236
975509 237
8854 41
189080 195
666 238
705179 75
1131168 70
795297 239
574115 240
746148 241
328357 242
293660 662
98988 243
1213101 244
778927 36
221874 224
82612 245
287418 246
492221 247
565950 248
274988 562
893632 250
33473 251
705218 201
967363 252
1114820 253
271047 254
1327824 255
344786 256
336597 233
189142 257
23332 258
164578 155
1351803 259
1229540 260
174886 261
1204966 262
525031 263
688872 264
90858 51
418539 120
1270508 265
164592 266
1000179 52
705268 267
41719 268
639743 270
926464 271
115462 75
951047 272
1327882 155
889543 273
197390 274
199469 275
1327890 276
164628 277
1434389 278
844568 279
1041178 280
1401627 42
156445 41
1032990 238
1073953 281
647970 88
82727 282
1237800 283
385833 284
901934 285
926511 286
434995 204
1057588 287
402229 41
148279 51
475962 91
246588 288
163978 18
148286 285
1205055 205
1478236 289
320322 290
123716 41
1352518 291
1316321 292
557900 293
1222115 294
50007 295
779097 296
1499994 297
213851 298
820062 299
865 300
1237858 301
238435 37
181095 302
833925 303
508780 304
361326 860
762737 306
385906 307
1516405 132
820087 308
1172350 309
41855 310
82816 311
1041282 259
296427 312
279428 170
656261 313
1049483 314
1262478 315
1200546 316
1164176 317
549777 318
1131410 32
476052 319
844694 320
824513 698
877465 321
451482 51
590749 322
117573 323
762785 324
28827 325
1164199 326
279467 223
820141 327
476079 328
377776 5
82867 329
9142 330
1477449 10
304628 331
279482 332
66491 333
254909 68
1262528 144
345025 334
41922 100
893894 335
569505 336
1197000 335
132043 337
861136 338
1508306 339
1328091 340
1181178 341
1180639 342
1360864 343
1254370 344
1262563 39
270502 345
1410023 346
91115 347
664558 348
435183 349
148466 350
459764 321
635049 351
246776 352
336892 353
959487 51
1401861 354
705542 355
99335 356
58377 357
705546 358
345100 359
328718 330
476176 360
2904 361
393390 362
156703 363
230433 364
779299 365
533545 366
967725 116
975922 367
1131572 154
162654 368
902199 369
279608 219
353339 264
998240 370
992322 371
711453 372
83013 32
9288 373
156746 374
255053 201
1049678 375
1410127 376
156758 377
599127 73
304216 378
197725 379
1459295 380
197730 381
1475683 382
197735 59
304233 383
246890 384
1098859 22
74860 385
1008751 386
1279090 387
1139831 388
451704 51
1434746 389
173182 390
1447695 391
517251 392
1418372 17
1197189 393
214151 394
689290 395
230539 260
402579 41
42133 155
877718 396
459927 397
877722 70
783898 398
803998 309
1442981 373
74921 399
9387 41
1533103 400
107696 140
238770 402
9395 403
1533109 280
99510 404
557257 405
1303736 406
869563 6
853180 52
214206 407
1066177 408
910530 0
181444 409
492741 51
1008839 203
1131720 385
9417 410
902346 194
443595 411
394444 8
218658 134
762061 412
742216 805
1221841 413
50394 414
140510 112
1434849 116
50402 415
1252 416
1410277 44
427249 418
673011 419
1172726 70
541944 95
1344761 420
1213691 421
99582 422
230660 153
1295621 423
367489 38
771338 424
1189132 425
34062 426
1352975 427
353552 428
353553 70
353554 36
1492245 322
647385 414
705820 264
443677 429
1525025 296
9512 238
804138 430
404359 431
763180 432
606429 433
124208 434
854920 435
1148215 436
61663 437
722238 438
982074 655
673089 439
66883 41
130162 440
91463 441
105356 442
401634 62
91470 443
992596 444
34133 445
394583 446
1279320 447
9561 448
1295706 449
591195 450
451933 40
525665 313
722274 451
345443 452
329063 453
833084 454
50538 418
1533291 455
304492 456
9581 457
984430 308
509295 13
187175 458
1099124 144
173433 459
632190 460
99711 461
1066369 462
509314 305
1538813 287
566849 463
615817 464
451981 240
935310 234
1295759 352
509329 465
1246611 309
796052 466
1017237 467
468379 66
681372 468
1010586 469
206241 470
681379 700
1287591 472
140713 473
14157226 474
935340 155
75185 208
402867 475
681396 476
476597 450
221428 366
1303995 44
738750 397
545013 477
26050 478
796099 479
1477 480
263623 481
34248 144
558539 482
15266 41
738769 483
42450 442
746965 66
427478 484
1467867 485
533980 486
943582 41
681443 487
1140196 488
280038 489
280039 91
116202 420
247275 490
333394 1031
992750 70
591343 470
845297 491
681460 16
476661 397
181451 1126
497606 492
787961 493
312826 494
247381 495
211761 452
1115661 41
1205774 54
50704 32
1164825 496
1510320 497
607778 498
91683 76
1418789 499
99882 393
329261 26
1271345 44
1115698 36
402995 496
9822 500
525879 501
1295928 502
1004512 1019
665147 503
1598 504
1402433 22
976455 325
1476170 73
1271374 505
172301 75
452177 506
722515 507
894549 508
1205847 451
263770 509
304734 510
58975 511
347206 512
1410658 512
1336931 249
1238638 377
468594 51
812661 513
1115768 514
728000 515
1222276 516
108166 117
403080 362
960138 517
951947 328
403085 518
796302 70
181907 519
419476 241
214679 277
1099416 520
1164953 521
206492 522
280224 523
1699 51
829093 36
960166 217
698025 524
1448658 829
890162 847
190126 75
640687 525
927408 203
386737 277
812723 526
460468 41
50873 527
706234 528
747197 123
1181374 529
1095285 530
263872 531
140993 532
362182 533
353993 114
83658 534
935628 369
755406 394
698063 535
976592 536
1148632 88
476890 52
172325 537
1054331 474
1258950 378
1328873 111
812781 538
173806 36
804593 102
50930 36
1124084 485
1361653 539
247545 331
837372 107
291114 541
943870 258
457685 542
657153 41
272135 543
878345 544
386827 380
673550 36
1246991 261
321296 144
280339 545
1320730 546
870176 498
886561 547
50978 548
1828 549
255781 550
345894 551
512465 687
83756 41
1417522 123
338909 553
1539038 554
1279799 555
132923 556
935562 407
149311 447
812864 312
935749 557
460614 558
460619 770
558925 559
100175 560
542545 291
1874 70
477011 561
42836 519
661134 240
1468247 562
67417 563
1148762 564
378716 565
509789 566
519141 144
542561 567
1091426 568
886627 569
321380 263
1124207 570
1410928 571
1107825 433
788341 572
75638 573
1525624 390
771732 377
1460093 91
83839 574
1042304 575
337793 143
42882 576
1116036 577
1138931 36
51080 366
141193 578
1148816 516
1206161 579
157586 233
1206163 579
788376 580
911259 581
886686 582
155973 194
935840 219
1320869 204
141222 39
313255 196
1272818 51
83886 22
853938 583
608179 51
788407 559
108472 430
429044 584
1034177 214
182211 585
174021 296
97995 352
108488 277
51148 366
1476558 107
591823 64
141265 586
468947 47
1460182 576
223191 587
763864 543
370649 588
755679 217
1438032 68
796643 589
763876 41
575463 590
116712 591
993257 592
755692 120
168647 363
51183 593
157680 594
321521 307
1353714 303
149492 362
903157 231
591862 517
1144405 924
1113566 213
1017849 70
75770 595
559099 596
468995 93
665605 597
257025 569
230786 274
51211 598
337932 599
26638 41
1484822 454
460823 51
1509400 481
1509401 600
1509402 601
542751 602
665633 41
1239076 464
932870 688
780327 96
1468456 28
652838 783
895025 603
821304 604
1304634 605
772155 606
1329214 5
559171 309
1108036 472
1234684 403
1206343 54
1143138 607
952401 608
2131 609
1026133 610
755799 111
51289 611
207887 51
280668 447
1017530 612
198750 613
288864 614
469090 539
1247331 615
583782 366
1476712 540
1468521 616
1132650 617
1050733 618
18109 317
1525882 287
1132667 619
518268 620
747645 39
739455 107
108674 621
1501315 41
18113 357
239753 608
149642 505
424983 322
528749 622
370838 204
1271966 623
487792 218
1276955 2
633002 379
764081 155
772276 279
559286 252
1116343 439
649407 624
501952 150
100546 625
469188 626
592070 461
501959 627
698569 444
1345740 628
1419470 629
313553 630
444110 631
698583 632
759503 633
231646 634
535589 227
805088 635
1091809 5
936164 636
133349 202
387302 41
62543 514
1296623 244
313584 70
1288435 346
829684 342
182517 637
731385 327
1272061 464
149761 638
737135 253
35076 392
149767 639
551176 640
862474 70
870667 641
84236 642
551181 643
346385 644
1378578 112
534806 81
1329433 645
1140442 646
821535 41
182561 451
571830 647
431836 648
551211 149
477485 864
837934 466
543023 649
196045 196
1313076 31
575797 12
1075512 580
1476922 650
813372 388
723269 652
1034566 245
938380 286
895311 653
171064 654
387410 214
493907 88
523322 575
207199 638
26976 70
600419 333
592231 356
649577 621
461165 41
43374 361
633199 656
1075571 388
1026420 657
993653 658
1107689 659
1018235 87
1501564 660
706941 661
944516 435
57750 144
485767 323
500637 662
436618 356
526733 80
297359 664
330131 467
1288596 548
366318 665
1517979 666
231836 667
1204634 668
1517985 669
879013 48
190887 670
1124776 36
690601 671
2474 432
723371 672
829868 529
256430 673
649653 674
125366 37
7241 571
27067 428
567744 675
1477057 194
739778 544
985544 41
10697 88
125386 347
161527 392
281036 676
266658 677
453072 575
469459 51
149973 678
1320697 679
593113 816
2523 479
27100 678
10724 680
371173 72
625745 561
1165801 37
1526253 545
1046269 40
330228 681
198398 215
412154 338
18940 165
805373 682
158206 523
797185 139
820993 683
920073 684
38275 685
346639 686
862738 145
1169155 687
864686 270
84502 180
7451 688
707100 623
264734 252
911904 41
109089 36
404002 689
1411621 690
289320 691
1320711 637
1042988 692
387629 252
738271 635
813619 253
805428 41
158263 108
27193 693
1195420 694
231995 695
657980 666
1106357 696
354880 697
764481 698
1288770 415
1198659 302
473365 699
790966 350
1321542 329
256583 307
469576 700
630741 652
1518157 701
481037 41
731730 702
765027 24
895574 183
412250 262
854619 704
1509981 705
379487 196
371163 706
133733 707
551526 708
1470908 163
936555 41
313968 79
109172 709
281205 145
1190520 710
1129136 284
273024 43
699009 711
305794 712
687211 144
104214 217
256646 155
367508 12
461450 281
535181 292
486033 77
363154 713
354965 714
977561 579
1178735 99
191132 358
1256101 716
379561 717
867442 718
338606 613
527025 719
674482 259
297651 720
1084086 721
477879 722
1534649 464
305850 723
912061 239
1346238 290
502466 724
10948 539
510663 256
1116872 75
1201426 725
314487 412
1190605 135
920270 726
191192 727
35554 541
362278 509
543462 611
740071 728
1010410 33
584430 673
715503 729
46888 318
740082 585
101110 436
535287 520
1149690 497
559867 730
592640 731
176584 67
430550 156
1452806 24
355079 41
1428237 672
1280782 379
1231631 73
805651 732
1248020 733
1067797 269
109334 138
969498 734
813851 735
1163738 157
568094 228
936735 417
527136 737
617250 13
183075 738
1002278 332
641831 65
1108777 252
928554 441
1059629 672
133245 209
191279 9
789297 365
117557 739
76598 31
252965 171
84798 41
1264452 155
961349 740
133959 212
1248073 70
387917 741
666446 272
404303 36
125776 31
1117009 732
1239890 315
125780 742
125781 392
863064 136
101209 184
412506 86
592733 743
314208 703
289635 340
369126 491
887654 744
1370983 5
1452904 442
191337 349
191338 745
510827 746
1362796 747
322416 51
1444721 91
854908 103
262634 748
756609 41
846722 385
420740 51
1215366 367
822151 154
838536 655
215946 362
1330061 629
854928 749
19345 750
27539 366
609172 192
248726 501
592794 252
1182619 471
1240218 41
1141665 355
166819 36
149318 640
1051559 253
1149869 657
986030 533
461743 752
363440 753
215985 754
314291 155
797621 62
330678 626
535481 755
658365 556
804683 253
863172 756
650184 758
535500 759
412623 362
379860 37
723927 619
355289 760
125917 726
838622 394
388063 276
314336 761
355297 86
1387490 175
461797 752
502759 763
774653 446
1010674 632
568308 330
776020 645
1436668 530
699392 764
1469441 765
986115 197
68612 766
1043462 481
1084427 50
166927 68
551956 767
568341 768
730969 71
1068056 644
511002 631
969755 769
330784 770
543781 36
314407 752
1075036 552
379949 91
330798 771
1525597 772
543792 400
1092659 773
199734 774
93244 271
277685 641
14134876 775
339009 553
945220 633
486470 776
1009505 777
427282 778
306251 779
437329 179
11350 118
543837 48
1223778 781
183395 782
1297509 751
1109095 784
1371240 785
97489 5
1118514 334
1420397 786
1371246 787
666735 122
937074 788
453747 789
781431 790
593017 366
650369 791
1330307 792
1120751 587
1494150 793
1428621 794
609422 795
183439 288
117906 796
1191060 797
355477 383
289943 575
462020 199
101530 798
60573 610
412833 550
248994 36
634019 799
158884 459
322725 256
44199 800
249002 801
642219 802
117932 411
273581 169
281774 330
117935 803
650417 570
1477810 88
470197 804
347322 687
951301 116
89290 805
1273025 687
158916 453
298181 399
437446 806
830668 460
1141963 432
27852 336
847055 623
138446 70
436089 5
1051864 807
306393 938
683226 13
1101019 384
93404 324
142557 808
953568 419
986340 586
470245 71
806119 105
445672 713
814314 329
257259 792
658672 809
503028 810
167158 811
249079 812
306428 813
552192 41
993152 436
249092 47
1305864 797
224521 70
1084683 571
1428748 814
373293 123
961809 815
1314066 380
44249 37
339224 817
1066884 553
66095 818
404764 70
847137 819
1084706 820
531675 821
888102 360
781608 41
164502 422
642347 55
208093 718
970032 822
1131887 823
372021 195
1191224 824
773433 825
281915 826
1346877 529
273727 155
101698 136
585033 827
863562 483
1494347 797
617805 745
1502542 828
60754 829
52564 75
77141 70
470359 41
240987 36
306525 652
60767 712
1101153 830
172603 705
1174884 170
101733 831
1011046 87
1142122 64
773485 360
410173 832
175477 36
765306 833
724348 834
1461629 552
740734 835
159103 836
441477 271
609668 837
658821 671
265608 200
7404 898
331150 688
1502607 838
1068432 839
739224 226
52627 425
1183124 443
609685 53
1292185 689
442948 840
413084 841
1156441 842
1281441 452
847269 465
1404326 843
1297836 2
233578 844
715625 180
478641 845
863666 846
847285 375
331191 180
1183160 847
306617 824
134589 790
642495 848
347584 849
585156 850
699845 32
814535 728
44489 851
241098 669
449663 151
495052 452
429518 226
1166800 852
191954 351
1363412 391
503253 853
890788 854
853925 334
1117664 329
888291 855
78417 856
56572 708
1445354 857
945643 295
160338 858
912878 101
355823 366
1494512 52
191986 61
323059 693
847351 16
1125880 415
1035771 577
77309 859
404991 573
560384 166
448427 24
495108 198
413190 176
151051 3
838770 860
108461 610
1256978 70
1158678 70
1237593 538
175640 215
388634 36
642587 219
716316 368
1494557 762
445985 458
1224228 861
839205 75
1461798 325
1338919 550
28201 604
1282744 358
1388076 629
36397 862
798255 150
1535240 776
740914 863
1076787 864
576777 48
1052219 8
224828 531
683583 841
1306182 350
1502791 509
1199690 865
192075 843
20044 41
806477 866
257614 397
1044049 414
14134870 867
485305 628
659032 345
14134873 710
14134874 868
14134875 775
233052 571
14134877 507
14134878 507
14134879 731
487014 91
282218 869
54952 783
609902 870
568944 144
224881 626
290420 871
175733 872
454263 515
1339003 417
790141 563
1339007 36
1521600 436
69252 371
1339013 127
167558 149
142985 457
716055 873
437900 70
1052301 874
945808 330
274065 58
1137900 564
1003158 454
52888 558
1527450 443
396955 573
1330850 703
630043 875
194073 575
874438 681
634534 12
1257127 363
102056 638
3754 876
1093291 242
353385 330
855729 877
1044147 593
61109 60
1265335 167
921274 878
151229 749
1301792 879
134852 710
970438 180
1371847 413
700106 579
880331 880
1178547 808
1412820 582
1281750 123
167641 580
1511131 41
200412 881
1213050 252
192222 550
192224 762
1027809 882
724706 783
224996 883
945893 884
331496 885
667369 372
831210 421
544493 886
757487 887
503080 732
1273586 888
429811 602
413430 49
888567 559
672539 70
249597 796
397055 357
1421056 132
1134338 128
806659 889
151300 890
200456 443
790285 892
14157237 124
937745 227
1121810 774
1068819 246
560919 209
683803 628
28445 882
470814 70
998704 809
831266 403
339748 754
339750 893
216873 743
975495 843
392936 648
986926 41
549512 322
372535 36
1322808 894
1421113 895
290619 144
356159 896
28480 259
115339 744
74054 461
552775 230
1126216 897
773963 144
1331022 898
216918 899
929624 480
1476580 283
1147535 75
1429340 900
610143 449
94049 901
462691 188
487269 70
421734 902
585576 903
782188 75
921455 782
315255 32
429946 563
1077115 309
954236 411
429950 224
1167232 904
765825 605
405378 667
803311 905
757637 857
94086 41
1372042 907
282507 70
1368728 41
954260 491
482685 908
724888 909
909978 821
648537 36
51184 910
683938 3
287387 911
4007 789
536489 912
970666 37
724916 913
627358 595
724918 726
1388472 914
1525261 671
421822 757
495551 155
1060171 915
1159116 30
815055 916
432120 523
364498 41
500387 917
1118165 627
462808 70
1069017 918
487388 919
757726 920
228727 160
449681 379
356334 798
577520 363
745127 889
299003 3
1421313 39
103083 529
495620 921
1110021 846
520199 922
1044489 614
503818 923
659467 924
167948 925
823312 755
757778 926
864275 248
864277 927
200729 594
65605 802
217122 776
626730 752
100359 287
798765 60
28718 928
626013 366
810950 51
1511474 647
94260 929
512053 930
249910 107
823355 741
1191996 510
528447 554
1292582 931
831556 385
454725 311
1511494 932
452620 70
397388 92
487501 44
381009 933
471122 44
290900 82
200790 695
351588 934
217178 935
1052764 891
787130 936
438370 145
954468 937
274537 839
225386 576
1005586 732
782447 779
1085552 563
496877 138
430196 51
975550 72
544886 732
643907 1018
790654 252
643201 175
184450 476
1355907 730
536711 142
1462408 107
471178 938
778946 939
979086 159
282767 940
1208464 300
1058840 463
340301 735
659611 661
1413276 752
1061022 41
118945 688
626850 941
467691 70
454825 374
1011882 358
1254087 942
176301 242
1413295 41
716977 284
348340 377
553141 520
1241270 345
1437879 615
800799 481
1020093 943
904565 944
45251 36
626887 408
82796 63
1038774 50
1405137 946
315603 88
1142997 83
1159384 947
1306841 872
537295 51
381151 779
1134816 36
1134817 250
880868 629
397544 948
53481 166
61674 909
1470700 489
1023357 585
28915 83
1085684 834
1495285 386
159990 750
127700 326
471290 49
717051 949
659714 950
1036547 44
361174 1
839943 941
250120 176
405770 823
659726 628
235565 98
725264 951
299282 952
258325 6
53526 953
1487127 232
176408 955
266523 832
323869 766
1167648 956
921890 957
12586 483
1339692 278
201005 223
4402 543
908389 249
708916 549
438581 958
454967 615
800820 653
876870 737
1429830 44
471367 70
1241416 959
1126733 70
1143119 550
839772 205
1118545 960
471378 266
1093977 961
471389 36
591800 377
53602 835
320230 282
29031 684
119146 962
643815 853
299373 414
831856 33
446835 782
26686 143
291191 963
1330580 964
684410 716
332155 601
598762 599
331157 97
584326 256
1143170 400
512387 128
135556 83
954759 255
340364 51
71746 258
1012114 965
1290648 695
619247 155
864671 51
184738 750
1266084 757
684455 310
684456 490
12713 27
848298 966
635307 907
12718 822
676271 711
602544 598
225469 967
1085874 177
422325 742
201142 732
913847 381
348604 236
596042 122
643518 968
684485 890
1290695 235
1454536 778
823757 611
627151 373
971217 969
61907 970
1028564 971
365014 329
397784 57
1323481 342
78302 972
111076 973
807407 932
365041 955
721117 974
578036 575
537077 70
470430 972
504311 975
184825 516
831994 976
12797 144
840194 134
709125 510
21249 364
365069 920
1528335 778
201232 804
979475 301
29204 36
225815 778
193052 646
225821 443
1217058 977
25350 781
1405478 143
321628 670
954924 201
29229 483
340530 978
53815 816
62011 414
471613 180
447040 70
67680 979
17068 980
1528388 674
193093 227
21063 307
1290825 637
1086026 894
421332 723
88162 670
651854 17
430673 838
750162 707
340566 736
1405527 819
1266265 39
1454682 116
545371 981
856668 207
807521 466
1179917 70
1389164 982
1217298 983
21102 41
799343 577
275057 312
840467 845
234102 893
1503867 984
1036924 437
1307263 73
725632 985
889475 986
807556 987
1151629 388
160399 592
283282 634
234133 70
291478 988
635546 956
422682 41
348830 591
1371589 637
1205019 824
1413796 374
873128 126
103082 155
922283 239
70317 12
217777 778
94898 51
307892 791
798 478
1247321 924
101833 955
357048 193
848570 116
1176251 526
750269 989
905918 570
389824 990
389828 64
1004229 877
651975 576
1516911 991
1361072 401
406222 992
381647 51
340690 71
832212 993
1307351 994
368286 217
1307429 815
798160 329
1053410 669
4837 995
938727 7
971497 282
1315562 740
1295143 996
758508 271
594671 997
78579 998
1299192 24
1463033 345
242427 648
570109 999
21248 487
62209 70
865026 1001
373507 56
630230 1002
717575 915
176906 945
570124 1003
111373 849
881426 362
1471251 649
525102 578
660246 389
676634 1004
832284 995
545568 139
848675 1005
209701 947
340774 675
71010 398
1233707 900
739432 674
529201 786
201524 1006
594741 36
348982 935
693051 1007
1454908 843
4927 933
586561 1016
70467 732
1163036 1009
881480 583
496458 147
697143 1010
619342 1011
635727 51
37712 1012
1191133 1013
586580 857
758615 144
889690 676
649359 46
258909 419
1270100 167
447330 507
4923 970
742245 871
1446759 874
1454952 916
492348 912
482445 709
160625 186
1405810 829
738588 894
1250168 221
906108 168
24042 0
513261 617
848768 1015
537409 783
723040 1017
439185 974
1201043 75
234388 187
1037206 191
119703 580
717725 1019
439200 69
963489 63
918342 32
357286 1020
220657 120
955306 474
586667 1022
144303 88
1315656 892
42449 38
1037235 1023
955317 547
545723 1024
308160 548
938949 88
488393 494
504779 68
644045 842
881615 622
226256 1025
1348561 462
463826 1026
291795 967
660439 589
218074 511
1405915 896
1062657 1027
816095 1028
1061856 439
922448 370
711859 737
267240 240
1094635 830
349010 1017
119790 1029
349172 233
545782 975
675327 660
709629 574
1283070 246
1463295 312
1463296 219
1512449 720
445897 320
54275 1030
414726 543
177160 1000
349194 1028
1332235 925
840716 307
480269 155
1217555 697
832534 134
979991 717
767001 254
857114 194
791581 948
775202 465
562213 143
873512 521
1119278 176
1283119 346
676915 144
95289 185
988219 410
5180 32
62525 86
70718 144
660546 1031
788662 1032
701513 890
1209418 147
1008482 479
824399 77
1315922 75
267347 686
1069335 954
1209430 920
340333 575
324696 255
95321 718
1365083 1033
1070173 906
922718 579
816223 753
1072777 1034
234597 663
1537127 41
1471592 659
750698 1022
267111 1035
1105426 651
1365104 17
693362 885
513139 43
46197 535
955510 586
1004665 1036
1013951 36
1037440 1037
693377 259
519573 416
971910 176
1423553 846
87176 182
1123180 1038
668811 147
218253 735
603278 1039
1438864 981
1234065 7
1004691 36
1488020 720
783734 84
734360 61
685212 282
963742 1040
234655 1041
300192 1042
536091 273
169125 908
426865 1043
1234090 1044
1365166 690
332977 41
955572 41
75977 450
251064 426
925215 764
480449 254
816322 747
1431755 1045
709828 854
742597 223
1045702 1037
13511 996
21704 568
333002 330
791757 468
136399 312
55137 100
482851 706
1414359 377
988381 754
1283296 173
1050833 953
1504489 29
1373418 177
1504493 41
108473 109
287601 839
263038 51
832759 788
619774 31
735445 1046
759040 886
382210 820
1160451 19
390404 570
890118 623
1021191 151
435540 1007
1035820 567
1362135 653
832782 396
103695 288
701714 510
1168659 950
709908 41
177432 94
742681 1048
654895 24
382236 1049
447773 1050
570655 459
5409 1051
398629 1052
1373481 404
767275 652
742700 89
111922 663
30003 1053
1078585 1054
447802 91
243003 139
513341 717
1176897 481
349506 194
677187 702
456004 649
873797 684
472390 500
1330115 83
423242 793
314935 395
66020 834
1373521 552
1332562 254
184037 941
783702 654
736825 973
120155 826
603484 482
144735 891
1103201 143
398690 204
220731 210
54629 1042
1439081 965
472426 155
152939 36
676755 144
46452 1055
210293 795
21878 51
1406328 923
497017 812
105477 599
1161450 271
720061 379
234883 215
120196 1056
975766 45
718215 462
603529 901
130560 1057
1054091 817
251276 187
835139 59
1430932 971
112878 921
62872 607
169369 41
284062 1058
1124592 1059
800164 199
172583 70
841131 278
333231 952
390576 885
698611 243
25354 631
851836 1060
636351 230
644000 229
144838 253
606581 366
742857 675
1340875 348
1316300 51
652749 837
253517 1061
988624 513
423378 1062
1045972 1063
914903 1064
1201626 17
1398235 406
79327 1043
701921 87
458461 337
398819 951
1291748 253
854932 949
136679 120
112892 762
570860 1055
1340910 154
179371 1065
281397 803
370353 725
1372556 938
808443 70
325118 143
1308160 903
62977 1044
742917 1066
14134871 867
701965 756
661007 982
775697 332
259603 36
226836 782
1234453 981
536153 801
46616 1067
808473 851
284186 1068
1480220 9
1029661 1030
218656 604
1524656 51
546338 752
79395 1069
754931 475
46630 1004
1422257 534
71208 41
30249 1070
87595 462
153132 130
611889 150
151134 901
128567 41
276024 116
13884 225
1435914 1071
112192 75
529990 510
46667 70
431694 257
272653 1020
87632 37
603585 684
1496660 1072
1463893 44
172985 1073
317016 1074
1275481 949
857690 545
17376 719
357990 506
431721 1063
349806 688
1480303 644
398960 758
136817 68
1226355 479
792181 180
931448 121
79481 924
734842 519
980603 549
614225 1075
1095295 493
844736 75
368235 51
939652 247
980618 543
415371 139
824973 63
423566 162
972431 751
669329 410
480914 1076
1455765 242
530077 401
1226398 650
46751 1077
661153 70
1537698 94
276132 438
644775 626
382632 52
308907 216
538286 501
415407 677
759473 897
849586 1078
629029 1024
980301 180
1323977 91
1070778 1067
1226430 1039
702147 1072
628425 8
1201867 106
825037 581
964303 161
431824 1079
1351288 773
1234642 376
554707 1080
980694 215
55004 1081
1308381 1082
817445 206
725968 581
203046 939
685800 840
991214 923
38635 545
1005293 883
1398510 414
145135 362
104179 1083
1374472 51
1447671 596
923384 36
3711 1084
1062652 1003
1160957 167
784129 235
546563 589
1332997 1085
939782 75
595719 920
1382152 1086
128777 575
5079 696
136973 252
633133 409
481040 41
259858 1023
554774 275
874265 1087
513818 667
1521435 125
56390 986
792353 1088
414683 665
556678 769
464678 1089
587559 1063
988968 36
30506 595
1529644 104
792372 1090
1505079 247
1283898 8
246751 144
466570 536
628542 353
993589 338
63296 999
63297 1091
519819 506
644933 210
415558 814
800583 739
1455946 1064
1333071 315
1016803 1015
38740 1088
137045 227
382809 91
79709 1092
828094 1009
357928 769
155591 1089
1341287 88
612202 275
309100 1093
388439 976
96122 36
948097 1094
685954 1054
1322646 125
1144712 70
366474 1095
563083 492
1382289 892
833426 1096
915779 1097
14228 1098
127982 713
1307102 364
14233 371
1218459 60
63389 75
47006 185
685983 989
325537 39
120738 1099
1013667 850
505764 875
333739 288
808879 128
112562 70
1120181 41
1243065 868
833466 734
276412 445
948160 927
1020918 559
1390534 1100
497611 518
79820 1094
178125 455
292814 827
112973 644
847523 683
612310 768
1095641 606
1349595 887
245413 41
112608 721
636899 225
350182 36
776529 208
102055 375
1398765 227
1342021 546
530418 612
335181 674
223613 960
595960 692
175786 396
602046 784
120831 778
1546241 567
118865 70
223068 347
923660 603
963586 440
956430 41
383320 13
841746 765
947203 559
743445 1067
194584 707
489500 896
645466 859
948255 726
1072816 527
809307 597
799750 732
948263 16
227372 281
1013805 73
989231 766
1497137 742
71732 745
892416 41
833592 648
186428 1101
104509 790
1375729 1021
137281 116
1423426 782
710724 1058
202821 304
849992 922
63562 122
809036 733
841810 377
1235028 42
645206 312
1251416 51
55385 931
603473 1010
940126 36
718946 1102
138939 1103
235621 32
473193 678
63594 488
280935 623
637037 304
628847 1104
88177 166
1489016 309
391289 1023
817274 625
850046 914
1456258 366
1054854 623
727404 448
621981 1105
874639 212
997521 1106
145554 1049
522387 1071
546965 456
986591 1107
398361 575
1300632 1081
1026415 484
13338 231
1513630 1108
243871 584
538785 835
489636 1108
1349797 132
440487 254
1529429 21
1145010 942
121012 40
833717 330
1128630 1050
530620 1108
1013949 1070
743614 820
506047 1109
907456 691
96449 424
874690 354
802507 1110
202948 1111
104645 869
506058 878
399563 737
899279 672
628945 1036
489682 360
751827 1072
1071317 71
701477 990
448739 36
424166 51
71911 682
1226986 855
563438 721
649597 118
1528737 173
497907 20
776438 330
252155 866
1063164 41
751869 965
1497346 377
50405 417
751879 158
981256 674
1112331 545
596236 75
891149 60
211220 1109
365614 611
1292569 330
678171 51
932124 1003
325917 1112
792863 196
963777 563
425482 383
786139 1113
555301 652
506150 1054
88362 539
1202475 630
899373 85
80175 545
629041 377
626398 491
55606 456
63881 1114
1481017 1115
530747 180
792893 1005
1014078 1116
194880 688
334145 967
1407299 942
1095437 1117
604486 51
230171 1077
31052 760
891213 983
571728 551
14673 982
781192 556
964952 643
129370 790
866651 70
768348 694
1259871 514
14688 1052
145763 189
268645 415
989543 923
350568 242
1161577 1019
399724 848
1102909 980
614120 382
645523 1057
1104244 1092
1481079 130
686458 338
792956 1106
768382 956
1251711 652
874882 147
301445 287
219528 91
457097 904
1128850 557
80275 888
399766 684
285082 1060
604571 314
653724 34
784794 877
39328 895
1317282 873
113059 41
1464740 392
1329686 1012
1445617 780
162218 675
585458 280
218172 1118
252336 1026
768920 1141
96608 806
1391030 306
1481145 658
447037 70
793023 593
506231 863
178628 736
88521 1119
137674 835
1276363 724
14799 724
883152 1085
228539 1120
481751 196
711128 1121
711076 565
74831 41
621020 0
1513951 41
924129 1122
481764 1123
784871 510
1440234 629
645611 206
765103 1069
899567 902
1391091 589
162294 1123
377930 911
147199 1074
47615 44
1361679 160
13588 128
145600 70
260620 787
23053 1091
23055 1096
801297 767
1063442 732
830845 164
14088729 560
14088730 560
465442 1112
506403 48
186916 141
1153575 120
1047084 1068
866862 503
563759 484
844410 1124
1112629 220
670263 41
1497656 123
1391162 991
350782 810
96832 170
137795 1075
260677 710
1035979 837
1407559 521
516874 309
1161803 699
1161804 1050
1210957 116
1350224 1041
535969 348
636353 298
197731 763
113237 920
293462 727
1137240 121
39513 994
596570 504
834139 962
440925 1125
685157 268
154209 777
1153634 308
735843 992
6757 1065
1445649 464
95426 387
645740 1126
6766 738
1356904 297
219762 618
570068 120
965237 1127
72310 332
290466 237
1202808 99
932473 626
1374842 439
367228 879
342661 737
1260167 656
47752 1080
6793 711
514699 1128
14989 12
662166 1129
998039 1114
80540 41
1489566 1130
1276577 410
216859 1079
1530532 542
1366693 119
621222 343
424615 70
88745 1131
1333930 457
580267 35
228013 715
211630 695
686768 388
1149384 722
129715 508
260794 41
842428 366
358664 663
580709 339
316534 316
1080008 672
260809 427
826058 910
63241 419
621262 137
457426 1047
703189 499
1350358 714
719578 861
1358555 224
137949 616
47838 104
474917 947
92191 482
547556 70
490213 573
514790 469
1170153 181
1063662 891
672228 379
1145586 704
1280467 222
957969 796
965368 754
465660 592
703229 1148
482046 266
940802 771
569131 928
146181 1132
1424134 926
1420336 41
269064 1133
1249847 837
129802 152
678667 402
1473294 759
441105 732
285459 459
555796 1014
48942 1134
1514262 528
416364 120
531229 1086
334624 635
244513 511
313819 1135
31524 1136
744230 41
736039 1095
1202652 555
1373319 1011
1342254 110
129840 1032
457521 223
301877 680
97078 664
727869 1001
793408 143
973634 300
1522499 818
907507 139
244555 1048
834384 445
375637 1137
80431 1101
105310 1138
39776 772
752481 127
645986 235
1383267 698
850790 984
703335 1035
80745 836
310123 548
56181 70
1397426 881
596857 1132
203642 128
301949 1139
220030 1140
1506175 1130
809857 703
1221209 508
310153 62
1022858 91
392076 901
570104 88
243284 837
39825 144
367506 83
1342356 1027
80789 350
449432 884
457625 600
211096 969
834459 1142
654240 1062
946487 1014
31651 468
908196 155
1514409 36
875435 407
302000 1143
605105 24
973746 1097
539571 41
300190 120
138167 522
992969 1143
1514429 825
490432 993
211905 254
547733 161
569163 474
228293 1144
179143 1137
244681 919
1014730 879
269262 1064
228306 36
97237 70
490454 1125
367575 68
908254 862
1148069 176
1481696 12
261093 606
662502 685
351207 1000
76284 148
39914 400
318443 1140
564204 1008
1518078 609
416420 172
392183 1122
1465336 1090
891897 366
245197 572
1014171 833
398501 211
347990 935
432599 917
920065 799
1448968 73
310283 1110
1014798 761
113684 510
341166 471
277527 961
498715 683
105500 1093
269345 502
924708 1145
318501 1045
793642 701
916524 921
1301551 940
1350705 1146
523314 63
582835 1129
990260 1082
1449014 1147
7223 267
80952 518
477196 557
801850 419
1186878 950
130117 183
1104966 43
605256 415
220233 70
105546 652
56399 1066
384080 405
1539153 44
244818 899
1137748 70
1309781 548
679003 468
506972 959
195680 878
1358946 1119
1438624 960
1154148 344
1178725 1029
39441 1148
159547 173
22934 190
144544 651
982125 431
187503 59
72816 293
113778 1149
13057 1000
541900 41
818295 724
154744 470
1211513 1151
480067 1141
564348 945
1268862 1152
40063 844
228481 840
860011 669
228484 70
1432709 84
703623 1037
496834 596
302224 19
883749 727
580755 692
48276 586
1002992 415
1424535 143
561007 684
285853 509
1391774 1133
285859 494
179735 68
1460764 52
244906 22
629931 138
1260717 1153
1170606 11
1367215 934
539827 563
838174 1154
888970 963
130235 473
105660 979
220349 62
179391 1056
813600 1155
252296 41
1170482 950
154820 748
212165 1117
851145 70
146634 70
761035 1156
572622 957
597200 377
662737 762
1350519 802
154838 1157
441560 779
212185 1087
138458 51
138459 127
548061 330
572639 474
138464 147
81122 541
212195 28
982244 876
1481958 254
829765 746
515305 778
1427990 124
408812 277
761070 1013
908533 752
1146103 41
523516 679
228605 75
529353 36
1244418 1131
449797 115
1231404 620
449802 918
685271 996
236812 856
515341 711
1015056 811
1383699 1102
56598 95
138519 1158
269595 107
503685 906
916768 858
154914 248
597283 1002
1039652 71
818469 1025
703784 41
1097002 51
744747 76
30110 668
613678 609
521437 1019
1318017 414
810293 446
1342775 1058
379444 259
64826 1040
113980 1136
392509 1116
113985 4
1117687 55
1318218 692
535095 575
1352930 943
318801 457
343380 985
236885 385
1081287 1118
318810 486
56668 1021
1023326 681
810335 1159
1424738 1117
949604 1127
1015142 359
228711 645
638319 978
1161783 523
64082 778
154998 983
703863 403
125503 747
318844 529
269693 545
1523070 36
949631 607
1298541 973
1179542 1004
994271 1083
436801 1113
1113480 936
759951 929
1179022 975
185581 111
286096 120
1383825 765
220564 524
261528 1138
531866 24
548252 1160
73117 36
56734 1124
1539487 1158
269728 540
335265 277
481862 70
572842 576
1392043 113
261550 1155
309861 204
736691 1103
1449398 543
753081 1074
581053 121
1120843 977
192838 319
581061 506
810438 41
772893 736
1268300 347
274338 1134
89550 588
892367 17
458193 174
212436 99
146902 495
322127 225
30806 904
942781 1146
1088994 537
786342 1018
384486 944
138729 989
794090 194
31314 956
1354893 294
753137 41
65010 1073
400884 782
654841 116
589421 133
425468 930
826879 70
105984 166
409089 1151
499202 905
138758 33
130569 710
368138 402
359947 988
350236 876
605713 41
24082 143
1392148 818
736791 61
450073 41
97818 783
763128 1016
785948 178
133722 122
1334815 472
1056288 78
384546 548
359971 280
1334822 1004
351787 946
597550 224
1195567 968
719756 277
491058 1149
769587 715
1285684 116
282860 282
1056311 1038
499257 1115
391775 540
89661 107
1039934 951
409154 1160
1007171 322
310853 1061
7750 1153
794183 312
1089096 131
974410 1157
88674 70
1080911 1144
1023569 729
867925 1100
228950 91
1463302 213
982617 1142
204378 942
32351 813
73314 41
1441369 964
163383 377
604775 762
728684 106
677138 1047
171630 807
56943 15
1436406 1105
1104488 481
1269362 415
835189 1129
654968 557
1506937 155
327326 1078
1236607 785
1064582 958
269959 861
540297 1111
499338 1161
106124 180
958095 749
147092 514
64110 434
1463848 1046
433819 75
196252 490
1539742 628
379504 51
1408674 1159
163493 70
6769 1033
800028 636
351915 590
220844 745
1064621 1020
1384111 444
409264 828
270001 869
271953 794
204473 639
1261243 946
835261 12
1001101 1162
1097412 143
859848 611
736971 1145
1327053 997
7888 90
731768 1006
958162 525
794324 1121
275773 1152
253654 258
1195739 1163
1261277 283
1122014 25
122415 217
1457893 269
540392 545
147180 465
1064689 305
41181 88
786165 1053
81656 341
204539 1147
16341 884
122625 289
458499 373
999174 330
1354369 749
24329 576
188171 937
663309 629
135843 299
179984 70
556817 247
868115 385
648396 1051
121653 880
1212182 395
1269527 143
106264 76
1179420 1164
302877 371
1333893 1135
235131 603
395910 429
679719 1098
614186 831
958251 1154
827180 954
7981 545
360238 51
270129 144
683998 870
524086 44
1023802 161
212798 642
433983 545
1113922 1055
289143 1163
876356 1162
1335110 995
32182 129
1400651 423
507724 800
32590 374
1204047 359
692316 71
139089 1120
679765 1128
48983 588
761688 598
606041 102
177466 41
46913 63
89953 290
1072995 1076
1515364 248
171879 515
1277800 475
431264 79
376686 1161
368495 16
581488 646
155516 51
180202 624
696191 1059
311171 223
663433 41
494790 128
243010 966
606095 251
720784 43
393106 436
1130389 456
17905 595
409497 973
1507231 1107
229280 505
1195938 1104
728995 159
1163173 852
848896 147
270249 456
24490 846
630699 162
1367980 918
303023 856
563161 998
1228723 477
343989 403
8119 41
90040 532
843441 865
950202 379
106427 913
270268 457
958397 457
343999 987
106433 195
319429 1112
581574 155
1277895 1164
1220427 41
24525 265
253903 830
90066 904
894286 780
483286 170
236196 698
65500 943
1432229 566
268787 1150
188391 1099
415174 1139
983017 68
122260 920
236199 1156
275781 195
434158 1034
65537 1084
638966 41
483321 70
236202 1039
147454 1115
