65537 0
901123 1
5 19
868364 37
278541 6
688143 8
376848 9
163857 10
901140 12
180257 20
131111 22
40 23
1540138 24
32812 573
901175 29
1146943 30
507972 33
65605 34
360518 192
589895 36
720970 38
1294413 39
1032271 40
65617 41
1114195 42
1196121 43
737377 47
524388 48
589933 28
1458291 55
934013 58
770174 326
1245312 331
1048709 64
1081487 69
82065 70
1228947 72
1147029 73
1261718 74
1220634 17
849450 77
1065128 79
868527 82
868529 83
1278132 85
1245366 86
606391 48
1097912 87
82108 88
590013 89
16583 94
442577 18
65746 98
377043 99
1458392 81
491740 500
1016032 105
344300 110
114925 111
540910 48
1398142 115
409849 116
1490986 117
737535 118
966912 119
377089 94
1488257 287
1327368 121
1212681 122
98573 123
377107 124
442647 126
49437 129
508191 130
131361 131
49444 132
701831 993
16686 138
147761 141
409907 143
213305 658
393531 145
704828 146
377155 149
180569 157
442719 158
1360225 160
82286 19
65904 165
704882 166
1343861 168
1294711 6
164221 465
213375 173
377216 174
488839 59
98698 179
330477 180
33168 181
1147282 182
49556 771
169369 150
65948 188
1048994 171
262580 199
438 200
623031 196
1196472 201
410043 202
262590 204
1114562 206
246212 207
1507781 303
1163719 208
737737 209
82378 210
541139 213
1049045 48
470 214
623064 216
1163738 185
1294815 6
672228 572
197093 221
737767 223
541162 225
934379 226
967149 228
213487 230
557559 234
410106 235
674561 83
213515 19
410125 913
950800 6
1212946 41
524824 134
1262107 242
213533 244
639518 245
1458720 247
734640 273
1442342 250
279088 122
1049143 255
857524 7
279099 256
410173 1193
1311294 258
1393215 144
460476 722
279109 260
639558 966
754248 142
557643 264
885325 265
1229391 267
688733 97
1294943 272
377441 312
1376866 274
246374 276
197223 219
836201 277
82539 278
819820 91
1409645 279
305939 848
934519 48
590462 127
745579 51
148105 50
230029 172
1182489 291
705176 122
666 59
705179 293
328357 298
213671 300
1016495 304
672440 306
658208 853
639682 310
115398 62
901831 122
901834 149
639698 313
1458901 314
443096 315
836318 317
164578 318
1114854 320
377585 323
1000179 324
705268 325
836343 327
508669 330
557826 332
1262339 333
377604 334
115462 122
1131279 14
784 150
1344273 337
541461 338
328470 122
49943 339
230171 843
148253 698
798 341
1212549 393
426784 337
960221 627
1360680 347
1213225 348
934700 350
1065774 588
656182 353
148279 354
1180472 355
475962 356
17213 357
115528 194
33609 360
344909 363
1082190 364
246608 365
1426258 367
131926 91
50007 368
590686 307
213860 7
148326 374
1131367 375
508780 18
426865 379
1131379 237
1452869 858
50041 382
967549 383
181120 14
631794 52
443270 385
1065866 387
967565 336
1278867 389
230303 122
639906 122
295844 116
1442729 48
885678 272
459695 395
590768 1161
1016753 396
169459 272
885684 398
1442743 1213
181185 372
345026 0
1393603 904
459717 401
558022 402
132043 403
1262540 404
754643 397
721883 889
246751 214
1016803 411
967652 712
827558 15
738289 416
1147890 602
377844 417
705527 418
132088 419
759295 420
1328125 421
984063 422
705542 122
54785 870
328718 427
787478 122
701956 255
328730 1255
853019 430
295964 431
672799 433
230433 434
66595 1104
1393705 436
928587 861
214060 437
279608 15
721985 440
263234 441
83013 75
17478 434
120333 656
377941 997
296022 446
661007 150
640092 133
869473 405
1475683 450
689253 32
197735 451
656488 452
197739 303
1279087 454
1137 455
259603 15
188606 90
771193 458
214141 459
722053 462
144919 465
476303 466
296085 373
804000 472
1328303 475
541879 434
197822 479
197823 480
656576 481
33988 484
132295 486
165065 647
165066 407
541900 122
798748 489
83155 490
705749 491
902365 14
175168 911
525546 494
1263 41
427249 496
754931 498
489001 266
1180920 1162
1410301 500
607489 501
230660 122
1148174 503
1115408 698
491736 505
427282 354
1443091 371
443677 48
1361183 8
476448 509
492836 51
1082663 326
925916 103
804138 511
820526 513
41181 1164
1099062 514
330634 14
722238 517
590048 518
66883 48
378185 519
66891 520
1330061 522
591184 244
1049941 200
394583 79
591195 40
787804 421
329063 144
1033581 529
1099124 6
263542 64
378231 531
918904 150
394617 532
1403 474
476541 533
263552 483
509314 18
1344899 50
1066376 48
1295759 539
1164690 541
279958 48
591255 133
1164705 113
869796 543
17830 544
1213865 546
640430 547
591282 358
476597 549
722359 550
1230266 237
886203 85
1246655 552
476608 283
607688 122
978793 225
166819 150
493012 59
1246677 557
427478 558
1131991 559
338300 750
673245 352
1492446 560
460257 562
280035 490
554955 114
312805 1229
83431 376
296427 15
591343 458
17905 379
99828 40
476661 568
1197560 569
312826 149
1525257 536
280076 576
1164825 579
263711 426
607778 48
558631 581
116265 583
1263149 504
804399 15
1115698 523
1115702 195
378423 587
1066552 588
1598 590
1476170 14
1033807 577
132689 287
1508948 593
247381 571
263770 294
394845 212
1230432 385
280161 592
1099370 599
296564 603
575093 190
444022 604
1115768 605
444026 41
427645 631
362116 607
149125 608
607881 127
1099402 306
1443473 204
476819 30
788116 213
902810 512
919196 609
755362 593
771747 611
535494 887
853671 612
525992 196
1525420 104
460468 15
394935 613
706234 615
657084 819
289 620
575176 6
732713 594
260838 162
214738 371
575189 624
214742 625
1100751 324
362919 976
450853 728
280288 19
444135 629
1328872 630
1197818 243
345853 634
198398 432
1221034 194
657153 15
657156 149
853765 214
1328907 636
1275522 637
673550 516
755472 640
1279762 641
165651 240
1286447 139
870176 215
313121 122
1263395 41
509733 516
100135 644
231208 645
1115946 393
83756 122
182062 850
1263407 647
67378 648
1165108 249
1279799 1165
444216 48
1312577 651
231234 127
116553 58
804683 878
1868 654
378701 28
1263443 655
296790 657
886627 437
1214315 662
198515 581
139582 147
296824 666
214908 576
1410941 572
116606 669
1066881 140
755596 28
1542030 356
557379 675
18329 736
935840 15
313255 679
51119 133
608179 354
886711 147
608187 322
460734 65
1316513 461
509900 48
886733 688
1476558 94
1132495 689
477138 1020
83926 116
935900 484
755679 716
133088 693
1345516 454
477165 683
898994 928
559087 696
149492 48
788473 4
362490 84
346112 698
493570 138
247813 805
165896 700
542730 236
368983 156
51214 243
559121 28
34834 241
18451 504
903188 255
411669 109
673817 697
329759 226
149553 6
231474 653
821304 482
819551 163
935996 707
2130 712
849593 622
903256 226
1247321 716
347151 618
346210 718
67683 719
788580 720
690277 573
1476712 435
51305 205
329836 724
18542 725
1099887 626
133241 728
1132667 470
84094 994
1411201 283
1345667 1090
690312 1092
821392 26
264338 1154
280724 439
1443997 48
182437 735
590194 459
51393 1181
51395 737
411846 74
706764 740
592079 272
1362135 11
67804 744
57722 170
379118 748
1296623 749
313584 373
198899 750
1100021 751
887031 183
51451 169
788734 752
51459 636
35076 114
346385 941
821535 150
313640 190
1034544 759
1313076 193
248125 733
723269 762
1198409 763
248145 765
887122 766
969045 150
763871 15
379241 760
264560 670
1362293 354
264568 49
131476 122
1198458 772
625021 982
2431 774
1419567 174
510337 1265
1247621 628
166978 442
841454 723
133534 48
797765 381
936353 133
486470 97
117159 781
344476 782
281005 161
395697 770
362930 357
919992 783
1296827 8
854460 736
444864 784
133570 785
199755 786
985544 14
543177 788
1100234 114
1477070 18
1198548 793
149973 794
2523 37
215516 379
625122 628
1280485 798
1362416 14
100850 243
412154 406
805373 324
920065 803
920073 578
330250 243
18963 948
1002004 45
592405 243
1427990 122
1460764 324
821789 806
510494 807
87814 604
543275 808
84524 809
172467 198
657980 810
1198659 560
1165896 298
707146 316
1083983 459
510544 504
166492 813
1509981 826
133728 208
51811 66
739941 287
51817 818
789101 819
379504 59
1428084 268
166518 662
215674 820
363135 822
1313408 81
445060 565
395910 48
592520 823
117385 48
264844 208
182926 643
1329808 643
363154 114
690840 826
821915 669
1313447 4
379561 829
248495 357
527025 365
838322 831
297651 725
166581 832
936636 834
1346238 756
1084098 835
1034954 661
707277 837
920270 838
166607 839
395988 1010
936665 30
789216 122
428773 476
543462 123
1313511 338
363242 844
1100525 368
740082 782
1180115 192
68341 472
1100541 126
428801 839
838408 121
543499 847
969484 602
985872 273
1248020 849
1084182 337
379673 851
1018655 796
527136 150
822051 855
502918 398
1002278 519
35634 482
133944 856
854842 389
1428285 378
30518 499
674632 859
1248073 860
1461071 409
527190 864
2904 428
101209 161
117903 14
993025 865
592733 15
478047 68
772962 866
461674 868
1130983 62
559983 402
1444721 356
445300 449
2935 133
478078 869
68480 870
180715 871
609156 753
1297285 872
822151 512
838536 853
215946 59
691085 7
215952 720
19345 14
183187 874
658324 15
1182614 815
1084316 763
1117086 499
35744 194
838561 81
428963 876
478116 877
723878 1014
1051559 878
1149869 577
461743 802
363440 881
756657 882
756666 884
579402 831
1280958 885
838591 144
412623 48
887760 882
486563 890
609240 689
740318 18
1360195 895
38739 395
543737 896
134140 695
248831 897
445611 899
1117189 662
166927 1306
953363 902
789536 178
543781 18
52263 1093
396331 177
543792 757
314418 633
1166387 738
511033 909
855102 910
52290 356
344587 912
1002565 417
52298 496
265291 169
1199186 914
969811 605
68699 853
904284 239
429149 916
1297509 230
1510513 532
937074 893
716433 1008
593017 48
150653 919
953470 920
68737 345
101506 141
1494150 142
183433 921
838799 130
52419 923
1510554 924
330912 315
248994 144
642219 34
167086 897
52399 230
216240 926
658610 907
1212958 705
1346747 758
3263 495
1363136 371
937154 204
232643 929
543941 175
412870 925
363721 930
363728 932
363732 1080
150743 268
953568 570
1314017 64
52451 68
986340 691
445672 114
511215 359
68855 27
183545 973
1166586 935
1248510 579
462080 59
412931 718
52486 937
1084683 938
1576204 179
642321 940
1019156 161
838938 941
1183004 943
511266 34
1051942 32
380200 602
789804 822
178056 945
986421 946
192697 16
1183034 175
563083 949
1428812 861
52564 568
527705 951
871771 24
626013 48
1098299 952
1150309 48
1002855 953
232809 954
298351 965
314737 654
1019254 122
1428859 606
740734 6
707973 589
69001 758
331150 377
1052047 4
3474 960
1183124 961
904597 962
757142 963
232856 154
3487 964
1281441 709
54361 911
298408 511
265642 298
1510833 1121
118194 97
1412532 968
47006 969
249270 496
69051 970
134589 685
806335 368
576968 384
757193 495
396748 196
120738 48
396756 337
511445 191
896249 270
544223 290
396772 975
511461 976
1445354 14
609776 978
904692 285
1117687 121
1084920 341
380409 979
904702 1041
675327 773
216578 982
495108 912
495109 104
888327 335
1494536 478
724490 516
713303 268
806417 196
806419 97
1322244 237
1543706 28
1527323 191
757285 18
249384 290
1103794 487
36399 910
314929 169
544306 987
74334 271
1174793 195
85566 989
511557 1199
986694 821
953931 1200
577102 926
659032 670
806497 997
1494626 64
282211 998
151147 1001
183916 1002
102000 343
708211 1003
986740 151
708214 996
3711 0
524907 147
167558 1005
446089 713
659082 1006
233100 500
249487 1007
36498 1009
478874 48
396955 238
708252 6
315039 114
642721 48
1216165 795
1265319 363
298669 6
315060 218
233149 885
1048156 493
265923 452
180708 161
659153 606
1281750 136
954073 916
773851 714
373293 1122
380641 933
1412835 20
118054 1253
315114 1019
958685 104
164478 263
888567 991
397055 655
151300 685
675594 268
380683 942
1216269 1026
429838 740
1283231 351
560916 368
117425 66
266015 1029
69408 621
446245 1030
167724 39
1298221 266
1134385 324
364344 874
560959 530
773952 864
905027 290
642889 1031
773963 6
53070 282
200527 232
1191224 487
1036118 535
1199980 1036
610158 1037
1265519 327
446327 37
954236 1039
1036159 1021
429956 150
757637 14
1183622 232
135047 920
282507 354
921486 837
399341 928
1368728 150
1494933 37
1363862 1042
724888 1043
184231 880
741291 1100
598685 295
1478579 175
724918 838
249783 1027
1380286 883
997365 1048
1019855 990
1150929 1051
364498 150
102360 48
970713 15
397274 18
839653 1268
1019880 127
577516 1054
53231 1055
790512 194
36858 785
577535 1056
462852 16
659461 1024
36870 138
659467 716
626702 222
725011 1057
839703 1033
331809 943
217122 97
331813 1059
626730 48
221874 91
298333 643
430128 543
888883 774
790580 1062
1125726 892
331833 983
823355 144
823360 175
610373 190
397388 103
806991 44
381009 15
659538 304
784436 53
692316 450
954468 1057
1298541 1067
1413231 18
1233008 1068
146893 1069
479350 160
905336 1071
397438 428
1069189 1073
544907 689
705218 1075
282767 370
954515 1076
938133 641
118945 1077
1118373 244
1036456 378
53419 1056
1167533 495
1413295 589
463027 694
643259 828
1020093 72
151745 1079
905413 1080
282822 150
364744 191
266442 1081
790739 1082
725205 938
266454 1083
1396958 1084
1331426 889
1404285 822
217332 1086
315637 15
1511670 545
741628 337
525013 33
119046 499
184584 270
659726 251
725264 935
37137 677
266523 840
954653 706
53534 801
250144 8
921890 622
381224 569
348457 360
168236 1092
1429812 1093
1233209 75
135485 270
561471 331
119114 685
1118548 900
251961 185
250201 1094
1216861 705
575 573
364898 48
676195 233
282981 1097
1102182 1079
119146 1098
298386 1100
610674 1102
987514 38
381308 78
250237 784
807294 905
609685 64
1118593 1104
856452 755
70024 1051
643469 680
201102 1107
53651 689
151964 930
184738 14
1336110 351
53674 1082
37291 642
70060 1109
299445 811
1249720 17
1184187 951
246519 617
823757 123
1385208 253
397780 1113
1167832 923
1249760 581
266727 145
594408 1115
365041 972
774653 79
102913 245
201224 79
283150 915
1151503 1023
954900 14
1036824 1080
266778 283
578081 877
987682 516
873001 676
954924 1075
692787 18
940126 18
21063 380
21066 652
1020497 122
414293 781
1200727 48
922201 769
856668 1035
807521 1124
922213 485
266860 1069
21102 48
709231 277
578165 446
37499 68
545406 1126
119432 836
610954 350
508695 928
905868 475
316050 1130
561812 261
1086102 700
21148 144
627358 1131
1217184 765
348835 689
487894 114
283305 1132
70317 19
1184430 859
1184432 805
152242 1133
101833 972
611000 579
234170 172
1213215 1110
987839 702
1004229 1134
414406 685
889543 1135
692937 122
882807 1252
647970 343
381647 1138
725715 776
1413845 695
758489 435
1233632 1140
512739 1076
4837 1141
306641 584
512744 1142
529130 1143
479979 848
398060 1144
1151737 970
1397504 332
938755 547
332553 1127
430863 939
447253 765
1512215 473
1102620 6
234275 1143
88198 821
1135406 787
430920 15
693065 266
656183 114
480078 214
922448 778
152406 182
758615 6
529240 284
1282905 1152
889690 618
1102687 783
873314 585
37737 303
70508 122
514061 153
1201015 564
496506 100
316286 430
529281 943
70530 973
889734 1157
693128 1068
496521 283
268439 818
1397645 536
971667 582
431000 1160
1282979 738
1102761 73
480174 27
57452 52
1397683 115
320330 361
185280 722
709570 516
1348550 1220
54216 122
644041 79
218059 1124
431053 1064
1364943 695
463826 1166
447445 92
660439 342
218074 565
729937 366
267240 536
545782 1106
758776 369
513018 447
365567 458
54275 942
414726 1170
37900 1070
218130 241
1233939 15
775204 627
627749 1174
414764 1175
298504 685
676915 214
529463 295
693305 378
627771 406
988220 1176
447551 731
660546 1082
1184845 4
824399 790
1315922 150
1315926 987
820068 25
840807 1178
857192 1179
87145 30
332906 1216
181095 560
1013949 1207
1365104 140
939126 583
235711 568
1479806 411
1430655 879
627849 1159
1004691 18
921114 1182
87199 840
169125 150
545960 1123
800967 278
332977 48
66419 474
1168566 547
218295 565
1103038 1243
414912 119
175648 708
399563 150
709828 844
152776 1185
70857 151
1135820 27
136399 15
333010 79
513235 122
529636 105
972006 823
1475453 368
464115 1187
349431 1188
82816 799
11819 984
1152268 154
152849 371
709908 48
1496342 998
1398041 439
447773 1189
405040 986
677158 1191
677163 48
218413 435
660785 1150
1447218 1205
1004851 270
866526 808
186591 10
513341 829
873797 578
300364 126
857421 1190
1475469 1277
873811 1035
103766 1162
398679 443
1119581 587
1496414 652
906596 763
251242 189
152939 63
628080 122
1152373 140
21878 792
382330 1176
398717 1195
578942 122
431489 120
234883 432
1011265 150
824712 121
251276 224
857485 257
313338 429
267666 1196
1414549 1197
431513 275
500634 392
1250720 296
841131 10
1267118 27
529844 222
251317 799
677315 45
1070532 292
169419 820
1316300 354
497102 882
5583 316
14134862 827
579033 1201
398819 661
1136100 243
628200 221
251369 66
1463790 121
333295 625
136688 721
22003 122
71157 337
808443 18
1299967 1204
1119745 108
972292 396
5645 460
1332750 46
923151 50
380504 209
63747 1261
808473 492
284186 1206
611867 212
628255 298
218656 482
284934 1117
988711 223
87595 863
562732 1208
1054254 150
529970 553
349749 899
611897 1209
284222 1210
316997 144
724577 342
1431116 125
497247 1214
349806 377
254909 122
300656 1196
1054322 1112
693876 276
1332854 840
120444 520
1365636 640
749164 905
431754 795
824973 48
661134 537
972431 230
628369 1218
369603 161
1152662 1096
1021598 1130
1054367 1068
22176 1130
661153 1253
1365666 616
661158 1221
382632 324
54954 981
104114 509
235187 430
290420 1004
300741 1224
1541068 1052
399053 1177
693967 119
55004 508
22246 1194
975825 407
448238 1225
1398519 1226
923384 18
1234684 15
939773 1227
1349374 1185
939777 1228
104196 1146
939782 150
726798 65
481039 373
1333020 609
890654 9
607195 723
1186097 431
988968 714
251690 657
1529644 992
1169198 578
218936 602
104250 765
120636 603
1152829 499
481092 171
202566 711
55114 1222
1398603 121
300878 997
137039 253
1169232 813
169811 332
137045 1212
945808 427
235363 628
186215 129
1496944 816
38774 1
907127 881
890745 585
1447803 167
595851 330
759704 1172
776089 628
55198 1158
104352 1237
1480610 1236
300963 724
148466 1116
1038254 101
432049 269
333746 985
1120181 122
1038264 583
1169337 1091
432060 1000
1038273 423
497606 949
1464653 493
71636 1239
972760 264
743387 686
1169374 640
102053 1180
1513442 1242
405158 107
776529 251
169960 99
104429 354
563188 1244
595960 1245
1267707 1220
169982 14
88066 257
677251 247
546829 663
743445 1246
1497113 197
1120283 133
563228 480
137247 164
71716 913
792619 608
235565 426
1054767 206
1333304 1193
1232564 565
186428 1056
481341 434
710724 1248
399430 996
809036 849
645198 559
645206 15
219224 1235
219227 1250
71772 660
841821 373
1136734 320
1054818 1248
170085 119
88169 639
186475 122
55410 1121
1071219 1203
776310 6
907386 266
1480828 753
1267840 1118
22660 122
1054854 56
759951 927
1120407 303
825498 1020
727196 137
366752 467
497828 57
1382565 1256
546984 619
1071287 48
972991 154
596161 358
891074 21
1185987 133
563403 886
628945 962
1071317 1258
1218774 64
284887 482
686458 406
104671 1191
986833 648
1333488 303
284913 521
465157 1133
6406 24
989447 681
596236 150
891150 258
792848 176
752003 102
88343 834
1104152 685
1480987 337
907554 1152
1448227 1050
1268008 234
203050 960
137521 1136
1399096 665
104763 59
1497404 738
907586 836
65683 125
366917 288
891206 161
126689 1018
203080 135
1317196 59
1481037 1267
252241 196
809307 699
55651 943
137578 1153
399724 99
924017 348
383355 90
429802 731
1251711 762
72065 1270
252296 66
907659 150
1300880 246
579986 601
645523 1272
399766 1273
399769 1140
612762 478
1178010 891
498078 593
33861 1094
1256109 830
563619 493
334244 779
1268143 1130
252336 1166
924082 835
465310 13
973239 1275
301496 885
203194 162
1022395 117
825790 1214
809409 1277
1366467 689
1300932 623
1022405 1229
874953 97
137674 6
954103 596
1415631 1210
252375 575
711128 1307
1513946 48
74831 48
1202652 1165
1219041 936
6630 36
547306 1040
350708 585
1333760 444
399877 894
383507 855
236055 590
563736 763
1530287 290
301596 1217
711202 366
662056 1171
1415730 1284
137782 684
154167 943
1530429 179
6720 1177
137795 476
268868 714
1366597 1137
481862 950
219725 866
1350224 434
596567 723
1137240 22
563816 220
285293 499
875120 1267
924276 6
252535 706
662136 161
1088124 860
629373 401
1333893 765
121484 6
105102 850
1399440 267
432785 128
367259 689
1055392 775
1530532 1254
154277 933
88745 1292
1415852 1239
826030 13
826032 89
907953 1102
334514 381
1252019 182
88521 743
1530552 557
1268409 695
842428 937
1399487 629
481990 1203
367310 1294
842450 562
1170134 1106
1284825 263
334554 650
875229 586
1071846 791
285415 579
1137384 1106
1497834 940
580332 153
908014 184
1317619 355
1055481 804
88833 131
940802 682
1041537 18
301832 527
432599 297
580368 114
695060 415
1530649 535
711453 9
1170209 836
973606 319
1497564 1233
1104688 72
1415986 1269
121653 146
727869 980
530913 643
203593 152
777034 482
734563 121
203596 1252
1383248 410
1153890 4
290619 6
7018 241
613227 1297
334700 1285
645998 807
904235 77
301940 6
323390 407
957302 485
1350519 34
154491 113
326122 300
809857 214
875400 422
842634 815
678797 222
514958 1109
39825 214
367506 209
367510 738
910489 113
449432 497
449433 114
1334171 979
1219485 1036
7071 845
1481635 122
908196 1261
514981 561
812188 471
1039274 86
187308 32
302000 1144
695217 349
1153972 562
482230 133
170935 1230
1530808 270
23487 145
416720 681
531417 1158
564211 1154
72693 1160
1170422 687
1137655 791
1465336 477
952795 795
498690 1210
1121283 289
416772 1102
216918 150
1448968 14
252941 149
1137683 726
121882 248
498715 745
105500 1234
728098 82
498724 645
252965 1061
1170470 844
1055784 685
138281 837
793642 434
39979 1233
449581 399
302126 754
1301551 370
990260 122
1203254 869
1137722 1020
662590 140
39999 59
711748 776
154693 575
482374 428
695380 1197
1449048 59
498786 674
1334371 928
801297 376
595999 122
1203315 307
351351 148
154744 542
564348 496
1416317 788
40063 1301
640192 1112
7299 740
384132 597
482445 1044
302224 736
302225 867
302226 1039
580755 1245
728215 1255
842906 1218
561007 1273
1023132 255
285853 294
842911 506
339824 59
285859 1255
711847 516
515244 131
1055918 1071
711859 150
580796 896
220349 884
957635 566
220356 385
515272 688
695501 1213
1498324 47
138458 1167
466139 854
1088733 1200
580833 552
154858 355
7404 726
548080 225
908533 521
1268989 668
1426645 698
1350920 652
1082103 873
843026 713
662805 1215
1187094 482
449815 539
7451 377
597283 931
1039652 1258
335152 302
810293 79
1072439 990
351562 59
293431 1074
335181 1008
187727 1291
564564 727
1236309 254
1465687 270
318810 493
171356 184
449886 254
843110 114
515431 887
269693 1004
253311 834
990592 1009
170560 1190
1170833 122
269719 685
138653 150
269736 886
744874 828
302508 171
662959 337
73137 743
187833 91
105915 1089
581053 22
449985 883
662978 830
613827 735
581061 294
1531336 1251
433614 635
400848 320
630230 931
1088994 133
138729 292
1367532 872
410877 91
1351152 1110
679410 882
1105396 614
351737 768
204282 1122
40443 1108
1220094 1114
826879 18
499202 317
73239 742
7704 1204
417324 1132
482864 1175
1515057 492
482870 650
499257 14
941626 1271
89659 995
1039934 661
433728 48
1007171 287
965217 947
941641 214
253517 1190
646739 361
17678 550
663128 33
826969 4
421818 1047
73314 48
728684 1298
1104488 1194
73355 540
482959 737
1433234 919
433819 150
89756 16
450208 727
1334948 81
843441 1193
302780 325
902432 503
1531587 953
335556 201
859848 123
237257 1084
1367754 301
138958 48
1202808 1288
794324 1307
909021 650
1253086 354
1285858 142
646884 1094
614120 450
728811 1308
220908 628
892657 186
614132 549
581366 956
384761 1284
335616 218
1040129 1228
7941 763
815063 872
171789 985
270095 744
417552 214
462808 18
253718 150
593881 17
991000 376
499483 1102
352038 325
679719 1113
1351471 876
1318704 1078
302897 1198
335683 414
1335110 1141
139080 1148
139084 107
1400655 924
1236824 946
319328 48
1105767 241
712555 1059
1508669 112
581488 856
1187704 955
24441 388
155516 354
597892 940
696198 307
663433 1299
401295 337
1499033 1121
1040285 878
601482 959
941991 967
368553 806
483243 809
139188 171
958391 534
630712 272
843711 1251
548801 69
974792 1203
974793 1186
647115 888
286668 433
876499 753
1400789 30
640335 247
1202853 1186
1138661 704
139244 925
1400819 585
188407 585
483321 1119
1417215 128
90116 2
1302533 3
1007622 4
155660 5
712719 44
237587 11
548886 14
495620 615
1515546 75
860187 18
1404933 106
57377 842
679972 21
614444 25
1253421 26
368694 28
1468390 1011
1040448 31
614467 32
204870 35
368717 38
25917 516
663645 46
258065 49
254057 50
394599 568
1155180 14
483440 53
516210 54
1106040 56
942202 57
974973 322
204926 59
745599 60
516224 61
745601 62
237708 66
745613 67
1040526 68
1417362 71
893082 20
549025 76
270502 670
1401001 80
260808 362
303283 84
145785 390
1269950 457
499903 91
581828 92
876741 93
106697 95
712907 96
675874 986
41170 343
467158 100
1450204 233
843997 150
532706 106
254180 107
975080 108
1007851 109
1351924 114
991478 12
598271 570
1492352 257
188687 18
1433877 125
975130 127
1483035 128
352544 15
368933 171
450857 134
844075 136
1515821 137
137949 1282
483632 140
1417522 142
237877 144
172345 124
1220926 112
1515840 148
876870 150
1089863 151
860488 152
237905 154
729427 155
1052729 649
811360 159
663907 161
514790 494
8551 105
1302891 163
205164 164
991609 169
876922 309
876923 171
270717 172
418174 75
876931 139
287108 176
41351 177
1515913 178
254356 183
137966 707
287126 185
582041 186
975258 187
716869 1064
1450402 305
41385 193
1335722 513
598444 195
8622 196
139697 197
188851 559
975284 667
106941 203
631237 97
909773 211
401874 212
287187 255
860631 215
369115 217
238044 218
549344 219
680418 215
205284 220
369126 222
118865 1138
57833 227
467434 571
57836 227
598510 229
778738 231
500213 232
123384 168
41469 236
680446 48
270854 238
1237511 239
1024525 48
41490 240
1516060 243
1434142 309
582175 246
1466913 248
533028 249
58801 354
64263 252
1319471 196
614963 254
1434166 251
1221180 257
500285 127
1024577 259
1334027 1156
41542 261
909896 48
746057 262
1188430 266
41559 32
1352281 269
352860 111
804282 182
664158 548
189027 1
713317 275
746095 280
959090 256
1155699 281
41593 195
287357 118
1106559 282
1377728 553
238210 284
1139334 285
975495 286
549512 287
500366 288
402065 289
402883 290
8854 15
1319576 1034
1073820 294
975517 1086
271008 296
650063 862
500387 297
303782 299
8871 841
385707 302
778927 144
34248 214
41650 1056
1095110 272
975550 308
516800 309
991937 262
1369547 311
744230 122
1286891 321
434928 50
516856 328
516858 329
1139467 335
1090316 336
733538 70
434961 1125
1139480 57
156445 150
582431 342
1041186 1137
385827 344
910116 345
1286949 346
385833 977
1254187 349
1041198 766
123716 122
631623 359
1205066 133
402254 551
189265 775
74579 122
1205076 286
1368918 210
172889 369
172895 371
496220 526
746337 372
1237858 373
681447 564
123757 377
156526 122
385906 380
1074035 381
467838 384
402305 122
271235 133
1074057 386
598925 6
25488 388
992750 101
877465 391
680858 1198
500637 392
861094 218
1532842 394
618653 227
418736 155
369585 716
140210 397
1139640 93
893884 323
826186 579
74690 400
484291 1210
975823 405
861136 406
549841 1077
844762 408
779228 48
205791 611
1071952 1166
320484 412
304101 413
1450985 196
91115 414
664558 415
107506 242
205811 122
684201 659
959487 82
1205251 423
1057797 374
1188871 424
304136 425
451595 426
353299 20
844822 1155
893978 429
123934 432
844834 329
926755 435
533542 325
1418292 438
828937 439
1110061 1061
975941 1000
746568 442
255053 444
746575 1279
91221 445
599127 103
418905 447
287837 448
533599 449
975980 453
238705 48
926835 456
1352821 836
451704 354
271481 706
451706 122
1369216 460
1434753 321
1418372 140
1221768 463
1500297 464
173194 109
1189006 129
74898 467
402579 48
42133 185
1025174 259
418967 468
484505 469
402586 470
255131 419
795804 955
205985 154
697506 48
1336484 473
107685 474
9387 48
1270963 214
1205430 478
1039220 1298
59234 456
451778 483
416630 1170
9417 488
648396 567
91683 150
1117631 351
1336542 492
42226 497
315603 1164
287991 817
763128 499
812293 502
329261 584
353552 122
337175 507
156952 508
58657 510
795940 1211
337190 248
9512 59
621449 515
337211 491
1434940 201
451901 1111
238911 310
124229 260
648537 523
222557 524
484705 526
42338 527
1074534 90
809873 1257
1533291 528
173433 101
451967 534
9601 535
1320322 601
451975 536
1088407 35
451981 537
1123726 538
845201 540
58772 48
389359 1085
80794 19
206241 542
681379 328
550310 334
861607 545
746920 10
140713 274
1516973 428
681390 241
1287601 27
812468 548
1172920 551
959933 516
332021 1072
654240 207
828867 27
962806 506
648651 201
320975 555
320978 556
894429 261
1172961 1091
700667 150
1402341 563
75238 513
370151 320
697832 18
1205742 566
1074675 567
1514409 18
763392 572
337409 573
1451606 574
1402377 146
681488 541
1336851 578
534046 185
402979 423
1353256 582
1467950 585
1336880 174
402995 579
763449 453
828988 589
763454 530
878144 394
566849 499
878147 294
599622 591
9802 867
1271374 87
452177 294
910932 150
763477 594
452182 437
304734 595
632415 596
42592 226
845409 482
1533541 598
1369706 409
747116 600
403055 543
681585 602
468594 354
845440 606
9857 459
1222276 451
1517191 196
403080 48
124554 266
747160 331
911006 610
9888 381
124577 176
698021 262
1124008 418
1304244 154
370359 89
575092 614
227285 1024
321213 617
337601 48
1386184 476
190155 66
1517260 621
430370 116
1124047 623
976595 179
1402580 280
1173209 626
829147 220
673402 954
9952 628
468707 42
389415 293
173806 6
583407 515
173808 445
501493 364
1156855 633
468736 561
665345 606
255758 638
960272 640
173858 642
255781 841
157478 643
1124137 646
894766 524
698163 18
1238839 403
354112 650
468805 653
454967 317
1353551 252
1468247 1038
730969 450
1156959 660
747362 499
468836 585
681833 661
1124207 59
403312 663
403313 464
1009522 664
59254 260
108407 665
108410 667
223110 194
239497 671
42891 48
1206160 672
1206161 673
1124242 674
698265 676
681883 6
255903 191
1140642 677
1288100 270
141222 678
1075119 122
1241416 681
1255346 682
1271732 683
108472 511
485305 251
1265994 375
141246 328
239556 686
1468359 459
436176 690
141265 691
108498 368
665557 14
862166 1025
10205 692
403423 172
157667 417
763876 15
468966 694
1288170 624
157681 1045
1353714 697
75770 1131
665605 699
337932 701
845840 702
1271825 135
1154051 265
1222680 703
187396 876
911388 704
665633 122
1108008 127
1157166 105
452658 580
190517 706
878648 400
157754 122
714813 708
878656 244
534593 14
813123 709
239687 24
1222728 710
1304651 711
53602 6
637965 720
452691 713
862292 714
1026133 715
43095 1256
141400 119
174171 717
583782 721
1164988 616
1452139 723
747197 142
780414 496
862335 146
108674 729
1501315 150
1501318 18
1501320 360
239753 730
424983 287
338062 460
518288 731
419986 116
1140884 367
698517 732
927895 733
1501338 734
1386663 371
633002 572
764081 185
714931 14
43191 156
1468604 57
616290 15
1140927 105
600257 285
862406 738
1075401 739
1419470 522
829650 741
649431 159
600287 745
207078 747
862439 48
518379 240
1255660 313
190707 1173
1288444 404
370943 753
534788 1049
682245 446
1452300 706
387345 48
534806 90
633111 55
1124633 1037
1288480 756
223526 79
583979 278
1517869 477
141021 772
935995 98
551219 760
928058 618
141627 761
944445 1168
1086026 1123
354637 83
26958 839
895311 11
633178 768
26976 18
731489 635
469346 114
1059174 1279
649577 729
867389 367
338289 697
1026420 577
1354103 640
1501564 773
223613 235
108926 554
289153 63
92547 775
76164 222
485767 62
551304 91
616844 83
141710 265
944539 49
1419676 777
289181 778
1337759 779
59809 1054
485794 780
859206 1265
469414 220
1124776 18
584107 144
256430 2
125372 1089
1042884 449
747974 787
1190345 0
223692 529
20898 196
321998 1197
469459 792
879064 43
10714 74
666076 796
1534434 580
305650 573
1440851 801
518646 740
1436154 802
1436156 157
80982 755
149249 129
190989 685
551441 805
698899 243
820997 405
911904 48
109089 18
818267 307
191015 137
174633 250
207404 757
453169 303
1436213 290
436801 812
1370696 815
404041 246
449634 817
91918 548
633430 288
977501 814
551519 1289
1190499 105
731748 817
1452654 588
813679 450
280339 19
109172 1044
109175 473
1227883 630
715399 472
633482 565
617100 824
486033 790
1010325 825
977561 673
699035 114
535198 476
961183 1020
1206953 810
223915 122
191149 1195
338606 454
142002 122
404147 27
1370807 833
502466 15
63650 507
142025 19
1157839 102
191192 48
568029 591
518888 843
387831 234
1190654 62
1223425 396
404226 637
355075 15
27397 270
1321734 4
1436426 173
486158 476
453392 417
699154 568
56451 710
617246 852
441477 957
420641 854
256815 313
961341 632
568128 506
240451 857
92997 1019
715590 434
600905 399
43851 588
387917 144
404302 563
404303 144
125776 15
1460024 863
1059672 257
859280 424
846693 185
449681 572
240498 512
1158004 396
1043328 310
584582 833
1518471 133
1403785 595
43919 873
1010586 494
813983 875
1141665 554
420772 479
453542 862
76712 165
715692 60
1059757 879
124761 880
224176 580
1469364 883
797621 884
404411 349
78325 443
453568 690
1485761 886
748483 47
11205 425
158662 484
633803 888
558925 991
244900 891
699355 892
1076189 893
994271 462
519141 6
273382 894
371687 110
1289198 470
109551 494
27632 217
912380 433
633856 898
715780 245
70145 129
250244 205
748555 900
289809 901
699412 903
1170606 1263
453655 285
519886 265
1289248 904
273442 18
879657 906
1387563 1215
240688 908
1125426 514
338995 890
355382 811
142393 767
306240 952
864779 48
1059909 1266
207942 42
1091426 307
617567 767
470114 917
748651 300
1371245 918
355445 918
781431 685
720063 780
158849 846
389654 627
1059974 594
829093 144
732309 726
142493 166
634019 803
1486002 328
60595 763
470197 751
97482 927
1240255 646
242208 928
1010883 241
158916 144
158918 176
610849 895
699596 931
224461 819
847055 56
77012 525
142557 598
24954 1034
355563 533
1322224 640
870270 934
1207543 46
437497 89
552192 150
142593 936
1060100 802
1535240 97
224521 19
1060106 68
224524 939
158991 674
797979 942
404764 1015
732445 944
994598 280
781608 48
716078 171
1502520 948
224570 155
77117 210
448840 961
470340 29
404807 368
863562 96
208207 229
77141 950
470359 150
240987 516
634206 609
290144 296
143932 147
1142122 74
1517502 8
748911 956
175477 18
1142136 114
1125757 1244
617866 644
1502607 48
44432 714
322963 319
404887 30
1404315 946
535969 415
961955 965
1404326 286
1191335 540
699821 48
1240504 402
11709 603
1055989 403
191936 604
585156 971
1011142 543
469576 318
44489 492
1093071 422
798160 898
404945 867
191954 510
503253 679
44508 110
814559 210
454112 450
847329 208
28130 974
138419 378
945643 368
273905 324
191986 71
44535 122
454136 1165
77309 980
1535486 981
404991 238
536067 501
1011204 243
1519120 358
93716 94
175640 432
863769 369
536091 1135
1011230 1184
814624 681
1142305 983
28201 482
159275 600
1207856 291
1142324 988
781877 346
896571 245
814657 907
896581 990
1306182 1116
1502791 294
788407 991
14134861 827
257614 568
14134863 586
14134864 906
241233 607
126549 992
142934 993
26553 994
487002 995
650843 996
978531 990
1268834 311
241255 999
1355372 1217
192111 385
568944 214
224881 834
274036 585
175733 1186
1339007 144
335126 8
519819 294
503440 620
274065 67
454294 1010
1470103 1011
552608 756
519841 1012
323234 963
1514779 733
290468 1013
28325 586
847526 57
275057 15
421544 1014
306864 79
1060530 546
1093301 218
470711 1016
798395 122
459764 391
159422 669
143039 281
962240 549
913092 463
732869 698
618182 191
28359 347
51148 937
241358 1274
444365 1017
257751 975
257753 1264
591823 1029
44769 968
241379 1268
945893 497
77548 234
1191662 1021
1502959 183
1044212 1022
1307263 97
978686 1023
1289987 822
585484 279
978702 1027
1126159 303
1519377 1028
683803 251
913181 109
339744 958
1371939 934
569131 122
1322808 248
585531 655
274237 576
732990 1223
1158979 902
1252663 675
634701 713
684685 1127
1388369 1032
717454 825
1437527 901
28505 1033
192349 1025
388963 797
487269 1067
585576 211
667497 1223
470894 81
605501 718
1126256 1297
1175410 1241
995190 894
307066 122
175996 130
536448 136
831372 1040
886765 715
1044368 1041
913301 627
618403 468
1060775 731
1011624 1046
1486761 230
176043 634
1011631 628
716728 651
372666 47
1318218 1245
372671 122
946112 1018
143297 1047
44999 1050
683976 76
28622 59
585680 73
1171190 1305
1191895 322
634841 133
1273819 1052
1028061 798
146768 723
1044453 951
569320 305
1028073 1053
651247 174
1339376 603
1535988 854
618491 1027
667653 1120
45073 989
847894 251
274460 32
77856 1058
700452 446
56668 1303
634922 498
585773 1052
159794 122
94260 927
995388 835
1142848 481
487491 1063
454725 457
258118 193
553048 285
28766 1065
28767 158
239632 1066
127087 1002
257374 1070
782455 609
77952 696
520321 288
1060994 1072
175687 368
1110159 445
356497 613
1323163 1061
45213 566
1061022 516
241824 740
635049 510
176301 298
716977 977
405684 257
1241270 670
12473 1099
225469 1078
454848 941
45251 63
1437900 137
831705 617
61674 1043
1044717 916
482685 150
766193 121
159990 623
717051 466
389373 1087
160003 863
646529 379
913674 1088
1339661 765
1208592 307
1335922 584
75822 1089
405782 516
864535 1090
1536292 1042
307495 875
979240 632
291114 1091
1339692 635
897325 639
291120 91
766257 662
1126707 791
946487 759
192831 668
799045 390
749896 455
1126733 18
602451 59
602456 220
471389 48
1143138 1095
323939 1096
291207 18
29031 578
643815 679
831856 1101
504185 509
1290619 1103
1077637 54
471430 1105
78215 1233
471434 15
274827 112
340364 1106
29071 1108
1421720 75
1323425 610
242093 1098
520622 903
881072 144
1012145 360
78260 594
471477 257
618937 352
551990 271
389567 1006
963015 1111
815564 908
635349 205
29142 137
94686 734
946655 570
209379 1114
537077 1117
266319 842
796756 1118
12797 214
635392 1051
586496 189
897541 853
62209 1119
651785 717
1438219 441
733710 878
723032 329
913939 599
29204 15
1045014 8
225816 922
422432 563
635425 285
406057 1305
717354 719
946731 929
274988 1038
29229 96
767492 1020
422447 517
733751 159
1421882 1052
1028668 382
291390 174
143935 585
1077824 1021
389704 122
45643 440
651854 140
1110623 752
1061477 329
1094248 208
258669 997
799343 233
619121 1049
223566 764
1405565 1105
1471103 1013
160385 489
764011 1003
529175 945
1356429 368
602766 1128
438929 1129
438931 120
1067118 643
1307291 1008
1208991 59
78497 338
537252 828
307892 283
357048 10
373435 895
389828 1029
357064 1136
537295 68
832212 1139
84089 1007
1159899 917
1539536 695
624763 989
387785 836
111351 658
1110778 574
357117 1145
62208 150
13057 1146
1280129 985
324361 303
176906 496
1094413 824
439059 434
832282 144
832284 1141
193313 678
242469 659
242489 911
586561 499
619331 700
209732 196
1078087 199
127817 701
258893 1142
455503 1150
635730 151
586580 14
226133 1151
1487709 485
144224 144
930658 761
111459 1153
89365 812
1341437 802
226157 18
1028974 343
1241970 854
832372 1155
652150 984
914296 649
1209210 1058
239765 1156
1192833 441
1078148 144
783169 1149
390034 1158
439192 434
237039 1188
439200 458
515568 1102
799652 1161
1242022 627
684967 1162
734023 1163
144303 1164
1078195 6
62391 1099
652217 730
226236 48
542187 565
95171 59
537542 742
78791 68
1504202 865
144333 472
226256 1058
1455064 732
1176538 800
635727 1167
930780 724
71911 324
1012708 416
881642 1168
845245 196
127982 426
504815 1169
75185 251
406517 301
898040 403
914425 360
504827 748
914430 1107
947203 1020
603140 978
177157 229
111626 1171
1127435 153
1356814 347
390159 1085
1058840 499
979991 829
13338 43
308253 581
308256 132
652321 1225
406570 149
29739 321
996398 915
963636 674
95289 969
594783 483
1274941 922
95299 1101
668740 363
46164 1169
1487957 91
635997 198
816223 881
1406051 14
783462 871
1108156 1180
504938 493
341115 932
1471614 444
210047 1097
865409 742
504962 142
947332 555
963723 75
62604 888
952515 266
1488020 725
177311 747
160937 1036
849070 597
308402 1183
775697 513
75977 144
193721 1157
144570 33
357566 824
1389767 892
1345740 251
1012942 679
193757 1186
980191 927
1275104 857
62689 24
849122 814
1078504 839
1504489 754
1504493 15
108473 122
1523241 312
587000 211
619774 15
685312 562
390404 144
374021 1163
62728 1016
1108183 23
472346 79
1029404 122
570655 1190
406826 1102
193415 167
439600 1192
537906 828
439603 749
374070 573
1176897 1194
243010 784
423242 142
439632 1102
622137 617
1422682 159
1291616 344
220731 1289
324971 131
79217 1043
1201043 100
1324411 334
1095036 30
652669 112
374142 31
1023552 273
963975 927
428725 142
62872 1095
641264 1077
144283 1104
374181 767
13739 761
390576 1285
126392 3
800188 733
636351 144
1013188 96
144838 878
760976 1302
1340875 415
685519 679
1488337 999
718295 493
423386 1184
603611 354
79327 379
914923 1202
996844 943
1184681 548
194043 593
226817 1070
1046020 584
1046031 1056
538131 945
30231 1205
525686 952
423452 911
1029661 942
177694 1071
485637 797
1439264 24
79395 516
46630 48
30249 1207
1373738 94
238328 536
505390 506
128567 15
964161 1211
1537603 1212
357967 381
243284 544
1144405 716
603734 153
1439322 259
820993 745
357990 294
79463 208
1488492 248
243315 1216
79478 619
931448 969
79481 716
145019 675
694423 59
1095295 362
521857 122
423554 448
718467 258
1226377 482
407180 594
718478 656
347990 1219
423575 176
833182 684
46751 843
1177249 870
194210 284
1423011 337
669349 1262
1095337 122
1521323 573
145071 1222
308916 1223
308918 190
112312 61
128697 1148
587450 435
358082 899
390854 860
764258 1249
554707 1172
1324776 1145
128749 1182
543016 1105
866038 349
718583 789
161543 458
1095433 243
911661 628
522003 194
309018 438
1435951 758
210720 144
1259298 1227
226267 1230
702246 114
46888 845
30506 379
653101 974
1210162 348
784182 477
964408 1071
1029945 1231
980797 682
472894 48
489287 1030
112461 1232
997201 1226
534842 671
1029984 260
800610 6
128867 1178
172325 133
917137 761
309100 1234
276334 140
604016 144
505714 669
604025 800
227195 616
391037 1235
1144712 18
292751 193
224701 28
459294 1015
751515 625
259998 847
325537 343
1456034 167
1013667 971
276394 1233
112562 672
327326 113
461129 1052
1079228 340
505794 203
1020918 1020
1341383 1238
636875 692
1374156 679
178125 528
407503 967
1128401 504
751573 1073
391126 491
1242105 1240
1367716 39
1226714 1046
391132 1241
636899 846
620516 1243
882661 1001
1013741 928
1013744 150
14323 257
14325 266
1390584 1278
1463295 15
407549 1144
145407 603
1357835 150
440332 114
1390610 33
1210387 1128
1374234 931
145438 796
1439780 1239
96299 1247
1013805 97
800820 11
243768 268
521226 1257
731490 769
14414 1103
1030225 899
129107 97
145492 401
161879 1249
702554 786
158054 770
161896 405
473193 794
1456236 627
47214 169
504583 1046
873491 1173
1444201 15
1489023 1247
604289 1236
456843 1012
260239 946
1063056 1060
1095825 19
145554 1254
818884 30
194716 1281
538785 6
407714 300
342181 1046
293032 685
882859 601
833717 1066
1128630 1189
1105610 594
96446 1209
129217 845
259105 538
1079496 387
882891 1159
194769 328
489682 1236
620762 1259
294607 578
964830 48
1063135 1065
342241 1200
424166 354
391399 812
948457 746
1161450 957
112878 615
981231 144
915703 377
899323 1210
637180 1260
537642 97
767019 68
669956 250
321921 368
1374472 1032
1227019 386
194828 877
555278 284
14610 1263
108931 167
715110 1068
84357 428
786139 812
899373 95
229079 675
375088 72
473398 1266
1374522 871
954681 333
850249 24
1046860 324
1489232 114
14673 150
1128786 1060
538973 1269
424287 1035
1456482 225
276839 1129
784746 868
342013 434
941800 1183
1145204 14
293239 27
96633 98
1440122 150
1423747 1271
1217602 666
113038 324
784789 48
129433 640
784794 1134
276891 1231
653724 568
113059 48
850348 947
670126 261
485789 410
145840 458
1161651 724
96695 404
473528 921
719292 1276
1226295 1060
286454 851
195014 1278
735687 121
719307 318
1341903 628
1046995 791
1456600 819
862629 461
834021 914
113128 531
1440234 522
211435 474
866797 342
408047 796
1391091 342
899572 309
162294 15
801271 1280
341076 870
457211 18
408061 1199
473598 679
96767 127
47618 1281
899587 216
1112582 805
276999 150
637454 1282
408081 1055
473623 343
1260062 1283
129567 1187
540422 1232
801318 721
211498 266
1489451 93
1047084 1206
293421 635
80431 1056
358961 353
1161779 1076
670263 150
129601 817
1473093 1045
80455 343
1161804 1189
1112655 1026
1325649 507
293462 48
834139 1098
440925 1286
834143 1179
14088800 1287
14088801 1287
621161 1048
670324 116
424568 1041
670331 354
1283178 1174
752255 754
775275 1005
948868 1290
342661 150
1260167 907
47752 1172
565015 1115
293518 80
106264 150
80540 48
227997 144
1391265 0
866990 1293
1129136 977
555698 669
1518025 958
752321 63
424645 574
1161926 78
129736 764
260809 793
1325773 581
64207 284
293585 330
129746 499
35278 45
342745 328
408282 427
162534 680
1063662 721
129775 741
834289 824
1145586 1295
228083 421
92703 524
834297 909
1080058 169
636033 1274
1489676 1202
1440527 170
719633 771
211731 397
31508 122
375576 618
293660 933
654109 232
64286 664
621345 202
1116635 373
270129 6
1030954 1296
529545 16
621370 679
342858 420
244555 502
195272 573
719700 552
162651 1199
998240 778
267833 77
1014632 616
285837 1221
719729 966
342916 616
1506181 573
113545 840
48017 8
80789 1116
1112984 482
441242 325
834459 343
736160 1083
48034 1087
1178539 388
1178547 598
129974 371
234655 434
1194942 114
687039 15
490432 1139
31685 712
1014728 544
228306 523
342996 434
97237 18
490454 1286
1047517 270
1255932 1299
1407983 1126
1309684 505
97270 122
1014171 646
408575 612
932870 1077
293899 62
326669 1026
162830 1158
1227791 1283
710014 1102
1145875 1022
1440791 944
277528 14
1227809 342
965667 1028
1325053 1099
244774 746
687144 208
949294 131
1539122 983
80947 1240
15412 19
801850 570
605245 383
1522751 677
1309760 137
1424450 899
719940 802
556104 122
1080393 895
97360 1004
244818 150
151090 724
785493 486
1304807 816
818263 388
1064027 130
1358946 743
752747 832
261228 1262
1178735 1288
64627 144
1440887 189
343160 1156
1211513 1300
48255 256
801921 548
228484 18
1067542 834
326790 500
468413 695
605324 105
801941 1296
179350 1120
368495 24
1064093 638
212128 1238
474276 343
707100 56
212138 1143
13511 122
490670 122
51741 390
130235 274
900284 881
720061 572
48319 436
474309 266
785607 556
31946 837
212172 68
507087 352
441556 122
572629 1120
261341 781
782859 344
895791 340
136402 1294
1146103 187
1539320 1242
621819 78
1359100 585
343297 356
1244418 1292
195850 695
1490190 959
1522959 728
703763 432
1146132 493
130329 260
15642 1064
916768 122
654626 714
818469 1058
1031464 408
130348 838
802096 1147
1506610 731
392509 628
1326402 595
703812 789
654661 1246
1342796 226
671054 272
507215 835
1408336 446
1424726 601
81239 631
507229 114
949604 88
277865 1032
490861 368
1031534 1304
97655 840
1523070 144
638335 266
687495 618
1113480 860
179594 337
1179022 122
441745 337
753042 1264
15769 48
703898 290
1359260 434
48542 1280
703911 180
518728 59
261554 1053
29441 621
261568 1063
294346 1074
769484 1155
196045 122
1518157 193
1097168 1056
179668 1306
949718 1147
785880 363
1424865 641
409062 1304
900583 96
277993 358
507373 1062
87177 1089
802288 19
1375729 1303
799998 518
32246 689
490999 1081
769528 1017
1015290 900
425468 1275
343549 144
572926 563
130560 1272
409089 1300
802313 1196
343562 471
1277453 327
605713 122
1261077 122
736791 71
81434 231
278044 862
32290 796
359971 1172
147377 482
1048105 607
15914 860
1390084 413
1195575 807
1146425 1276
327230 303
409154 415
310853 1190
343623 154
130641 612
949842 1250
228950 59
638552 747
1474139 1219
1097308 505
409530 790
41449 224
933477 741
458344 543
310894 600
1100393 858
278136 1192
464150 143
540297 585
1505747 467
605841 1201
147092 605
835225 1301
196251 203
196252 194
1539742 251
32416 1237
868005 739
392880 1059
324600 1224
1130166 513
835257 804
753340 122
1320802 839
474814 828
1015489 544
933572 174
736971 339
1294030 1125
425679 1302
507600 352
1228497 1070
966354 724
769749 935
1031894 852
392919 360
32475 1061
458461 314
81633 865
32484 299
524005 14
1212135 1088
707589 1260
630741 762
1097472 506
753410 1257
1414443 1293
1146628 397
327430 1259
1381677 839
179984 18
179993 1074
1048359 777
965643 1149
1422643 687
511188 693
474949 1254
1359686 470
655329 1285
212816 525
1097556 592
933717 767
245590 1270
556887 1218
1331977 354
147297 14
327525 1151
92817 396
150571 197
1458034 412
393193 308
1212290 5
921455 488
196486 8
619841 346
16264 1031
778220 129
16270 780
1392533 1295
1179542 18
1146775 1141
229281 1156
212904 964
507821 1308
195855 826
1245105 703
393138 181
950202 572
1195969 14
65474 469
1032182 1181
1540040 228
966647 299
249867 685
786386 1208
131030 944
1163223 1291
425944 222
491481 382
868314 1290
114653 826
262112 852
720865 1078
16355 14
1103677 79
983017 1306
655346 59
1015796 988
638966 48
131063 150
1359865 379
540669 558
262142 188
