1 0
5 3
65543 4
655369 5
98317 6
704528 7
131090 9
770067 63
901140 11
1245206 12
1114135 925
868382 17
1294373 22
655398 1334
38236 717
1540138 25
32812 391
346802 28
297651 30
1343542 33
147516 36
1425469 37
1228863 38
507972 40
65605 41
98374 42
1474634 45
557132 46
1032271 238
327761 49
524370 50
240313 759
1196121 52
491536 49
868454 57
589933 60
901234 62
363198 64
1032310 65
737403 341
557181 469
721025 69
1376394 73
704657 50
32915 77
393368 81
1261731 172
745793 68
868527 340
983218 96
606391 88
1097912 470
98489 225
1404931 239
753855 63
524483 103
147654 105
1392839 106
1048777 107
377037 108
131280 110
442577 111
65746 112
215 115
245977 116
508133 121
917734 122
540910 102
1310959 126
655602 127
1245428 128
1540342 129
172073 24
426233 130
524539 131
786688 134
131334 137
1327368 139
1212681 102
475403 140
1179917 94
344335 141
1360145 143
234883 144
655639 145
491803 651
1278237 148
508195 151
770340 50
327973 667
622891 228
344364 155
147761 158
1458484 160
1507637 701
557367 161
835897 857
199391 163
639293 165
475458 167
377155 56
311626 171
655691 1390
229711 88
1081680 173
885075 174
213332 77
1250702 175
49506 1183
1360228 182
1163622 183
1212780 186
82286 187
1327479 190
344444 15
1032574 195
157681 139
488839 600
1294730 200
1540498 10
131476 88
229781 847
229783 207
1147288 208
770457 209
115104 213
65958 214
379633 215
49576 187
1491371 217
557485 219
295346 54
803252 221
623031 222
1196472 223
999865 84
999869 175
868799 224
1163713 225
770503 228
1065417 229
786891 230
1180115 233
623064 236
1054116 511
409679 51
491998 239
1065440 68
1081826 959
180715 242
721390 243
803311 748
1458672 245
410098 246
310443 247
1245687 248
1212920 992
33277 102
1131010 253
721414 255
1362293 149
66057 48
180747 257
1475087 258
1507857 259
524824 263
524827 264
180764 88
1229341 265
639518 266
590369 267
1294885 268
377384 270
311851 272
393775 274
279088 275
295477 277
663647 55
393789 280
1393215 88
557639 282
1229391 287
1180246 291
950872 292
688733 294
770654 86
524907 166
819820 299
1409645 102
475760 218
148093 23
1376894 308
82563 311
131719 312
893036 59
115349 214
666 58
705179 50
328357 321
306630 165
967340 324
1131182 101
475824 325
787123 721
672438 328
1311417 149
705218 88
562635 331
1000135 332
82633 333
1049298 334
180947 4
443092 335
1082072 337
295642 338
836318 339
688867 924
852709 342
1000179 246
705268 1094
951038 48
775637 354
377604 356
115462 102
754443 4
1131279 210
784 1439
443155 363
344852 364
1215278 327
328470 365
49943 366
672539 111
1377053 367
1032990 68
804 149
754469 452
508711 370
1098537 371
901934 106
17199 372
410418 374
656183 376
148286 106
1426242 685
115541 241
820062 386
525151 107
99172 389
181095 392
508780 102
1084221 282
426865 1245
1131379 326
394105 399
541571 1038
754565 134
541576 313
541579 402
967565 359
639896 405
443291 407
17309 123
639902 259
230303 408
639906 102
295844 410
770981 411
1164199 412
33704 413
1442729 102
672685 415
1524656 417
852914 416
5619 88
1442743 418
279482 420
361404 58
295870 421
17348 424
476104 425
132043 314
394188 428
672721 430
754643 968
132053 146
132058 88
672734 305
246751 326
17376 433
1115105 340
459747 102
967652 434
525285 435
558061 439
1098735 440
754674 884
459764 406
230393 50
1442810 144
1328125 442
66565 100
82953 447
361486 450
1066000 303
1125209 452
66584 453
505348 548
1016858 286
230433 26
934950 457
492584 186
427051 460
82989 461
1229875 462
17460 225
279608 23
574523 464
574528 465
345153 466
1092 467
33861 446
17486 447
951377 955
1097168 441
228083 1385
197724 472
672861 473
1360993 474
197735 219
1098859 146
672880 468
1137 477
1180788 1083
672888 102
83065 480
1410178 1363
590981 904
1213575 487
1133420 488
509067 489
378000 490
705683 1207
459927 79
1475736 493
672923 495
1262750 328
378015 239
754856 887
869545 631
229575 22
50350 502
1098928 158
99510 505
1294537 506
923167 59
83134 509
541892 481
443591 336
541900 56
13858 261
574672 513
83155 514
902365 314
1180897 517
1252 276
1328359 95
771306 158
99563 151
165101 520
427249 523
132338 524
673011 314
66806 1246
1410301 1453
99582 528
951553 530
328967 531
1131794 465
217 624
1492251 538
738588 539
443677 540
476448 541
1148199 543
1180975 544
330634 972
1332789 365
66883 88
181575 489
312648 550
17739 731
691085 554
722262 559
279896 92
591195 302
820572 795
1160762 561
116064 39
525665 261
329063 88
833084 671
99692 563
1033581 564
17776 565
1099124 567
378231 88
394617 568
1525115 9
476541 569
1492352 571
443783 333
1066376 88
165257 573
1295759 575
66960 433
1099153 537
279958 102
591255 578
411036 577
1508765 580
1475999 445
83360 581
705955 146
460198 240
345513 584
935340 206
476597 587
1066423 449
1246648 589
1066428 297
1246654 724
951744 592
1246657 593
312774 595
34248 326
378318 135
1082835 600
312788 292
673245 603
280035 514
263655 393
1033704 606
214505 607
296427 608
591341 88
277743 849
17905 611
99828 612
476661 422
247289 616
312826 56
640525 1349
1000975 619
1050129 620
1220867 136
230932 513
607778 102
558631 129
116265 625
755247 626
704776 628
1115698 88
1197622 395
1295928 267
1598 631
509506 372
1033795 206
624196 633
280136 56
1476170 314
689740 596
132689 1082
722515 635
869975 636
263770 426
1263204 637
394859 68
509552 640
411251 641
575093 196
444022 642
738750 643
722553 411
99964 12
1179022 425
1099416 648
411296 477
1443489 650
771747 745
1017510 566
1296046 408
640688 656
902833 645
870066 48
460468 88
394935 648
50873 778
1410750 657
1017536 658
1181382 660
691148 661
263882 258
935628 402
968404 666
870114 841
1525475 271
624360 558
968428 673
837357 856
1496701 676
100081 677
50930 88
1246963 529
920532 678
411389 487
198398 144
657151 679
820993 681
132866 682
657155 233
624388 86
853765 326
1033990 362
1165064 864
1328907 686
673550 88
183256 470
1099540 688
513668 276
214810 689
608032 691
886561 692
1828 238
362278 354
526119 695
919336 696
624426 237
1076189 9
1050418 552
67382 56
591674 72
1312576 702
1394497 63
362309 531
149318 704
149321 705
1868 703
558925 187
149327 136
853840 283
41273 375
411484 187
509789 865
952162 282
886627 709
771942 710
1099626 663
832212 714
886644 715
624501 212
1410941 350
1476478 38
673664 373
477058 718
853893 1054
477062 1058
975169 334
51080 721
280457 1256
1542031 723
444310 726
18329 727
67484 1080
231327 481
935840 23
46747 961
1394606 732
935856 441
853938 734
788407 187
1361849 737
149438 94
264129 102
182211 740
575428 589
509900 149
1411022 350
591823 1292
919505 744
1198037 654
177828 746
378843 747
296924 10
821215 985
100321 374
1116134 709
985066 71
411629 143
969725 662
149492 102
362490 750
559099 751
919548 325
985087 9
428032 305
264195 600
247813 74
165896 752
542730 393
1050638 754
34834 1218
804883 206
1181716 78
788504 755
1509402 756
1509403 757
575518 440
1001504 759
1083434 762
1394731 604
1329196 316
84021 1120
804919 1012
821304 649
935994 112
34885 772
477258 773
477261 774
870480 775
1116243 154
329813 776
1247321 762
641115 780
723036 335
636602 781
84063 636
67680 782
1099877 784
1476712 146
854123 785
1001585 1289
264310 788
133241 591
739455 789
2176 410
1116289 790
458347 706
98668 149
1181835 791
280719 441
510098 287
985236 56
1230997 792
444572 795
1443997 796
477342 423
706721 600
2213 594
1509547 1168
1237363 189
788662 801
51385 802
830496 757
952515 63
411846 219
706764 807
715810 441
1460434 689
693967 809
67804 810
57722 192
919775 812
510178 814
936164 97
198886 1357
980689 158
1050864 817
198899 645
313589 819
444663 649
395515 820
67837 481
198910 821
329985 822
510210 823
903433 824
84236 726
84237 825
1181968 350
346385 826
287108 197
994351 398
133405 338
821535 50
313640 196
903465 352
1067306 607
1493294 833
379187 102
198964 834
166197 835
101428 836
318187 289
156043 201
231749 93
870726 305
313682 1269
510298 711
805219 133
1378660 50
84329 1358
254354 539
395630 848
282683 688
1296757 328
1460598 680
264568 669
477561 380
834250 854
784108 855
354153 58
936342 860
388164 52
2463 13
969124 864
952745 38
461228 596
330158 179
1296824 866
788922 995
1001915 549
854460 727
1477057 867
1062646 824
84422 868
1149384 646
1001929 389
1100234 155
674257 162
149973 869
641497 836
2523 388
215516 58
51679 1455
84452 691
1013744 50
870889 690
84468 875
1526266 710
1335722 216
543231 878
477700 879
1067528 949
920073 880
1018967 881
887309 882
939779 593
789014 475
330267 884
1247772 802
510494 170
231969 1004
87814 886
297514 888
84529 941
379444 66
985656 891
672180 73
674364 612
1198659 392
576068 896
1165896 321
1083980 899
985682 187
461397 366
412250 901
166492 300
1509981 902
395871 903
423447 984
232045 906
379504 68
1247857 316
410047 341
658044 772
395901 909
150149 623
150150 370
707207 913
1084524 160
576139 320
182926 854
363154 376
248474 362
821915 919
1510513 568
363179 1016
35500 752
887922 227
527025 56
838322 111
1378995 440
428725 68
264890 815
576187 320
1346238 927
527039 349
1084098 356
232133 660
35527 735
1116872 593
166607 508
35538 171
1428180 929
232159 932
641760 485
1313511 215
1297137 938
740082 740
19194 464
559867 940
63274 462
1297151 250
592640 252
232196 943
559879 944
576266 896
641806 337
1231631 947
805651 389
871190 948
887575 949
1182489 951
68383 1164
527136 50
428835 51
84772 398
1002278 420
215854 831
854831 208
1313584 368
985910 477
183097 474
2877 955
227125 499
101184 215
1264452 206
576327 957
674632 958
1248073 176
576338 417
1084246 961
1297245 960
478047 1181
314208 28
1182562 10
52076 947
494739 967
684236 354
166774 405
2935 969
19320 970
347001 500
1493883 102
478078 269
1035136 665
756614 71
822151 930
838536 853
215946 540
1330061 80
19345 314
445330 142
658324 88
393710 610
1182619 975
1297309 441
166819 977
1477788 980
215985 981
1444793 479
838591 984
19398 7
936903 985
314312 986
1526732 457
1412046 443
412623 102
289955 839
789460 989
265176 407
740318 980
658399 903
314336 992
1051619 58
1117157 964
1092775 549
68595 827
232439 994
232445 91
986115 256
68612 6
314375 283
478216 1154
1018894 878
953363 996
6104 438
1313815 950
560153 46
494767 1037
543781 749
860679 256
1166384 67
379955 541
1494068 1003
68679 1008
1002570 195
609363 1011
592983 963
1395802 579
379998 58
1412192 827
150636 376
1002607 1018
68721 6
937074 786
52343 1020
756856 983
478337 1158
1494150 68
569131 904
117902 88
838799 1027
494737 694
887955 1028
183452 1230
248994 88
599516 1034
478377 1035
117932 1036
756911 1410
658610 311
1212958 1038
281782 689
3259 328
68796 243
3263 1040
314560 848
937154 88
19654 569
396496 447
1330387 1043
638966 986
969960 611
150771 1069
19701 1048
183545 493
707838 161
1084684 173
937231 1379
563075 762
691479 1052
825220 283
101658 912
1131055 1053
511266 1056
396580 598
1445161 1060
478512 389
625969 16
1379636 217
1002807 538
1051960 239
822586 594
617695 296
1035585 667
1494347 158
200012 225
871757 897
52564 1065
36181 437
36184 58
298333 854
1215838 337
1346914 119
1150309 102
200042 102
314737 1016
970102 305
374676 853
36221 342
740734 50
380291 762
101765 1070
691592 1015
69001 1072
118154 132
331150 394
609679 1074
1068432 395
511377 1076
626066 1077
388334 849
576918 441
1043695 581
1428896 74
249250 848
200099 1078
150948 1079
773541 1265
1527217 1081
1494451 1052
347572 1028
1199542 456
363959 181
937401 800
1117628 264
134589 827
1347007 1083
740800 176
104352 1084
860747 285
85446 1288
101833 1087
1265099 959
396748 1270
1281486 50
1166800 1040
822745 1090
1393231 1091
380381 1092
134624 990
396772 102
1101285 1024
306428 56
921066 998
167403 1094
1412588 1095
757233 1276
1347060 1097
1363449 1278
19963 617
347644 1098
1215998 1099
413183 817
265732 521
183814 1195
298504 1100
1379854 944
527887 234
806417 876
806419 1102
232981 17
151064 577
495129 647
52762 1104
1494557 56
871967 1105
331300 670
396842 1108
1035820 1110
898994 1111
93252 180
970292 1112
74334 1005
888374 1113
314938 40
134720 915
462406 1118
544327 1061
822856 325
953931 1122
20044 56
953933 1123
265807 1124
265814 1125
1169337 50
1043788 577
20059 326
1527392 1127
282211 1128
1314404 1129
1412711 349
333756 205
118380 473
642682 403
1445507 702
183940 1130
1412741 844
1461898 689
1396364 350
298638 516
961816 513
839317 1136
1003158 671
3735 968
970392 196
495257 10
396955 604
838938 826
442992 158
1330850 1137
494875 360
1248933 296
462507 1102
642735 58
134834 1140
1210315 928
1248966 871
642762 226
167628 102
1511131 109
373293 1058
724706 1147
626404 1148
528104 1063
134899 1110
954103 1149
1462010 1078
364287 565
118529 225
1167106 178
446211 206
380676 1238
790285 766
429838 1156
1445649 1157
1068819 1059
560916 852
503685 102
320133 144
970032 1054
1068836 498
298789 88
36145 318
148103 661
134960 1160
139912 313
134966 1161
258182 369
104417 1165
773963 567
22498 1164
577360 514
233297 1157
757586 1168
741205 4
970583 953
511832 1170
626522 550
347996 670
823133 524
1183585 906
429924 731
659301 1171
118630 1172
1027388 1063
1167213 100
773998 1177
216943 208
1445749 1179
446327 388
216952 342
36729 860
954236 1036
1150848 314
757637 71
561035 678
1368728 56
315285 1185
1150870 509
724888 1104
1183646 585
85919 1312
724896 1187
446369 1041
642978 320
1314723 1012
610219 1257
200621 1184
528304 911
1249207 320
1216441 430
36802 871
134475 1192
298950 94
495561 563
839626 905
413643 36
856014 989
1019855 170
1150929 40
364498 50
618260 579
462808 111
970713 1196
85978 777
774116 440
937961 1482
1282028 1198
53231 1234
18685 827
577527 1126
1396733 1200
17068 813
249874 87
184345 80
479258 1205
268293 908
1527842 579
1240411 1066
20517 120
938030 438
806237 392
839728 1031
1003569 1207
1511474 44
512052 1208
512053 1209
233531 201
1232961 198
53317 609
249926 1212
397388 142
839758 38
610384 619
626769 155
102482 790
184404 249
364632 214
921692 271
36960 37
364648 1216
348276 1220
60778 106
741502 759
331905 30
200838 769
282767 357
331920 1225
659607 1226
118945 390
901831 102
1413295 88
577719 40
1020093 703
692419 130
200901 964
430278 274
1462475 1234
676044 50
1338744 1069
833571 216
741588 653
266454 1235
37080 535
413916 1236
1134815 920
1003746 553
332021 324
413944 513
96299 478
823560 1239
135435 1018
250126 1241
688856 1032
299282 777
69911 647
839961 1243
266523 635
889117 655
200991 398
921890 210
161842 479
135471 68
4402 870
708916 1019
37177 78
201018 567
282945 652
20803 1124
102728 1157
119114 1100
430416 135
1118545 1247
37209 856
1216861 1038
86367 97
1282401 282
53602 50
1151331 1250
938345 1119
397675 42
1428882 1252
872822 1254
758135 1116
332155 756
135556 529
954759 832
1020306 747
1020309 482
1207705 88
1216927 262
414112 1256
184738 314
561577 65
1102253 1259
1479091 890
299445 672
201142 389
1151415 673
582388 349
643515 1210
446914 1262
627142 921
430538 180
823757 476
414163 939
791003 769
1118685 768
578016 332
725480 175
1249769 425
430575 1266
1516286 353
561655 1178
102905 1260
102913 266
594440 439
201232 1255
889363 1113
889372 730
702554 104
1118753 711
1217058 1271
217639 50
53800 1272
299561 1273
954924 88
1085998 60
758324 1062
791100 504
561732 60
365126 1174
21063 282
1053258 550
740791 1217
102988 1276
467725 360
70227 100
70235 1278
856668 274
807521 694
1102435 1102
873060 520
266860 1166
1380974 782
953789 640
1331824 904
807537 859
397947 239
1036924 200
447102 135
444793 1282
725632 1127
725635 1283
676486 110
508695 1111
1151629 637
381585 984
561812 281
791189 1113
1086102 752
1381018 1192
627358 611
135843 386
676516 1287
1011142 639
1184430 958
823983 649
660144 354
398001 102
594612 631
798 60
758458 363
1158602 815
561854 635
889543 88
430795 979
283354 389
1266398 825
512739 1295
479972 1276
4837 88
447207 85
889576 1063
758508 56
53997 1
21230 1297
594671 636
824049 168
479988 131
1041193 20
1489023 478
21246 68
578303 9
299776 577
21249 26
97818 1147
398083 908
37637 316
529158 285
1331977 149
1528586 1428
37650 689
709401 602
676634 636
680751 240
1054854 620
1004326 733
37673 26
37674 1301
545581 1302
529201 791
1397554 1049
840502 1303
674482 66
1020728 506
758594 1304
1315656 766
693065 63
148279 149
922448 863
349010 1324
840534 379
758615 567
1299289 63
922459 495
545634 1305
648842 366
283499 1307
656190 984
578426 1340
1445354 71
70530 493
496515 399
889734 872
447372 1312
889745 62
1201043 114
955284 582
70549 737
1221444 379
316315 209
742301 313
992069 1112
273905 246
250793 1105
1446850 516
824260 1318
938949 1055
529353 1319
218059 694
431053 1321
86990 667
70607 413
54224 1026
1233873 538
609785 314
529373 219
824286 1194
1004512 1314
5095 469
1512426 41
300014 704
463860 149
708094 102
1020918 187
938999 1125
545787 1222
185340 809
545789 953
447486 44
365567 31
1463296 23
791555 1226
1463302 56
480269 206
218130 1218
1217555 894
904708 735
1528864 1287
398371 79
1480881 1050
1250348 469
676915 326
644149 875
611383 46
410463 217
1102909 813
431166 352
513091 327
660549 1308
496710 976
906320 1330
5201 384
676948 612
1414231 793
267354 1103
1101327 1331
1070173 102
103519 410
21603 209
1365104 157
660594 1332
398452 1238
169078 206
1004664 962
1004665 962
54395 389
693377 66
1266820 723
1512583 1336
627849 1337
1496210 1338
1004691 88
251032 1135
937498 177
1332383 725
1234080 185
21665 102
447650 583
169125 1466
54440 1289
709801 1028
775339 1082
578733 125
1004719 170
1152176 260
332977 102
1119412 969
365749 1159
251064 866
399563 50
464068 735
631671 398
791757 1286
136399 56
529616 361
54481 1061
136402 113
365781 176
464086 284
234717 1135
1070303 1341
218340 1332
939238 1264
70890 516
1316087 1288
742654 1042
1388075 1109
506070 352
1185030 1345
1299720 1346
87305 1106
251149 1347
529679 773
152849 387
87315 725
955668 86
1414426 88
447773 1348
5409 97
382251 1342
218413 399
513328 939
1447218 1026
333108 1351
1185079 235
677176 312
120121 467
349499 187
415036 131
955712 988
1049483 1353
873797 880
316745 547
857421 149
202067 1355
267607 650
431450 115
972124 1343
424166 149
759145 998
21869 645
398703 84
1250683 81
1152383 1360
677251 149
316804 1176
349574 1361
529801 1362
1054091 669
857485 1162
693646 376
415128 763
169369 88
71070 93
426907 1363
185764 1254
333221 969
14134855 1119
473735 1211
677293 802
972207 545
169399 82
759224 1366
710076 1360
202173 348
382398 1317
792000 533
1381827 649
1299908 317
988618 701
169419 56
1021389 936
5589 661
1365463 1369
398819 712
382437 773
1037800 896
336807 1029
562668 52
22003 93
71157 693
1000361 206
196045 962
857597 842
1119745 950
103939 1063
661007 50
434798 59
775697 216
415251 699
808473 1315
312797 183
1054236 668
1365534 1373
628255 321
218656 649
398881 1160
71208 184
382505 527
349749 96
955959 86
628280 64
267837 1376
726591 1377
284224 672
153153 1104
316997 984
529990 1211
1218123 1310
22093 599
333394 1251
317016 27
104026 1378
104029 976
1332836 1380
38502 88
431721 1364
349806 390
300656 1152
1152628 1383
1332854 635
284282 1060
956029 50
448131 1449
1365636 183
415365 766
1250955 586
5773 550
661134 400
644752 368
284311 1009
661153 176
300708 1361
661158 1069
857771 102
17352 1279
104114 541
562869 58
399036 1387
1191541 282
562880 229
857796 202
1152719 401
743120 347
1496787 397
1480997 493
562912 1392
464611 893
203046 956
22246 1352
1087210 1394
38635 358
1090514 431
104181 69
1169142 1461
1447671 751
923384 614
841467 1293
497404 165
203050 1343
1087235 209
939782 1396
939785 1299
71436 94
719149 916
1333013 1307
644892 246
857885 1340
38690 60
530213 312
87847 936
988968 1075
874288 548
811998 503
104252 696
216714 1333
644933 1141
218953 641
563024 589
628566 1366
377828 714
366432 650
963667 1038
416059 766
716433 326
5998 1404
907127 473
1382265 728
1185666 1316
235395 58
546692 17
6021 282
366474 1406
595851 88
180237 1407
3474 1343
612239 1093
1382289 766
759700 14
759704 1389
1169307 350
366492 1409
677792 1231
120738 56
1152938 676
1120181 56
907192 459
1267641 135
1333179 1412
432060 542
112972 1414
497611 56
1456461 1397
972760 884
628697 1230
202719 85
1365984 350
366561 342
1513442 1416
1030481 1232
923626 1291
1513451 1417
399341 1111
874482 22
890874 625
268283 1035
169982 71
88066 571
22532 439
88069 1196
1529882 865
1183407 951
595999 1233
175793 93
972841 548
235565 565
989231 6
443401 1419
251961 83
268346 1420
1284447 695
186428 441
481341 350
71749 172
1153096 1291
645206 102
71767 91
645210 1385
120924 195
940126 88
186473 196
186475 275
1071219 358
284790 5
809081 1424
710783 799
350342 876
202887 828
202889 1006
268430 326
546963 991
694423 600
825498 187
328730 1250
1513630 1268
1349797 396
399529 1339
22705 1427
1005754 1015
530620 569
233162 1429
235711 88
596160 101
880331 1144
410476 158
563403 1267
991000 605
1382610 517
55509 1399
284887 482
153817 440
678107 1432
235741 641
1349854 818
186591 1290
55525 1142
563431 1358
1218459 1212
55542 1225
1366265 651
252155 1341
533546 459
465157 1435
1112449 522
1513736 1259
891149 1212
6419 983
235797 534
88344 149
1284378 840
773851 1075
629029 88
497958 382
1022250 165
645423 88
137521 1294
203058 48
104763 68
792893 1300
891213 1131
334164 165
481630 1125
481631 519
186722 1008
989543 278
350568 1369
924009 323
137578 1306
743787 1200
727404 560
596335 1128
39289 840
1399162 690
72065 610
104837 248
1071494 1210
252296 688
317837 1118
1251732 1408
22933 425
285082 143
711067 585
1186202 494
1284512 838
261544 604
252336 1311
1038774 871
1388276 340
1071546 225
1008714 468
793023 1445
88521 219
137674 50
88524 1446
907726 1066
255053 88
481751 962
1513946 56
1202652 1019
383459 239
809448 589
580083 827
1087988 718
397055 1447
383492 111
399877 225
1429249 757
547344 623
23057 851
203284 1451
432661 50
236055 649
601435 491
55841 74
711202 665
1268259 1111
596516 22
1169959 805
563759 1030
1415730 1432
858675 912
449085 186
170560 149
612929 121
514627 50
481862 516
1120843 1271
957004 1450
1216269 565
1350224 350
1350227 765
497234 902
563798 1459
1137240 152
973401 1388
825946 214
891483 51
694714 56
105054 1291
1481317 171
937745 1000
1104488 1352
334443 753
645740 1208
662125 1286
367037 732
1199891 70
760436 1381
449142 94
233236 494
842363 467
6793 1452
121484 233
1153678 1338
1038992 1371
432785 694
1481366 589
334496 728
760482 1436
1432228 804
1432229 865
88745 397
6826 404
580267 1121
826029 140
826032 1391
1096136 149
137907 715
55994 1442
820212 1444
940735 1438
236234 72
1385591 1158
367310 113
1301199 987
793296 63
1530577 1412
1170134 411
334554 971
1137374 1455
367327 532
39649 33
170726 1018
72424 102
959612 481
350955 746
1317619 843
432887 1354
1530618 229
989947 525
514819 910
989959 698
269064 747
1301267 302
465684 56
1219349 490
924438 1242
711453 1150
1027530 848
1153010 355
973606 556
1432028 1224
449322 93
482092 1241
744237 56
777007 1392
3505 892
1366836 998
121653 1144
973624 1082
933312 1013
72516 742
777034 649
1301325 1459
875343 880
1383248 1460
121687 889
7000 1131
23386 312
290619 567
1186660 210
711531 1214
156819 135
301942 994
1350519 41
695164 582
88957 109
187262 1351
1088387 1325
793476 1461
760709 542
957318 513
1361047 225
678797 1215
793486 558
39825 1078
301972 35
1399701 1180
449432 1070
557257 758
1341935 507
187293 586
7071 1463
1481635 56
1514409 614
973742 68
302000 625
842676 68
1123486 496
138167 843
23482 1447
367547 1447
1153982 224
629700 158
105413 970
416712 206
470860 305
1104842 946
695243 40
1022926 92
416720 1465
39889 670
1270858 1201
547801 270
896847 100
302048 1467
1334247 169
220138 1225
345256 619
220148 1457
285688 811
564217 1469
1154051 1139
760836 340
105477 345
318470 834
1448968 972
1367049 694
1465357 757
89110 1381
498715 681
72733 58
203809 805
728098 340
252965 1227
891942 1394
1055784 827
793642 350
642909 358
1121329 1236
1421150 606
1203254 102
662590 146
39999 68
1530947 592
1367113 17
613456 1296
1137748 480
121941 119
1383512 620
679003 68
1227280 484
416866 203
646243 433
760932 40
23657 1193
1121386 1450
285803 911
105581 1262
892017 995
1105012 519
1416312 377
564348 935
564352 845
7299 1156
121994 29
482445 907
1186958 833
482447 962
449681 350
302226 472
597143 933
1252505 1205
203931 1279
285853 426
760993 350
433315 1108
1334436 945
826533 1388
711847 612
132295 636
548012 50
777390 344
711859 50
1039543 408
621087 295
580796 1209
1432768 800
5155 88
563745 155
203977 932
728266 1426
479095 181
203298 149
7374 142
222413 68
7377 1045
154838 1051
138458 50
138459 1057
318684 48
548061 1134
1164496 189
89316 854
416999 859
515305 982
842990 1409
122099 178
335092 667
1055989 657
539177 273
995199 68
613635 1213
711941 378
302346 1419
236812 1277
293421 788
171280 975
204049 1368
843026 1167
662805 88
1187094 711
1400087 348
187675 14
1088796 1040
220447 404
859428 636
728359 400
23849 1134
744747 102
351535 283
56628 862
908599 1443
941372 868
56637 1172
269635 1422
695624 76
351562 68
138572 600
187727 1474
318810 462
793948 1170
204133 22
843110 644
630121 1127
1105259 149
138610 933
269683 1305
154998 1131
269693 1131
253311 29
3992 1446
417171 121
23957 985
269719 827
581018 50
548252 337
73117 88
56734 629
269728 149
269736 1267
744874 393
883271 809
147377 649
662959 1046
777648 939
1449398 870
187831 369
187833 614
466363 1476
581053 152
1007039 158
236994 177
368069 1173
810438 1228
630215 1263
925128 451
433614 788
204243 1410
1301973 53
351714 717
122339 499
220644 700
450025 176
581105 1210
204274 792
368116 337
597499 1323
40444 398
618410 188
826879 1405
876032 56
499202 748
839595 409
1067381 768
433672 1304
793176 494
155154 1301
819695 720
204312 743
1105433 250
596570 373
810533 1297
745000 1252
630315 325
187948 251
597550 325
728624 1411
765685 819
482870 971
220731 50
564796 1202
1039934 712
106050 1429
876099 1324
40517 187
368198 1058
974410 1051
253517 149
1405527 1101
187989 918
433751 1163
581209 497
1203803 613
106076 329
286302 1467
138848 1359
450146 535
427282 982
171630 832
1515119 1480
482937 1472
204410 1343
1056387 576
515718 326
20418 782
285293 408
777872 379
64110 1451
515734 1203
106135 768
433819 50
384674 265
401059 760
1150918 620
810664 249
1023659 309
220844 965
1072816 778
236147 705
777908 1461
924276 50
106172 1249
188099 812
335556 223
859848 476
138958 102
1466064 279
1449681 143
1154774 413
909021 971
1253086 149
1416927 203
1171168 1261
106209 1063
614120 817
532201 347
577490 1357
171758 805
892657 707
581365 305
564993 1293
1449736 1420
990985 830
679692 823
237325 58
270095 810
253712 468
1154834 58
794389 1418
565015 755
253720 50
1072922 391
712475 421
663335 473
417576 1475
958251 652
1040172 600
7981 358
1351471 693
270129 567
532276 206
1433398 291
1105731 636
1335110 88
859979 70
8013 437
630608 1162
614225 316
1138515 51
1007444 380
532315 783
1204061 1003
1105759 1328
89953 927
1105767 314
712555 1424
24429 307
25917 546
991097 188
221050 47
155516 1465
827261 933
1367957 1481
319386 1248
1055392 381
24476 1216
794530 1235
941991 1415
270249 528
57263 1076
958391 570
1105852 1437
106433 89
122822 1194
712648 773
408047 725
1530532 68
1236956 1220
189776 555
1040354 914
122852 505
1302501 1395
188391 458
696297 1482
173394 187
991214 278
188399 734
974838 65
1286147 1
90116 2
1335309 48
483345 8
270355 10
548886 71
1302551 13
122905 15
1187868 16
155680 18
237601 19
172070 23
787804 442
122923 26
8236 27
221237 32
503817 34
41032 43
548937 44
434263 51
1499226 53
260794 54
483423 279
254057 58
1155180 314
467056 61
155767 1
514751 761
974973 67
204926 68
270464 25
1106051 70
204939 74
745613 75
860303 76
516244 78
1232921 717
1319065 82
811162 83
1187998 85
1253535 86
90275 88
827558 89
106663 90
794795 91
843950 93
630959 94
228040 1337
745650 1134
680120 98
1188025 99
1301194 101
77856 102
1007813 104
106697 1375
217122 1007
80589 109
276881 5
41170 326
467158 114
1450204 118
364581 891
1417441 58
975080 124
8429 88
1138931 88
1106172 132
106749 133
1220865 135
811267 33
1286407 138
397358 822
319768 146
254235 147
74016 128
172321 150
1106212 8
1089829 74
450857 153
1122603 154
1306674 229
1286447 156
483632 157
1417522 159
1377289 1453
237877 88
401721 56
270652 164
139582 166
794945 720
876870 50
778567 168
614728 169
172361 170
876875 48
24916 749
90454 176
1384793 178
418146 180
823355 181
1007987 800
1040760 191
221562 811
876923 193
270717 194
334571 196
696708 828
1478721 548
369032 199
237963 838
696719 202
319890 620
254356 204
418197 205
287126 206
336280 858
975258 210
369051 211
401820 212
9561 560
205222 187
41385 58
795050 876
1253804 218
369069 644
172467 220
614851 226
615841 582
532940 231
79395 232
1286614 235
680418 50
17830 583
381009 109
1139178 241
598510 1064
680431 244
106996 98
588542 1257
479841 979
270840 222
1008127 251
369156 254
1352199 1002
451093 262
893477 628
714161 269
692316 1167
975405 273
1188400 1055
451140 55
41542 281
602209 818
418378 284
189003 231
926286 286
713301 290
615001 9
336478 865
942691 23
303716 295
1221221 102
1516135 10
214460 590
28775 1186
238190 300
909935 136
1106546 301
285459 973
1319540 303
1470 591
647798 305
385661 307
465686 352
549512 1082
402065 315
1352338 316
8854 109
189080 567
172707 319
1279430 268
303782 322
221866 323
713390 694
607688 275
221874 299
615091 327
1319605 91
430196 340
287418 329
516795 8
877244 51
1385151 330
778946 956
1024725 336
1467104 340
1221347 983
744230 102
582374 343
1483496 344
598762 345
549611 346
90862 347
844527 348
549620 85
1286901 350
697078 351
516856 352
549625 346
549630 237
926464 56
385794 355
664327 358
1090316 359
1188621 1033
465709 88
1254160 518
484113 362
271124 149
844571 282
156445 50
1237793 1343
647970 326
385827 129
315526 1217
385833 1229
189231 582
189233 373
402229 375
800644 193
975682 225
123716 102
615237 880
402254 288
189265 381
1106770 382
74579 102
74582 383
861017 385
172895 387
945220 661
1008482 388
369509 390
222058 68
83431 605
123757 394
156526 102
287601 395
9074 465
1516405 396
9079 380
467833 39
615295 50
1041282 66
254851 68
598925 567
1033709 479
631701 404
877465 406
451482 149
730011 552
533413 853
1237927 149
1532842 414
1385391 416
418736 917
172985 419
1237948 243
673269 539
746433 423
1502791 426
1270731 427
467916 1166
713679 429
1483730 754
779228 375
1287134 858
205791 745
156643 1401
418790 436
1352680 326
1450985 437
91115 80
336876 438
910321 441
1401842 52
205811 275
845245 222
697339 430
959487 340
795648 120
844802 443
648195 444
926725 445
1188871 446
58377 31
91146 301
451595 373
762892 448
1401869 449
566300 454
123934 144
156703 456
975905 289
1139752 458
861226 85
861229 148
287796 463
173121 1171
156746 1430
503991 1232
9292 469
1041485 264
74831 56
746576 230
1301335 1188
1057880 444
287846 475
238705 796
681075 1414
1139831 637
451704 149
183075 12
812156 1456
451709 482
58498 483
1041539 484
58500 485
763013 486
1008780 26
91281 57
205970 491
402579 102
42133 206
877718 492
992149 4
530601 864
287898 494
1205406 923
905413 58
173216 498
435368 376
9387 149
107696 251
137795 916
1434803 503
255157 504
320697 507
107706 508
107712 510
1088374 455
910535 185
517320 511
9417 512
648396 550
1156301 1068
320724 94
582869 515
1483998 516
681189 519
1484010 1210
42226 1070
795891 1440
1041652 525
1172726 516
763128 51
337149 53
91392 529
124162 481
501001 532
1516816 534
151768 174
812309 536
1352982 537
1306841 116
156962 44
402725 542
337211 504
1434940 128
451901 1189
124224 548
550209 549
877893 551
1320262 204
566600 409
1025355 10
200930 127
910670 60
1369424 238
1320273 1090
25938 986
147075 557
501081 1037
337248 214
234655 44
1238377 562
107882 149
664945 566
1189239 4
173433 22
1025404 92
451967 570
1172869 572
75143 1155
451978 400
533902 574
992656 179
1189266 576
1287572 577
1418648 579
1219482 1462
206241 216
648611 1395
386474 56
1107371 165
1123757 585
990109 1007
58801 102
157110 588
1172920 288
75196 1328
697789 77
386494 304
315637 88
501184 309
26050 594
796099 388
460364 88
124362 597
222669 598
320981 350
700665 375
992732 444
304606 574
26192 387
1453708 99
1140196 604
75238 216
992750 609
353779 146
1271286 613
1353208 615
550484 475
1304059 246
763392 350
1435138 617
550403 618
1107460 595
697866 454
468491 129
534028 500
173581 63
1386002 621
1454339 1169
910873 622
1107487 623
91683 56
206372 624
845358 402
140848 627
124467 629
468536 553
9786 102
828988 630
878144 414
566849 632
599622 634
321104 48
91729 127
124500 652
386647 881
1082980 468
845409 482
370275 305
1533541 638
812648 282
1320553 197
665197 102
403055 639
468594 149
534135 662
894587 644
263787 645
1222276 58
108166 147
403080 102
124554 63
1487127 1242
1271437 186
796302 233
583313 190
1140335 245
911006 649
927391 61
346763 915
829093 88
796326 653
1468072 654
1429789 1244
730806 35
714423 92
1418937 432
1304250 326
747197 159
337601 282
140999 335
845519 663
829136 120
42706 664
501460 102
15311 1238
517858 668
1271524 669
23505 649
321258 672
1042155 300
1337069 674
173806 675
616183 367
1140477 111
468736 680
1156868 871
1189637 885
583431 683
829192 684
370441 685
1212304 596
998359 270
337683 687
108309 356
1320055 479
173858 693
108323 56
370469 694
157478 854
1337131 479
1009453 557
59182 697
1386287 337
141110 699
534329 700
26426 726
403082 646
258357 1140
354112 971
1228947 703
1468232 317
157522 706
960340 707
9870 58
1468247 995
730969 459
206682 305
894813 1375
894815 171
812896 708
747362 632
26471 711
681833 712
1124207 102
403312 713
763767 716
1124218 352
649084 35
1435518 60
1238911 717
190339 719
403334 589
239497 722
173963 96
124812 351
649103 1034
386972 10
1386404 730
141222 731
1517481 102
419757 428
1075119 56
518065 733
812702 702
108472 736
174011 738
24889 162
141246 352
976833 1132
255944 741
78157 742
1353683 340
403423 194
1320929 265
763876 88
1322244 326
681962 95
862193 645
1353714 415
976883 544
53533 172
26627 1204
337932 753
59410 80
1161023 1083
534548 319
1484822 671
1058840 632
993310 514
665633 210
263857 760
1271851 135
813105 763
452658 764
862259 765
1140789 767
834569 149
367508 914
862268 731
714813 768
534593 770
649283 771
1238710 149
18103 145
676195 118
419925 1268
108630 777
714839 1089
1271897 1270
927834 779
944226 102
583780 783
44535 56
960622 786
321647 144
387185 664
1181374 787
1402998 1293
419965 244
1501315 50
239753 459
338062 652
108688 149
277528 375
899809 793
75928 56
452779 797
452780 311
89117 627
1206449 798
673574 934
305332 444
75959 662
1108156 803
75966 260
1419456 247
26822 72
269345 267
75977 612
1173706 806
1419470 80
1255638 144
1108183 808
600287 364
1124581 815
387302 56
1140967 645
1173736 744
1304812 50
141549 816
1124592 1176
321778 818
1370358 164
927996 806
1272062 1274
665861 411
534798 48
26895 615
1493016 1109
1301551 357
207133 859
338206 830
796960 239
1157415 831
291207 980
534842 722
813372 637
944445 799
616768 50
1386817 837
465974 149
452935 839
1108296 840
98008 312
387410 231
92501 842
911707 844
190812 643
731489 788
469346 155
1255781 635
649577 845
1255789 847
797038 1374
1534319 849
1354103 183
797051 850
338300 645
108926 851
321921 852
92547 853
584078 149
797071 769
1436052 859
780695 861
289176 206
944539 862
289181 863
1124776 88
584107 88
256430 2
1386929 182
1279731 203
240058 500
27067 597
240060 729
1255869 454
551359 676
27072 850
125386 50
276412 659
223692 564
600529 691
977363 109
846298 153
1239515 871
567774 559
1419743 872
384080 758
1534434 764
1305063 874
1403375 838
76275 28
420342 527
600568 526
682491 340
158206 877
1468936 191
190989 354
10766 295
551441 74
780821 33
1026582 1449
7451 390
657156 1071
256542 1146
92703 1016
911904 88
109089 88
846370 710
191014 149
627123 632
535097 695
977470 892
354880 894
436801 895
1321542 897
256583 282
256584 103
338506 185
256589 283
322127 102
1334371 1111
689934 900
1534562 904
731747 905
959933 546
109172 907
109176 908
1354369 910
1108610 513
256646 129
780940 747
879246 916
486033 917
988381 981
961176 918
1534620 920
535198 916
961183 187
668058 103
1534628 107
184774 143
43689 22
502442 150
223915 275
113778 1350
551598 922
1010352 840
944822 923
1534649 1157
1370813 20
743673 1050
944832 928
502466 88
1239755 674
1157839 117
154744 109
371410 853
961239 930
191192 931
568029 634
1370850 933
993062 1190
1476392 937
70099 441
535287 648
1172240 361
223999 48
404224 941
404226 942
224003 88
831958 158
493012 601
769154 1063
60175 293
420627 1153
567087 952
568094 303
1420065 607
1518374 221
338733 424
125743 146
1059632 193
404274 656
324062 155
928566 953
977721 384
469818 954
289599 954
846657 463
715590 350
404302 189
404303 88
125776 49
1256275 960
125781 111
1059672 571
60249 882
355167 88
682848 369
174945 963
764775 789
191338 965
1225191 966
973970 486
322416 149
594408 755
764786 185
551797 942
1305462 968
545257 702
399724 518
240513 198
740157 88
535434 1081
344077 973
469905 920
93076 277
109464 359
1141665 93
437158 74
569842 305
7325 204
224176 764
781237 982
1467397 848
1010621 18
863168 201
224193 641
11205 428
72865 454
1485771 987
715728 794
469969 988
1401930 318
469973 990
175062 991
474276 109
715741 468
551902 698
994271 393
519141 567
273382 447
502772 577
158043 950
257025 709
257027 739
715780 266
797701 88
707973 425
395910 909
44053 102
124761 451
715801 196
1190939 666
1076253 997
961566 998
897541 853
912416 999
273442 904
457014 717
535589 1000
306216 1001
1387563 88
878429 85
551990 1005
1357197 172
1223745 88
207938 1006
977988 469
486470 1007
1387592 1009
945229 1010
207954 24
994389 435
1223766 1012
437336 808
896091 1013
126046 82
306273 1014
306275 1015
1420397 791
568432 848
93298 302
879731 1019
355445 373
27767 904
945273 1021
388218 1022
720063 1023
93309 689
666753 1024
601220 1025
634003 652
1191060 1029
519317 1030
1453208 307
175257 1031
1240218 56
60572 167
829296 198
453794 458
634019 1032
535719 1272
699561 1021
355499 696
1043629 627
765103 232
240819 62
371894 848
699577 962
699580 453
1174717 1039
173871 1041
1256642 136
158916 88
1502405 621
421066 649
388301 1042
695501 418
191699 34
1174741 180
1027288 750
142557 638
208095 880
634084 103
306405 1044
662737 1138
69124 138
863471 425
1338611 1047
27892 385
116606 919
239487 1049
552188 1093
519421 1025
552192 50
542592 779
109828 846
1535240 1007
224521 3
961807 51
1518867 553
404756 766
339224 669
797979 1138
404764 196
427910 993
586289 1059
716073 196
879923 312
141193 731
823860 739
77116 1174
273727 129
175425 1182
437570 218
863559 88
60746 286
945484 1169
208207 1064
453972 1199
470359 50
77147 108
666976 747
1011046 134
1142122 219
1437035 1067
290156 171
732526 1068
486771 829
175477 88
1011062 345
44407 250
1142136 94
640918 857
1305990 452
224647 1071
273804 1073
1486223 797
44432 1075
322963 556
191893 203
11672 448
463428 888
93595 929
324165 29
699813 674
1404326 298
224681 1061
699821 433
553546 1275
191936 886
772910 921
585156 1085
77254 373
469576 898
1142218 1093
929228 1088
503247 677
798160 897
1011160 1089
1020495 786
470496 112
421356 938
1486318 997
716273 149
191986 1096
683509 1317
404983 1320
241149 290
470528 545
585222 25
1159767 837
1240590 1158
1234684 88
1050542 1103
175640 144
863769 887
240987 546
536091 88
175648 768
388641 1106
388643 1107
305073 953
28201 482
159275 1344
1388076 80
241208 1011
1110623 375
159292 1114
14134847 1115
14134848 1115
814657 311
14134850 1116
14134851 633
159300 427
14134853 1117
339527 571
760912 873
14134857 1120
14134858 1121
192075 298
536142 172
355921 632
1519192 1126
323167 1114
421472 304
487014 116
126572 1130
1027696 734
1175155 219
290420 1131
175733 116
618105 589
601722 1391
1339007 88
683649 613
61059 1454
1339015 616
110216 705
847497 958
437900 196
568975 1133
945808 1134
274065 75
93852 895
847523 1062
1289892 682
28325 1117
224944 393
208561 1407
470711 1141
765627 736
159422 242
962240 587
913092 1142
356040 1143
51148 721
208587 818
257751 102
472843 910
306915 1093
863973 1149
421607 255
667369 1150
470762 94
945899 1151
12018 1152
257780 547
545406 1281
569080 1153
765689 516
37499 1280
585484 187
372500 1442
405271 158
470814 176
847648 447
1428691 854
27680 600
208683 676
1535788 1159
569133 925
126768 1069
372535 88
23860 16
651066 1163
763871 608
28480 66
1158979 996
569163 1464
585548 1456
634701 1167
339791 1462
618321 1354
1093462 1072
896862 58
585576 1173
438123 1175
339826 1178
995190 27
585591 68
660116 369
175996 1027
716669 565
234133 539
503680 22
28549 599
1077127 1171
798603 51
782222 1184
782230 298
1290135 187
648537 88
995231 632
274337 1477
618403 1188
896933 458
1060775 1114
1486762 332
143278 600
1126326 1191
372666 276
765883 804
389061 1193
815048 1045
1437641 827
323532 1074
28622 600
507214 1022
1011670 1195
1413796 290
749530 1284
1142747 1007
1241056 1197
372706 773
421863 310
149500 885
176407 937
651247 471
208893 1158
356352 1203
94211 953
765960 488
356361 948
503818 278
323600 772
258065 669
880658 515
1110039 266
405534 785
667680 974
1184432 74
225316 1206
340014 51
208943 483
159794 122
569395 144
421940 904
1191996 1211
94270 445
929857 533
454725 99
1093707 1213
1126478 234
1306708 494
782433 1441
77922 22
208999 1215
274537 395
471155 842
1184446 1231
245097 803
59412 87
1536125 229
1355907 940
438406 1222
1044617 1223
1126539 1224
356497 648
1224852 284
45209 489
1323163 1227
1061022 1228
274593 1200
1355939 265
83886 146
422056 600
684201 342
45226 1033
176301 321
716977 1229
405684 571
854046 1223
1241270 1231
1536183 221
209080 876
241854 1005
1110210 0
143557 497
159946 967
372940 1464
1437913 1016
385686 645
880868 80
438503 585
183181 872
1421546 1237
482685 1466
1340116 413
471290 225
700667 977
127228 947
559146 94
28927 957
848128 149
176385 146
291075 50
389383 461
700684 1240
377949 1276
138446 94
45335 358
176408 1087
864542 1042
720261 1326
979240 1136
1339692 788
1113480 176
1421618 441
229011 1243
1192245 53
454967 339
979257 1396
1225018 450
1192262 1245
749896 477
29001 961
323917 68
45394 1175
602451 68
553301 257
1372502 1248
157754 275
258405 1251
1170833 56
938727 9
487792 1253
602490 841
864644 589
1028486 186
848263 1356
274827 88
340364 411
1159566 599
29074 1426
1225114 1255
373147 244
94260 1001
1503650 1226
1061547 947
1208748 1258
143792 664
373170 76
1454516 1260
700854 135
568357 60
881086 1127
1290688 1261
225739 1263
848337 1264
487894 155
373209 82
1257950 101
1208800 1048
1454567 1169
385906 282
913903 1308
482705 949
1015208 372
61938 880
537077 196
12797 326
700927 142
635392 40
619009 1236
1537540 72
782853 0
586252 163
324111 447
29204 88
1339932 1002
1126945 523
378971 317
422440 899
61995 170
274988 995
29229 395
422446 85
733745 949
520758 1091
275005 1040
1356355 1086
537157 687
832074 1231
384439 298
1389133 547
78417 1277
160338 102
945893 1070
1372758 755
662969 568
225884 337
94815 516
1143394 219
389731 1279
324196 1020
1389164 50
799343 118
406135 44
635512 84
29306 260
995963 1413
160385 1189
782978 516
946822 632
717454 86
1241743 1140
570004 1260
291478 1285
62105 882
1225379 433
466375 69
307892 555
864951 904
357048 1290
1372861 1219
619199 1291
145071 268
537281 353
389828 1292
193313 731
357064 1294
359884 1097
1307338 1219
537295 541
340690 459
127700 412
291541 684
1487574 86
783071 990
193249 1023
1513831 511
602852 536
463654 171
111334 213
324328 738
45801 1296
848626 562
969113 1298
1078007 436
570104 1017
1405689 973
127738 1299
570109 856
29441 1101
1093747 378
297089 48
176906 935
1471249 884
881426 102
422682 1137
766753 613
848675 1300
439087 149
144178 458
1422133 692
176954 740
979771 500
1454908 298
318501 1060
783169 572
619331 752
881480 734
45899 1159
635727 50
1160016 586
635730 697
586580 71
73188 853
231567 1213
258909 314
144224 88
111459 1306
1454952 612
193340 315
1028974 326
1351803 66
832372 1309
144250 1047
1487740 1107
373629 683
963455 158
553856 1310
783233 993
586561 408
108461 1311
242572 267
1438605 1087
78739 944
963480 1313
29594 705
504731 305
521117 787
963489 962
1520547 1315
712178 1206
1078195 50
51358 1316
537534 1079
340930 821
95171 68
160708 1323
1225671 1244
774598 1133
488393 1061
881615 684
291795 1247
979931 1322
390112 1400
1324004 449
193512 503
881642 799
488428 352
242514 102
177135 1112
160754 1265
898040 989
963412 1132
160762 631
46078 21
947203 187
1143814 571
1487882 1145
676695 137
242701 1399
1356814 441
930831 1326
29714 26
570387 243
258905 498
13338 52
13340 282
1455135 596
406570 1043
455723 503
78895 1282
1406005 1239
406582 68
783424 698
1389408 378
226147 335
734292 565
95321 1111
78939 683
1406044 131
635997 220
504926 607
816223 473
1406051 972
128101 306
1537127 56
504938 462
471912 1082
980083 1333
128121 482
881786 609
1471614 1181
1261077 102
1012864 1183
504962 159
1078404 1335
886979 340
1488020 30
308078 658
865431 1152
390300 263
982554 58
668832 1191
799905 103
641222 19
570534 683
1274343 642
160938 63
455860 945
242869 835
144570 40
1029315 229
1406148 367
519282 972
13511 50
849098 354
193740 375
62674 735
654883 181
29911 1202
496506 114
146981 451
849122 184
228902 922
308457 574
242922 68
1258732 469
1504493 109
204328 22
718069 102
966647 322
1388369 1221
390404 984
619781 50
947465 926
832782 492
701714 1211
72467 1067
1029404 780
570655 149
980257 1322
1373477 124
668969 135
406829 140
1455407 1350
132480 861
1160504 893
161081 1313
210236 926
554301 356
1422656 267
1176897 1352
275781 436
439180 47
423242 68
128334 460
1357141 203
128342 38
144735 420
636260 1180
423273 207
439663 1159
963955 97
718198 1359
611220 681
423290 600
718215 1393
226701 1216
1007171 1082
13729 176
112036 237
717725 1314
46513 1000
488882 1364
62906 664
182517 1346
1258944 719
1324483 253
718276 282
1226181 65
1242017 995
636371 88
1045972 1364
128469 914
259542 1367
718295 462
30168 302
1160667 466
79327 1245
1373664 1015
1018107 1368
914923 1370
1226223 864
608510 104
849401 1166
1308160 293
1390084 1193
701965 1371
1046031 51
259603 88
30231 1026
13848 1099
210460 500
79389 1372
374303 958
964130 1374
1078819 50
620069 342
46630 326
489001 63
669226 1031
505390 790
325170 102
194100 183
336530 1365
159767 330
816698 685
13884 102
1242689 589
472650 1004
521804 609
1291853 94
243284 354
1275481 1198
915037 1275
215312 897
767587 1379
1144421 1039
357990 354
428305 1113
243306 136
30316 331
63090 1382
1226355 388
1013364 1214
931448 356
734842 252
1275518 363
472706 58
571011 1384
1472132 231
521226 1479
112268 68
709570 546
669329 512
816791 846
568944 1478
56943 771
243356 225
46751 1258
800416 1073
1406628 1246
505512 110
78791 1280
702124 457
571053 467
1078959 981
226995 973
504777 1386
849593 210
587450 149
194239 636
947908 794
390854 1388
734920 1355
915149 732
685775 361
243409 1329
554707 1389
947924 775
1029854 1010
30437 676
1348561 1393
1029868 465
145135 102
489206 994
112378 525
620285 86
620286 88
882442 879
660439 432
310915 543
210720 238
1259298 422
702246 1086
587559 1398
1292072 352
30506 814
341813 590
30518 632
900816 592
1026133 1311
575797 187
554816 784
46913 962
79689 383
103583 779
456529 136
194389 1012
1210200 1402
374618 60
958095 910
898912 245
1193830 1161
1341287 1017
604016 641
128882 601
835219 685
882549 225
1258474 1403
1455999 618
571268 668
1144712 1405
456585 913
292751 58
522130 199
1488788 88
538518 1408
243609 58
459294 196
47006 356
723269 187
1013667 1085
30630 244
374699 1397
538541 11
341936 1347
112562 693
309175 1411
636858 1187
96188 1413
1472446 1303
636871 77
554955 155
407503 1415
1472464 1383
1357777 60
915412 1307
1193943 58
800730 873
243696 1148
587762 994
14325 63
145402 848
342013 26
1226751 1377
374789 281
118865 655
538642 400
1325078 578
1456157 1146
145438 725
505890 300
1112099 969
309284 365
964651 767
292910 1002
1046578 1367
532147 1398
636875 88
1209354 1325
882754 1421
915526 887
604231 1366
981064 824
849994 724
964688 102
1437879 339
161879 342
309338 575
309339 1422
735331 1321
1292390 1423
473193 869
63594 604
15211 501
1233939 56
718966 874
1444201 56
538747 1387
1177725 204
850046 1425
96383 1365
669826 835
1190253 1425
145554 282
674158 1056
129175 298
933572 471
1079450 602
1407136 339
538785 50
424101 193
293032 1213
1505451 1362
637104 187
1145010 1428
391347 1339
833717 1134
1128630 1348
14520 1417
1374398 649
1013951 88
96449 255
194755 494
80070 438
1472712 1349
1079499 974
1013859 1403
243920 1318
473299 94
211156 1190
710810 573
985465 1430
194777 1431
1439965 1172
1456350 431
1407200 1404
342241 1122
473316 170
866534 702
391399 68
948460 807
981231 641
620786 1098
293107 1240
1230189 1433
112892 88
702720 999
276737 1077
817410 1434
669956 1335
1534337 376
250924 1436
1112331 358
1243405 544
194833 850
1390871 1028
96540 714
735517 1437
1210550 136
786139 895
391463 622
899373 1375
833838 943
80175 187
171522 1478
407479 1042
713541 380
538938 280
522560 683
1112385 1438
1128773 50
244039 1327
1525888 501
1046860 246
47437 105
571728 423
14673 50
141710 1139
162135 1177
932184 806
14681 966
866651 670
1046878 1201
1259871 401
227686 54
784746 1184
513085 1145
342389 333
1440122 1439
833916 1175
866687 1440
309632 675
1456513 116
752003 117
964997 767
637318 56
259137 1329
1259912 1390
127607 206
653708 1221
1505681 715
784789 102
489879 877
309658 1291
604571 1353
571805 380
113059 102
686503 126
997800 1442
1030569 88
1391018 1380
485789 1460
571830 44
47543 1444
1014200 1417
1096125 96
489920 161
784836 1167
1325512 1274
719307 898
424407 669
670170 1096
489949 199
555493 21
709713 222
1440234 80
899567 1069
1391091 432
899587 236
1260040 1448
637454 1065
1243664 708
801297 605
490006 686
522775 244
997915 1255
129567 90
637475 1003
801318 417
293417 108
211498 63
424493 774
80431 441
1407536 1392
1161779 1295
883259 214
326205 856
670270 1155
391746 317
293445 1076
768582 1443
621127 455
948809 385
637517 1168
100792 551
113237 308
293462 931
342616 844
932441 743
881072 88
424542 973
391775 149
417552 326
604775 970
29799 659
817773 440
260718 463
1358450 128
1094356 58
195190 1069
981623 1140
47745 1441
96899 511
1260167 311
14989 914
293518 1123
1112719 229
106264 56
375444 51
719514 259
129691 1204
80540 149
227997 984
1276577 512
1129136 1229
985544 770
119924 68
1030842 516
621248 1179
539332 1225
908321 1047
195272 470
785098 350
443096 1384
1391310 119
1374928 1310
1014481 123
228050 284
229093 872
228057 1361
408282 60
801499 1319
375517 1386
1403695 589
834276 880
260838 91
654055 1320
80622 1412
129775 973
64242 187
375539 1361
965368 981
604921 887
424702 879
735999 1457
801537 1373
1154859 580
146184 208
1489676 1370
1440527 192
211731 968
506644 306
1309463 1376
15135 929
47904 110
31524 354
736039 1406
1030954 1458
801579 1336
325661 829
228142 297
129840 801
1473332 377
1332361 44
179005 1143
506686 1087
211789 898
1260366 187
293713 978
801621 503
310108 568
998240 863
752481 1057
47970 482
884539 554
1108455 510
1415615 108
195445 106
867195 1397
637822 526
1506175 311
605056 816
1159833 203
1391497 1254
719764 56
1162135 131
457625 45
736160 830
883620 58
211642 1383
752553 350
162730 637
539563 588
736173 1382
87199 635
654273 885
1358786 239
31685 434
867271 899
1096654 1168
483149 1184
228306 1298
1047507 561
342996 350
703447 74
1407960 820
408545 1372
588774 1061
850925 1468
834542 68
1407983 1281
162800 827
1522674 1435
1309684 286
687093 1180
97270 56
1223668 888
97280 1172
932870 390
1129481 624
965643 572
637965 1030
1211407 1345
556049 1423
48146 730
236196 309
1522712 38
729387 1237
1047578 421
97308 420
712539 577
785444 1334
883749 850
834602 603
141832 1454
523314 56
183823 1317
801850 1470
586933 302
1506373 848
556104 275
48202 901
113739 500
1539148 351
539725 1255
1354253 340
244818 50
212052 600
785493 583
883784 22
64607 1431
1506400 465
1358946 219
62709 1342
506981 170
313669 1269
687211 567
46888 1463
867442 316
1211513 883
1145980 882
228481 1421
1002845 107
228484 111
1427990 122
130188 1433
261262 307
801941 1458
48280 1356
368495 25
1391774 747
212128 762
244900 94
1047719 993
707100 620
670891 468
490670 102
1457335 225
720057 1014
900284 716
720061 1471
211563 502
261311 1349
539841 1273
621762 272
677067 585
474309 63
31944 521
146634 1330
212172 167
1059362 1445
507087 603
769232 1063
556247 612
720090 43
709839 371
195804 261
441575 1468
1506538 254
122749 1283
1146103 210
1539320 1416
589049 577
359675 798
1178880 1044
343297 780
1244418 1472
1490184 187
703753 575
1522959 211
703763 144
326933 429
1260822 310
425244 1080
458014 989
916768 102
654626 1075
818469 102
1024123 620
130348 68
130351 549
1506610 1114
949555 1473
81207 889
805428 89
1260860 729
359747 978
179524 361
1113418 256
163150 1092
769362 354
343380 1127
671063 1470
308767 1450
507229 644
540001 1452
1064290 136
769379 1475
949604 1197
277865 1221
64875 482
97644 431
900461 1433
179568 659
425329 830
97655 635
431338 864
1523070 88
638335 63
949633 781
550637 871
1228168 1346
64905 294
179594 693
327051 577
310670 163
441745 1046
15769 88
327071 1185
48546 767
703909 1351
1506728 312
1023460 876
425391 1095
518728 68
48565 156
1179062 874
1523135 290
261568 783
802507 427
294346 187
769484 1309
146893 1166
1518157 58
785872 1469
1310164 1053
81365 326
212445 260
246590 149
1523169 577
1408482 890
671206 1378
1424872 1476
638442 68
638444 598
346706 741
65010 419
619774 49
1228280 250
343547 1158
343549 88
757227 281
130560 58
409089 883
409095 49
474634 633
359947 1285
605713 109
491026 227
589333 171
171291 86
81434 473
785947 1186
278044 496
163357 332
374021 1331
1015329 1400
1015330 1233
359971 1389
890118 620
708673 924
278449 1477
1211944 403
15914 176
26511 1284
1244721 1088
949811 196
1130040 1350
15932 443
1167494 323
285861 376
409154 1253
114244 217
310853 149
392778 1262
1343051 844
125538 361
480525 187
32338 962
1408598 32
32343 1182
409177 1181
1048156 462
65122 455
376419 1334
261733 1466
727667 314
1343079 506
458344 639
1343083 1247
933485 1276
310894 1344
933487 282
1228401 305
622197 1129
211666 1480
709908 88
786042 373
245376 1199
196227 867
548801 520
671368 170
917137 1069
949907 125
196252 763
32416 1084
1408674 56
540325 1254
798150 1086
800028 97
163500 1418
960183 312
382237 723
1482696 1086
1130166 216
97979 1154
753340 50
835261 914
720574 155
1294017 1041
605892 187
917191 934
179912 93
736971 366
507600 603
802514 1024
638301 567
622296 187
32475 1448
573148 530
1081055 1481
1113825 522
1457891 914
524005 314
212722 762
442103 584
1201871 165
753410 1479
999174 60
1244938 957
311054 914
179984 1405
392979 855
121222 58
221145 630
769818 187
65314 1266
98083 141
261924 679
51846 149
442156 1434
169266 296
3490 1249
117385 102
808244 952
360251 155
458556 74
1376062 1327
289143 1402
786248 1473
819019 626
966478 652
245590 610
212824 713
73701 1302
1474403 60
1163238 1151
655216 1066
1179514 47
1212290 761
786312 111
130955 1202
1392524 1165
393103 594
180112 973
327569 266
622489 776
229281 44
1376168 683
1245097 38
278448 80
458673 1346
1114035 1427
950202 1471
442304 276
404807 852
360389 747
393158 311
393161 973
851915 647
1228749 900
539778 946
1163223 1474
278492 102
278493 1401
262112 80
1048546 88
16355 314
966630 1227
720874 343
1458161 309
1032182 823
1206953 661
