1 0
753666 1
622598 2
163847 3
1310729 4
655371 5
868365 17
704528 805
131090 6
770067 672
901140 1371
338606 197
22 7
573467 1467
1163293 1066
868382 529
32799 8
1294373 250
933927 143
1097735 1465
32812 9
674482 671
1048623 10
1378995 428
376884 1395
1343542 11
458809 12
147516 1469
753725 13
49216 623
114757 886
589895 14
65611 15
557132 16
278606 1463
409679 76
507984 1471
524370 18
770134 55
213079 1393
278616 652
655453 19
557150 20
102 21
82023 733
1458280 1472
589933 22
1343599 23
228050 715
1376380 24
557181 25
999552 1473
163973 26
502466 485
704657 18
1261718 1132
393368 27
54557 747
753821 28
426149 29
1065128 668
1187868 424
173 30
1179823 31
426161 32
983218 33
963955 720
1278132 34
180405 56
1097912 1415
590013 35
409792 1475
917699 36
377029 125
606406 18
49357 213
1245390 37
540880 619
442577 75
1278163 38
590037 39
215 40
217 41
508125 161
16606 225
770272 1142
311521 498
1212643 42
508133 60
33001 43
114925 602
868590 1477
786673 44
1458420 659
669054 388
335913 989
524539 45
1278204 46
966912 901
377089 733
1392899 1478
431489 47
1212681 24
114954 1479
885003 48
1114380 49
82189 836
1229071 1481
1360144 1482
377107 1483
655639 50
721177 51
901405 133
442655 1048
603526 1343
701831 117
147761 713
312 52
213305 905
991285 456
377155 24
1054092 250
573773 473
311631 502
213332 1484
229717 53
835926 339
1245527 54
606552 1080
180569 1485
360799 55
82286 1379
573807 366
704886 60
1327479 129
557435 57
1212796 58
1032574 584
1261959 6
1294729 706
1294730 1486
82319 1411
1507731 59
131476 60
229783 5
770457 764
541083 349
524703 61
1048994 62
557483 63
557485 64
65966 65
803252 116
557497 66
410043 1487
737724 908
262590 68
786880 69
1163713 897
311746 1488
1180099 70
82372 1140
557510 71
770503 1323
835660 1470
786891 73
246221 414
197072 74
1180115 75
1327576 1189
1458650 443
1032271 258
589226 1175
66022 77
420604 78
393710 41
819695 79
82418 466
410099 1314
1458676 337
786935 80
33277 81
1131007 1490
131585 82
1507842 83
1229316 1491
612141 396
344587 526
1475087 84
524817 85
721426 86
1147415 87
524824 88
524827 89
180764 633
459294 90
180771 1492
868900 1123
1294885 1493
573995 895
361006 91
1245746 92
832948 948
279099 410
246333 1495
16958 1496
361023 93
377409 1497
1393218 1142
1031137 607
1491524 733
492102 94
754248 95
1229391 1498
1491544 266
688733 96
311902 334
1294943 519
361056 97
229985 98
1044645 1137
180835 252
1229413 1401
49768 384
1180266 80
524907 99
475760 353
1163892 922
1278583 100
328312 101
1248020 440
836226 394
1360515 117
1477398 441
131719 102
1163923 609
246424 228
666 103
705179 34
98972 104
1226181 995
328357 105
230054 106
1180332 64
1114799 24
361138 107
230067 108
142110 28
230070 109
197306 110
82619 1094
803516 67
918205 81
1360577 117
1261077 772
49860 580
115398 702
639698 1164
1458899 1490
497102 111
705238 1499
688856 112
459482 113
557787 114
1163997 789
1409758 115
1518374 116
197353 117
803564 293
541422 1500
1458929 569
49906 875
1000179 209
705268 1501
204926 103
836343 220
213752 414
259540 431
377604 317
115462 34
459531 118
1508111 119
1377043 120
279318 99
508695 652
66331 121
798 122
262949 123
806 124
394025 125
934700 462
99118 126
1191541 758
1164081 1503
1000246 119
656183 127
1180472 128
475962 1504
148286 677
66368 129
1311553 130
17219 855
840 131
297783 449
475982 937
672591 57
541525 634
869207 1119
688985 32
951132 99
1524573 1506
1278819 67
148326 351
82065 321
508780 546
754542 133
344944 1507
426865 134
1131379 60
213876 1508
131959 135
1057880 1067
967549 1253
1147775 136
1475457 137
623491 138
1000324 1509
656263 139
1131400 1510
1049483 140
967565 978
115602 731
1463790 142
1065878 896
1328023 1232
1082266 143
1393564 1126
1541021 144
574368 1450
639906 1511
50084 1512
1164199 1513
33704 145
1442729 18
672685 117
885678 146
639919 1464
656306 147
213939 372
1442743 148
1000376 1173
279482 1514
361404 149
338909 1199
50110 196
558016 150
476104 804
672714 1516
349194 60
180069 1085
721883 151
1065950 59
246751 117
125776 60
1016803 152
967652 786
1051473 452
14124015 153
730545 411
1098740 854
246776 489
464383 749
1311742 154
226816 1517
640003 1518
66564 155
66565 156
705542 848
1223511 919
345100 1420
476176 1019
181265 36
33811 157
101209 455
164889 159
328730 160
853019 161
951325 162
230433 163
934950 1359
984103 164
14124072 94
525353 165
853034 166
214060 117
803886 117
820273 167
14124082 168
1147955 169
14124084 170
33845 171
14124086 172
14124087 173
14124088 174
14124089 175
14124090 176
14124091 176
1377340 177
14124093 178
14124094 179
14124095 180
14124096 181
14124097 181
14124098 182
14124099 183
14124100 184
1082437 185
14124102 186
394311 187
14124104 0
14124105 188
14124107 189
14124108 189
14124109 189
14124110 190
14124111 190
14124112 190
14124113 191
99410 192
1110 193
1188025 995
1115226 71
246876 1522
214110 1523
1541215 194
197730 195
1475683 196
1279087 197
1137 198
1279090 199
1269950 1524
404329 1188
1328248 1269
558201 200
499903 402
918655 201
803969 473
1377412 202
619781 18
1218073 203
214174 90
33951 204
977776 205
99491 206
869545 266
672941 62
1098928 713
1443002 207
1463839 417
853180 209
83134 576
492741 210
132295 211
885960 212
1426635 1293
541900 24
771277 471
147661 1476
1164496 970
83155 350
1098967 396
1377496 214
1246426 215
902365 24
13861 1351
1180907 216
279788 583
378094 1525
254354 954
427249 71
673011 24
66806 217
1087017 16
1180920 218
181497 1526
99582 219
1179861 220
607489 968
230660 60
1148165 221
476423 1017
66826 222
263435 218
41176 1000
427282 223
568195 1191
443668 710
1410325 224
245977 208
115994 1054
1492251 1527
738588 954
443677 250
83231 260
181536 216
192628 1033
148777 1217
214314 1054
574770 485
50483 1528
508126 749
591158 226
689469 227
50496 1529
394561 228
66883 60
230724 229
247109 12
312648 753
34122 230
591180 231
1532130 1739
968015 717
591184 232
329046 233
394583 162
984408 234
787804 235
345437 394
525665 236
132455 237
1017194 238
99692 239
1230189 496
17776 791
478099 739
34164 240
378231 485
1403 241
1181052 242
476541 24
99711 243
476544 1531
955968 244
624014 83
1295759 489
1344912 245
427411 246
1443221 184
1099158 1009
591255 247
411036 1201
34205 248
1361314 580
345507 64
460198 249
1181095 250
1017260 251
574896 1121
476597 1247
1099195 874
1066428 1534
1246657 18
656834 123
407586 1364
1082821 252
34248 117
603725 730
738769 1037
738770 833
968147 1489
493012 253
1136206 216
427478 97
355236 254
755162 255
17884 33
1492446 1536
1426911 476
1246689 256
804322 791
280035 350
50242 265
50662 795
263655 257
296427 24
333394 612
50670 1537
17905 90
656883 177
99828 258
673269 954
1066487 1538
706040 333
509434 52
280060 698
132607 243
951810 259
591363 139
230917 260
247304 24
591369 261
1305043 1581
1148431 262
50704 698
1443345 115
460306 263
984600 264
209549 642
820772 137
558631 123
329261 265
804399 34
984632 194
804411 699
1598 266
181825 1050
1197634 1540
295179 267
1476170 24
493132 268
263757 269
67154 270
214612 1192
869975 211
575065 371
263770 271
1476190 272
788064 273
165474 274
1082980 275
1033834 122
79463 1354
411251 1541
431721 63
1115768 276
181884 60
453568 135
542338 16
525955 278
362116 279
394885 280
689799 135
442647 725
34452 281
983321 282
329371 226
919196 283
1443489 284
476836 103
427687 285
965755 123
1525420 337
804530 1434
460468 60
771766 473
394935 286
149181 498
165571 162
198344 287
691148 415
263882 84
865911 52
935628 824
657101 288
444110 24
329434 289
771803 764
952037 290
1115878 291
709839 1661
956029 139
886521 292
558842 289
1410812 293
1108102 172
657151 294
820993 295
1122603 1002
657156 296
853765 117
165638 90
329480 297
984845 18
329492 298
165653 299
1476376 300
214810 90
280351 1161
1828 18
345894 1542
624426 301
1838 302
1263407 1543
67377 18
132914 303
1312564 304
427831 305
444216 396
788281 306
591674 307
1148731 308
247614 1545
1378113 309
362307 310
149318 254
460619 311
1868 312
558925 117
100175 313
1872 222
280402 1060
477011 696
231252 314
401721 1003
108630 619
149342 1547
886627 117
1017702 315
280428 384
1050477 316
722799 317
673652 752
34679 318
706424 1549
1410941 319
919424 250
1116035 117
1924 320
477063 1217
280457 1014
22167 321
722828 322
1148821 323
460694 324
690072 325
18329 401
1247131 326
67484 327
837535 564
935840 1550
935841 581
1181604 328
853925 329
509862 1260
313255 635
493480 330
165802 331
191475 281
788407 117
608185 562
313274 944
177823 317
1247167 332
1095599 1237
509900 24
460749 333
444368 306
1361877 1553
1132507 1554
755679 334
804832 919
247780 1442
460774 335
116712 1555
1034217 845
395242 336
1066990 1277
149492 81
1443829 337
149497 1220
362490 338
559099 226
935935 1445
804867 1347
1327446 1299
165896 340
542730 257
67599 238
559121 22
804883 379
231444 341
1509398 342
788504 343
903195 1135
460831 344
1001504 1178
1017890 345
231459 346
886822 347
559146 140
1076231 246
104114 348
336221 40
1001522 1557
952373 24
306185 250
821304 349
935994 1229
311647 428
804929 1549
34885 351
67659 41
133196 352
2126 353
1493079 1558
1247321 99
198747 354
198750 197
165983 355
67680 356
346210 494
1247331 357
1099877 834
1476712 358
952426 359
231532 360
1050733 361
1083502 362
526450 363
264310 73
133241 364
654240 377
624763 60
1450346 718
739455 733
1083521 41
870537 924
231567 365
116880 783
947907 25
280724 52
1198232 704
1229167 732
133277 367
1198239 213
837797 1560
1296554 1561
1390719 938
1525939 549
247989 137
51392 1562
362689 368
493762 353
1444036 369
411846 1132
166091 236
1345740 328
444624 475
936145 911
1280212 370
624857 104
67804 155
510178 1508
936164 720
198886 371
1156128 1059
1378539 372
1378541 373
379118 28
1050864 196
51442 869
1169107 374
182517 1563
887031 375
18685 159
166148 376
461063 377
110281 810
84237 1564
67854 378
215312 1168
346385 156
887064 379
887068 380
821535 18
182561 1133
870694 1414
870695 1517
313640 139
1067306 1400
1253767 1010
138106 1074
133426 381
379187 60
313652 280
991625 763
592187 383
67901 384
1018175 313
395589 272
1411398 385
674123 290
38626 386
887121 387
1619683 353
84308 583
35158 388
412000 1565
7981 762
1182051 389
1378660 18
1472231 569
199020 96
461165 24
1067374 504
608626 1046
590227 225
1362293 250
172436 1013
625021 390
690563 391
854404 392
172438 110
999831 393
526733 394
756111 395
543125 1309
1034646 1443
969113 831
133534 396
133536 397
35233 398
1444268 18
281005 1050
330158 399
1231281 1566
1051059 400
1220983 1007
346553 1567
967071 564
854460 401
1002570 584
248255 983
1477057 118
641477 1373
772550 436
985544 402
1100234 1375
969163 1568
745353 863
35278 403
1251064 247
1163481 156
1092686 858
428504 404
641504 566
362980 287
264679 405
939772 406
559596 407
1378798 27
1177341 118
1477107 408
330228 286
1001973 1451
1018358 409
870903 636
543227 1279
805373 1570
444930 749
1247747 410
1067528 442
920073 109
707083 60
657933 221
2578 411
18963 1571
543252 873
84502 1432
68697 483
707100 803
231969 285
1444387 412
87814 413
1411623 329
543275 1572
281132 1240
1182254 250
1362479 500
84529 1183
805428 24
68153 414
657980 415
100930 416
1198659 1536
1083974 54
2631 417
1165896 105
985682 418
870995 718
133722 82
51817 304
150124 794
379504 103
1149553 420
51842 1206
150149 623
395910 18
117385 18
805514 60
346763 1435
232078 422
559759 423
363154 127
854681 424
821915 425
445088 293
854690 426
1163718 53
1329840 83
527025 427
1395378 1252
1559219 351
690868 429
428725 124
281270 1193
901577 381
1264313 845
936636 93
740029 1167
445118 1577
527039 430
210720 18
1084098 431
756421 230
1116872 18
150218 1355
920270 103
281296 24
838353 42
199379 432
275057 24
658139 433
772829 1259
248548 290
428773 434
1313511 435
35567 436
281330 49
68340 437
117494 1514
19194 1521
559867 74
964394 1106
903936 546
232194 438
559879 439
1231631 828
805651 432
625428 410
1084182 53
887575 442
1163738 379
1018655 106
527136 444
264994 445
1264426 130
772910 28
1477423 446
265008 447
789297 448
281395 410
838455 1357
133948 450
1362749 216
117570 351
1248073 451
543562 281
658252 24
445264 1358
314193 1579
985938 18
1149779 453
428886 454
1035097 130
248670 216
314208 729
1215632 488
844262 459
1264490 410
805742 1107
871280 862
642909 762
1362804 1580
145214 1366
2935 456
1289945 820
756610 457
822151 458
838536 1028
330634 459
134028 460
674705 1462
445330 910
740243 196
1362841 410
1182619 461
1117086 462
428963 463
445349 950
461737 464
347052 1581
836082 597
1313712 52
166833 467
1280955 468
244513 1412
511136 1582
1100738 1583
478147 1407
68554 469
1526732 1359
35789 470
412623 18
887760 111
691153 471
634019 112
789460 472
478173 1053
35807 432
281570 490
117735 1584
396269 323
639485 1489
519336 473
478196 1385
379901 1574
1084427 25
1425922 946
347151 673
1035282 540
298005 105
560153 16
494618 474
134173 475
789536 476
707618 738
543781 1332
314407 616
35883 193
592943 477
543792 1585
379955 372
986166 478
1374928 479
707645 1586
52286 1587
347200 424
1297473 1588
371894 480
1018950 481
429127 18
52298 1064
609363 1058
494680 482
183385 1488
68699 423
429149 484
1412192 117
576612 1406
1196561 963
896189 376
144135 52
937074 277
396404 485
593017 396
543866 476
904315 1298
1483621 372
882538 667
478337 125
1330307 843
1379460 486
1494150 124
281737 24
593035 487
937154 1589
838799 962
117904 24
1035409 793
822467 18
1182869 489
183446 1590
543897 737
1232026 1582
1363100 107
19614 1591
183456 723
248994 485
115227 1432
478378 548
576685 1592
494767 490
281781 999
330935 491
1445055 492
675010 1273
249027 984
543941 492
19654 24
363721 493
642260 173
330966 494
593113 495
134363 305
36060 496
12897 531
445666 1111
1494243 60
969960 90
871657 1538
593132 52
445679 776
388007 1593
183545 680
494846 384
560384 497
544004 1594
953605 264
1084683 498
1576204 499
1576205 500
1576206 501
1576207 502
1576208 108
494875 503
1019165 504
216355 510
396580 445
724262 287
205361 611
150748 167
331050 299
705074 117
740654 1595
142557 467
625969 424
1264948 580
1002807 1527
773433 1596
1183034 492
986427 505
1150269 506
413000 1448
1494345 1597
1002826 732
1494347 713
871757 1168
347471 424
724306 508
52564 519
593238 117
36184 117
626013 396
167265 509
494946 510
1150309 511
200042 24
1379692 512
314734 246
19825 1598
664126 904
970103 98
32303 1142
1068410 1599
1393215 485
200061 513
740734 21
355563 24
707973 804
118152 1578
1084812 514
1068432 1268
3474 514
52627 178
1183124 261
576918 656
249250 1570
85412 589
101797 515
658854 516
200103 517
445865 1600
265642 105
408199 1190
576945 77
789938 60
904628 876
757173 518
249270 1064
85432 668
724409 519
1117628 89
134589 117
1445310 520
806335 558
347584 1308
134593 521
118212 1211
445898 353
19916 1478
1265102 1533
1166800 1112
822739 476
101844 522
429526 122
708055 1479
1035736 1480
937433 841
380381 682
904671 1601
1265121 1315
396772 523
1101285 909
1445354 24
1232372 733
1117687 524
1494520 1113
380409 1129
921083 525
904702 482
249343 721
1003009 1324
216578 390
374699 75
495108 526
478725 1357
183814 1602
232967 424
298504 436
151050 1571
1379854 439
527887 527
806419 24
1363476 1537
232981 529
757270 530
1396247 1603
495129 492
937498 1604
642587 1550
1494557 402
986657 531
527906 532
298534 117
1232426 1605
1035820 264
112562 583
396846 533
888372 534
661428 305
1035843 1606
462406 535
757323 536
20044 24
806477 485
3670 537
1035863 672
36441 410
363791 1230
527968 538
151139 435
179068 248
249454 210
413295 568
102000 60
1150578 539
1338505 216
659062 480
953980 250
3711 540
1330819 108
20101 1607
167558 541
446089 1254
211803 1415
920492 465
298638 18
249487 1559
1511057 337
1068692 705
528022 194
429719 15
544409 13
478874 396
396955 542
315039 99
151200 768
442992 713
36514 421
1068707 353
1085092 543
822949 544
724648 545
298669 546
8854 60
36125 1171
626357 547
741051 45
36542 60
544448 1608
315074 1104
691913 548
167627 549
675534 351
134864 550
1136590 551
1281750 552
1511131 60
347869 143
626398 24
1216224 553
1127264 326
1412835 476
118054 250
855782 554
926332 781
315114 761
1396464 1481
986870 438
888567 117
249592 206
1462010 117
462589 353
528126 555
364287 60
1101570 1609
1281796 556
675594 804
790285 55
429838 159
1183503 557
249619 1325
560916 558
610071 307
397084 559
888606 560
904994 60
642852 1140
118565 75
1199914 59
659249 561
1478452 562
1232694 109
560959 563
1281858 564
905031 1591
1511242 16
773963 546
270989 753
577360 350
3923 565
216918 60
1462103 609
53080 1304
397145 566
692061 567
1494880 1610
724834 568
834626 740
282469 469
85863 600
1150826 569
954220 570
773998 1612
1051965 1613
1249136 572
315255 698
1380216 573
1199996 577
888704 295
515691 18
757637 24
298888 574
118665 1614
561035 231
675725 1074
104429 250
1368728 18
102290 575
333806 45
1150870 576
724888 577
348057 815
819866 549
790430 578
1314723 579
184231 1615
1326402 1098
561074 580
724918 103
1052599 581
1216441 582
430012 583
511933 1616
53183 202
511936 463
134475 507
495561 239
413643 1469
610253 1211
1150929 585
364498 18
462808 586
85978 619
1347554 587
388032 277
839653 1265
1478632 589
135148 117
1036270 165
1478644 590
276478 166
303785 1030
146893 1444
1314813 204
692222 591
828075 156
200710 592
967340 229
4109 593
626702 24
303789 550
1511440 594
200024 1618
446482 1619
184344 1310
653724 519
686458 1407
1069088 377
217122 1330
331813 595
135207 596
1331246 446
298333 1620
413744 857
1511474 597
1196723 314
184372 477
364597 598
1151030 155
331833 265
282682 1082
823355 44
167996 599
4157 600
118849 1339
610373 1621
1101153 1322
200776 601
69705 24
135243 602
1067255 1398
806991 1622
69712 603
118865 930
102482 478
806995 1623
364632 71
1052764 60
787130 604
101733 1624
954468 605
725097 606
1396842 45
626796 607
741492 146
1003639 1627
374804 60
68970 1484
741502 1178
987267 248
1216644 603
200838 57
839817 1404
37012 609
151702 125
1085593 610
725152 242
118945 1422
151717 1462
573086 1454
856232 611
792604 788
1413295 24
250032 1628
528562 31
741557 878
659644 601
1020093 51
86216 353
676044 24
708813 60
86222 870
331987 119
725205 498
1331426 151
676069 65
53481 497
37098 613
741613 1407
200943 614
1216753 615
528627 616
1200372 361
315637 60
692477 617
151806 435
81434 1446
954630 618
1298696 1629
659726 328
299282 619
440962 1307
1069335 210
413976 1630
303834 939
1347874 609
119077 230
217383 674
1249577 620
119083 433
686467 83
440370 697
839048 1587
954674 621
798090 1175
758078 622
20803 1567
381252 61
1036614 485
37192 623
495945 624
119114 436
676172 1329
53589 64
364897 625
659810 247
1151331 160
971109 99
1102182 1417
1167720 1632
807274 708
1617298 703
446835 100
1020276 626
266615 215
53624 471
954750 24
135556 627
954759 628
70024 24
1282449 629
1085843 630
151956 813
202820 795
151964 493
184738 24
1266084 1241
14209445 353
14209446 353
566001 1039
14209448 353
14209449 353
14209450 353
14209451 353
184753 391
119218 703
934643 785
299445 631
168380 632
217533 500
1200578 1635
37317 307
1511878 633
561608 58
1348042 634
410359 720
1032952 498
414163 288
430550 635
791003 57
1118685 75
1510821 559
266727 83
594408 343
217581 466
1266160 903
774653 1458
922119 137
184844 450
365069 636
21007 354
922128 637
922130 630
282211 244
954900 402
266778 638
889372 426
709149 1056
1102366 441
971296 188
692773 402
766128 750
505348 1346
37424 125
692787 639
1249847 640
283192 530
1380923 60
4671 379
447040 989
17068 984
447044 725
413110 423
365126 641
1495624 1637
1181304 1104
1086026 642
4686 181
1158584 1227
1328607 383
922201 643
1131279 1128
856668 644
807521 1405
1069669 1638
1249901 645
1380974 356
52669 942
4721 647
443155 137
234102 648
168568 649
271124 372
37500 650
545406 1641
1388075 1234
463490 382
201351 273
37513 651
610954 1642
443159 117
365196 653
1151629 654
381585 115
742036 1643
1086102 340
348825 693
1381018 507
201372 655
414365 1583
627358 90
14209695 353
14209696 353
14209697 353
14209698 353
672539 113
1413796 45
135845 355
22642 656
566045 159
1184432 657
217777 1644
1168051 458
594612 266
758458 137
365248 658
627394 167
299717 627
692937 60
1086156 659
1073954 1482
1512145 635
447187 560
758489 358
103130 660
774877 1645
623397 544
955104 117
798160 1228
791269 661
529127 662
512744 184
1037034 93
1184491 663
398060 664
698569 250
594671 665
594672 666
1043923 1749
496372 551
1446645 230
103158 667
824056 668
396756 677
628863 802
21246 103
938754 353
1463044 1426
332553 389
37643 302
889614 499
1086224 216
758548 669
1114926 670
676634 1095
430877 662
1102624 379
1528618 1633
611117 1646
1135406 1647
889649 224
611123 903
316212 60
402229 402
735371 1378
1069892 319
1315656 55
693065 672
1348426 364
148279 250
152402 502
758615 546
480089 795
889690 673
1073978 899
801829 123
511461 1471
873314 1648
856934 674
283499 934
70508 587
332653 52
1086319 675
627568 676
709491 460
246590 1505
332663 678
529272 679
1528701 1649
1057600 1043
70530 680
1060331 681
889734 285
480135 287
693128 682
414608 1650
41084 992
1201043 313
938900 1320
739953 1575
316315 764
661658 114
299937 351
54178 1125
596123 757
70564 48
1537024 606
273905 209
201640 107
1102761 1651
316330 1652
463790 234
840625 987
955317 683
418633 1727
86970 1357
1495995 332
21438 1653
1446850 18
938949 117
44535 684
250828 382
431053 64
70607 145
1233873 1527
463826 685
70612 686
1414101 280
660439 687
218074 1412
119771 1135
1053661 688
152543 1101
1053665 446
562147 689
1168356 230
267240 690
332777 98
267244 691
1348591 52
1020918 117
675327 1459
234493 655
103422 162
1463295 688
136194 692
447491 956
37892 693
168966 694
824330 695
283662 190
87058 1655
1233939 24
889877 696
1528864 856
1446946 697
5155 402
447524 687
330784 311
775210 519
349227 39
1494536 827
250930 60
676915 117
5180 698
1102909 984
660546 612
1512518 699
480329 1256
595019 701
513102 1552
906320 1657
5201 702
1315922 18
328547 132
151054 670
660566 703
1070173 1197
369509 1422
103520 60
103523 704
1447016 705
349289 1092
398452 706
1112254 1658
955510 707
595063 708
824440 538
1004665 802
693377 671
1528965 1625
87176 961
410476 713
119949 117
1004691 75
1459054 686
1266838 117
80919 64
398492 709
675354 1659
1037470 1233
234655 710
447650 1533
38060 711
480430 1660
857264 712
332977 18
21698 399
399563 444
402294 167
445985 592
939212 1653
890061 714
136399 24
54481 1662
791763 442
464086 715
349399 1663
873691 1507
1201372 672
988381 716
1070303 431
840931 117
611556 1664
234727 103
349417 149
70890 18
205693 126
464116 117
151300 1328
1316087 711
447737 1236
1185020 717
152831 1660
120067 1429
38148 719
1004806 1666
1525579 701
152849 1044
955668 281
314926 991
54550 498
382233 24
1414426 451
382236 410
1135901 158
5409 720
38183 721
677163 1115
218413 139
562479 722
1456350 1383
841018 1617
415036 45
38205 723
14134837 86
677187 1393
873797 109
1185097 724
677194 623
300364 725
972111 1239
1086801 726
873811 644
218452 891
152919 1565
442635 1480
398685 727
283998 808
644447 1111
660834 728
424166 798
628070 729
38249 730
21869 1437
398703 732
25491 133
1620201 353
1267064 1667
759166 733
791937 734
234883 735
202117 736
578956 1668
857485 737
1430927 903
464277 738
415128 550
169369 24
185757 1322
349600 1539
611745 117
1447333 351
415146 83
339527 1238
1472754 99
251317 1524
1103288 60
1316281 741
890300 253
710081 1669
44619 1239
835991 264
1283525 742
677318 1266
1217991 384
988618 743
103884 123
579021 1670
857550 744
1317568 993
103893 179
480728 555
202208 745
267750 746
103911 396
628202 747
1365486 1666
923119 748
136688 746
529905 211
22003 1604
38388 281
71157 583
38392 117
185851 843
1299967 224
742917 214
808455 577
1232471 196
15204 1417
661007 670
775697 103
448020 1671
955929 750
366111 158
398881 64
1447464 162
382505 1672
87595 952
726572 751
1300014 695
1119794 752
955959 281
611897 1392
398908 351
415293 45
1152576 83
677441 752
480836 773
87621 291
726598 368
18739 1325
333389 328
1365582 1673
906834 1155
972371 1674
366862 817
317016 1257
104029 17
710240 18
1463908 1606
702737 1386
54889 1437
497258 230
349806 117
841329 1675
284282 1676
1463933 1532
443328 1515
824973 24
369603 1050
1332886 124
284311 1634
206416 561
530073 383
1284378 754
1119904 400
953789 1639
300708 755
235877 687
735516 73
956078 756
1087154 757
235187 161
300733 741
874174 282
497343 1187
562880 759
300739 760
564913 957
693967 324
169683 350
710359 384
552705 563
792286 108
334117 761
169698 75
38635 762
579310 1631
1300215 1388
923384 75
497404 763
284414 331
1087235 764
939782 18
694024 392
899373 996
153360 902
677649 67
1333013 934
104214 334
1188825 1010
513818 1504
1054491 765
1333020 24
1529630 752
808736 372
1005348 75
1529638 1679
792359 766
988968 753
1070892 1348
1201965 875
726837 564
137017 768
1126733 60
546621 290
628542 83
464703 769
202563 770
644933 1472
202566 771
186188 1523
300878 753
481104 1287
459747 772
186203 300
366432 284
481122 687
408282 122
661356 154
5998 773
6006 774
546680 1145
448380 1060
1087359 775
1284416 822
1300357 665
219016 912
1021834 776
595851 777
1382289 55
759700 778
759703 779
219032 1681
661407 780
1349544 781
1488503 782
1038254 250
202671 783
203080 823
219059 1595
1071028 603
1120181 402
1169337 18
432060 784
22471 108
939982 252
1019556 1682
1103834 780
1234908 297
366561 785
22500 961
481255 1683
677864 1619
1513451 787
399341 117
1513454 39
151208 1148
874482 250
1139710 1291
169982 24
120831 1644
1546242 271
268292 503
88069 175
251910 994
1202183 1084
711453 249
216749 425
989203 396
244057 439
219164 24
595999 402
348276 1626
866651 578
432165 789
972841 1346
1464362 537
785104 760
235565 791
628786 135
432186 792
1316924 793
481341 710
757429 51
792640 794
414836 1142
1120322 399
710724 230
202821 546
612427 679
809036 440
1136717 1684
399439 796
514128 204
366674 797
645206 24
1251416 798
487397 973
120924 584
940126 75
72037 826
1316963 799
235621 698
1235046 177
738321 1070
628841 800
186475 953
628847 801
284785 1284
55410 1558
1071219 762
1084246 101
73314 60
809081 350
143039 1025
506218 117
1152813 767
940163 877
1054854 803
504311 804
202888 805
399724 665
104586 363
874635 1685
366733 806
268430 807
759951 808
546963 1377
377881 1519
880324 1781
825498 117
415899 1686
1464484 168
571762 519
558109 809
671801 1468
1071287 396
874681 1687
1153214 485
628929 718
798411 878
202948 811
1448133 812
563403 813
628945 814
1005779 352
432346 758
1136860 1657
235741 18
448739 1688
301285 24
22758 1350
1218793 815
6387 816
776438 122
1393705 1520
284924 215
541738 792
309632 21
596229 721
1530119 975
1360940 763
596236 18
88333 379
1464590 1505
1202447 1376
6419 362
383252 562
235797 818
1251606 819
88343 1366
825626 250
792863 684
399649 250
773851 753
1464612 1346
629029 75
1098802 117
14728 66
14124083 168
1142305 265
891197 821
14124085 172
55616 436
858434 629
1459254 337
253903 1322
88391 7
285000 1012
653708 1438
186699 1689
465228 566
891213 802
1169745 958
153938 1444
184037 414
858465 825
809314 779
574523 1521
399717 1016
743784 1054
14124092 178
1169771 1430
1202540 808
1333614 1385
6511 693
121205 1690
241385 810
792956 488
350589 1691
882980 203
121222 117
907659 18
317837 535
1235342 1280
1098819 1348
858518 827
1022361 828
612762 827
1481115 52
510867 352
285082 1470
1005149 958
83013 698
563619 830
743278 1680
842140 75
727467 831
956847 832
252336 685
1439965 346
375198 119
973239 82
257780 833
1022395 60
367037 834
465346 835
170438 836
252359 866
88521 64
137674 21
954103 1099
238669 35
1120724 673
481751 24
47524 563
481754 1200
383452 1188
39391 837
1333732 1252
268774 18
367080 838
711147 998
563693 485
1120751 839
645616 1636
383481 1693
1153530 51
675583 1409
350716 1239
1333760 1694
694786 840
940547 322
918614 841
356097 1374
837372 330
252430 1695
547344 1696
23057 1153
662034 282
55828 16
236055 349
1202712 1697
1497625 72
825882 842
989726 843
694816 844
203298 250
596516 250
121386 531
662060 263
203309 845
629294 590
563759 474
383536 807
989745 581
6710 846
1071673 117
1497658 1526
1055293 276
514626 1654
137795 847
268868 753
432717 848
39502 123
793167 849
1350224 710
563799 850
973401 907
1415771 851
230453 852
636899 971
1432160 213
1301091 782
924276 21
72310 117
383607 555
1202808 1699
6779 853
940670 1554
301699 854
1497740 107
350864 581
432785 303
39570 556
809630 1604
760482 24
383651 1071
1530532 124
1202853 1215
137894 250
531111 233
88745 1678
514736 838
236210 417
694965 417
437331 107
989888 855
1055425 459
301763 24
481990 1700
1137351 1176
1432264 1701
1153740 857
1530577 388
662228 858
1366745 1407
875229 484
662239 859
334562 860
137955 861
531174 862
72424 18
432873 863
1497834 144
334571 864
1317619 128
449270 761
432887 865
137979 375
1268123 1581
1399551 592
1039104 1225
498433 29
88066 1238
175062 1377
154372 1020
1514246 866
662279 867
301832 1079
1514249 869
269067 870
154382 305
1170203 767
1071900 561
39709 871
49332 196
744230 24
1256122 1179
457180 1704
940844 649
465709 60
580399 142
1301300 1224
121653 1101
908087 1705
1513951 402
697482 1070
1186625 872
514883 1560
711494 1673
154441 1646
203596 873
875343 1063
154450 1706
891733 874
1301335 1707
547672 236
351068 780
1310987 1134
290619 1368
72550 875
514927 1708
1530738 1176
301940 546
498549 876
187256 1073
777081 545
187258 64
367485 338
187262 1442
1334149 1709
727942 878
902295 917
39825 117
367506 320
301972 879
547733 60
1498007 549
498584 880
1104793 695
408047 106
433052 881
72605 882
7071 883
793505 541
695202 780
1481635 24
531364 884
580520 1154
236457 417
569159 885
646060 1577
170925 886
154542 281
302000 664
1391091 687
842676 256
662454 549
138167 740
187327 295
973760 431
1068875 1710
629700 713
416712 379
1350608 81
662488 888
334809 379
503631 290
236026 353
121822 1711
302047 889
531425 890
160988 37
1169915 891
465892 799
400358 99
1334247 1712
252904 264
408061 117
72693 892
1039350 39
351226 1053
1154051 563
875524 780
105477 893
1260033 268
1448968 459
1367049 1405
597002 894
1481739 4
547854 1132
1527641 1535
302104 378
859161 528
498715 895
72733 896
399877 897
269345 139
173209 1071
318501 1676
1055784 117
203817 555
793642 163
39979 898
102237 1715
662590 899
39999 103
23617 380
1006658 1195
56388 920
220233 578
629837 806
744527 1557
613456 1306
1252443 627
416866 281
1334371 117
503654 1256
253033 1716
564330 901
636371 693
892017 1494
1350772 902
547958 606
334971 657
547965 443
1268862 1042
367749 903
203911 904
708460 1611
121994 718
859280 829
449681 1010
285843 1717
793748 905
1154197 157
1481879 906
561007 571
285853 271
1105054 230
1186976 64
433314 833
826533 907
269479 908
744617 317
548012 18
711859 444
1006110 2
1105079 52
1236153 841
105660 356
122046 137
203968 909
220356 1718
995190 1257
402636 980
711883 1305
548044 1214
695501 148
7374 910
435405 1068
597200 911
1187027 912
335065 619
138458 18
580831 925
122085 1570
515305 223
154858 128
7404 20
1367278 117
438141 305
400633 313
1268988 31
252458 1698
1126272 331
613635 365
285957 1258
564490 913
302347 914
236812 350
417038 905
1514768 915
1432849 16
515347 378
1079170 1760
662805 431
269595 330
417052 103
875809 1721
859428 211
1350957 917
548143 360
335152 410
892209 628
433459 109
23860 424
810293 162
433471 623
1383749 918
351562 117
670263 586
42058 1064
1416528 919
761171 22
302421 920
400727 921
318810 1242
347027 498
1400161 1159
990562 379
405393 558
580968 1715
302442 410
1105259 250
941424 1522
138610 922
154998 802
274324 923
892282 924
253307 16
662908 925
269693 802
253311 676
351624 1590
23945 889
581002 248
482705 442
1170835 784
744854 262
269719 117
794010 926
1187227 133
728477 196
56734 989
269728 927
155047 18
269736 813
744874 257
1236395 808
662959 583
73137 64
269753 485
630206 60
1007039 713
1383877 928
1531336 989
597453 402
433614 73
219725 46
853240 929
187859 1695
335319 930
171481 160
269786 117
1121755 447
1514972 931
368093 932
466404 934
810472 12
138729 783
237039 935
540910 18
712178 1317
400884 936
1449466 937
40443 938
269823 74
105984 497
1156352 298
499202 939
56836 1626
1067381 75
1351181 940
204303 941
1400176 1270
237075 660
974356 316
39513 638
384539 1684
1089054 942
482851 367
1351205 943
204328 250
433707 944
122415 334
728624 29
1515057 90
122419 24
1105463 498
499257 402
237115 945
327051 1201
400957 946
433728 396
1007171 747
40517 947
712262 744
794183 60
1465931 1359
253517 372
73296 81
466515 32
1072729 92
1185226 948
450146 1724
417379 853
253540 1530
368235 949
728684 770
1131794 205
892528 950
1293578 793
761459 951
1285752 396
482937 1678
1449597 952
73342 953
1339622 860
1527842 1738
1367689 138
892556 56
7826 417
1249219 584
106135 75
433819 18
368286 334
1318564 955
40616 90
73385 956
220844 917
24241 887
1433267 1391
401076 958
712373 1679
1334968 505
57018 1726
1400509 826
712383 481
1089216 959
1449667 161
816973 1578
925385 98
696013 960
941774 1140
188115 1165
794324 961
663258 962
1285853 475
1253086 250
1416927 281
1285858 95
1129083 1404
270052 963
892645 921
941800 1331
188138 83
728811 930
581362 1613
614132 1247
827131 319
286461 470
909054 1692
941823 1353
564993 964
745220 802
42284 1077
1335050 1463
171787 62
237325 464
974606 917
270095 155
253712 275
40724 965
991000 966
1040156 4
646941 955
302878 967
1105697 222
597796 968
1089317 590
155432 1727
794410 863
1309319 1296
1515308 313
876333 949
1351471 463
270129 546
1089330 458
581427 758
876341 720
542005 919
122688 1421
810820 1028
315603 60
319304 1729
1023817 614
448721 819
696142 797
1204047 1420
630608 737
139089 970
1318741 419
1154903 971
745304 1369
532315 972
790501 588
89953 599
827237 974
499561 975
712555 350
286573 1501
1508669 159
188272 752
335729 976
40830 244
515970 1636
1171331 345
597892 144
122761 1192
1433485 1219
434064 649
185761 72
991123 977
1351572 124
122776 328
1515417 978
1449882 658
1531803 703
9541 1078
483232 1379
73633 979
368548 980
1138597 1557
270249 219
483243 1573
303023 350
810929 917
958391 981
1105852 160
155581 1731
93629 646
171969 982
532418 230
483269 1611
384967 1288
974792 1700
1279308 983
286668 1476
516047 506
964830 396
892881 851
1482710 719
761825 306
146243 1058
1515496 222
8174 984
1396733 1527
1318896 985
942068 1732
1396734 98
974838 995
1302521 1163
1155066 107
647167 1685
598017 98
286723 987
24581 458
712716 900
79380 1347
1279320 986
1014446 1019
385052 1734
122909 1652
761886 987
860195 926
1384485 583
172070 988
630825 1245
270378 24
499760 433
286773 417
632039 444
892999 990
254028 408
860240 419
14088888 1736
286807 1592
876633 1212
1515620 991
581734 1126
254057 117
329063 543
1155180 24
1335405 1243
379444 671
761969 561
368754 24
415997 1210
188534 71
1106040 803
1351803 671
57468 635
974973 517
745598 194
745601 24
90244 1106
352393 524
549004 1500
501101 591
971373 402
712851 683
958617 712
811162 1027
1433755 588
401566 892
1033584 457
483490 665
1466533 241
827558 24
172201 622
1040558 581
745650 122
303283 338
794807 994
1099124 546
155837 880
1466558 1737
1499327 966
286913 320
571695 686
106697 996
925898 997
446498 1345
80589 60
41170 60
598228 998
41174 999
1138904 1057
1450204 1001
811233 939
267607 284
689531 252
1024237 35
286962 924
1138931 485
221428 1740
385271 1741
17791 1530
1040637 1378
221438 812
811267 11
8452 174
434444 290
647440 19
57618 282
8471 378
1483035 276
1384732 539
794909 410
188704 1194
806960 1693
762149 216
450857 88
844075 552
512051 1337
188728 69
172345 1483
270652 1004
221237 1735
532798 379
745793 103
860485 1006
876870 444
1089863 587
614728 1712
1007949 1278
385358 20
598351 822
8534 246
565592 1007
270681 750
532826 1008
636413 1345
647517 493
876894 681
516448 1742
14147940 703
514790 1701
106858 464
1319287 866
287097 1743
57722 482
778619 495
598403 100
279958 18
331841 24
1515913 476
205194 1011
516491 417
106896 60
172434 1012
713108 866
811413 458
1434006 635
336280 590
975258 740
680347 948
1276363 366
716869 64
369056 101
1466787 1304
205222 34
926119 786
1253804 1219
565680 919
348232 379
375539 755
844212 1286
12361 1266
451005 951
582082 1744
926147 977
664004 165
1188293 351
729544 1015
1221065 26
975306 24
12836 583
1106385 652
50595 1532
1319381 1016
1139160 1614
369115 1000
118864 123
680418 24
580347 78
17830 1533
1335782 1564
381009 1508
467434 1017
549370 833
516603 1585
386474 24
680446 1739
352772 213
729607 1018
1024525 396
352782 492
25103 117
41490 1019
57875 252
23300 973
632239 1084
533021 330
516640 1609
75185 328
1008171 11
1188400 117
269064 868
1434166 328
1073720 1745
929887 1021
401980 1022
74302 987
186875 1083
1319488 1023
57922 1469
909896 396
222647 372
516686 1196
795218 1024
877149 720
74334 138
942691 988
1024612 810
1090157 1006
966489 900
877167 1746
287345 1226
959090 410
1155699 1025
811636 1727
274537 1268
313448 338
1122940 389
362549 544
238210 1026
549512 747
696969 343
909965 8
74383 1027
336528 1028
615057 8
336530 825
844438 366
189080 546
1073820 271
762532 1029
565927 124
762537 1593
762539 1617
1434285 117
565934 891
778927 485
640456 1031
434871 1032
107192 353
823412 608
1450684 1625
975550 1020
336575 1035
762560 665
1041095 555
467656 536
467658 1036
1270477 1297
49943 1502
1516247 309
1336026 1747
1355898 1269
828127 993
1221347 362
973606 740
804305 1535
598762 1038
467691 139
1139437 1151
1450737 1630
582388 430
238328 690
41722 1040
549630 301
8962 1041
1164758 1530
860937 1042
1090316 978
946306 24
615182 894
140052 1640
1342254 267
90904 1205
172826 383
795419 290
828188 550
156445 24
355002 705
647970 60
647974 800
385833 692
238378 933
680751 249
1090357 1638
418617 1657
353082 1475
926124 1014
795456 423
1139524 1294
615237 109
1525217 958
762697 1586
1123147 34
9039 566
1106770 559
762708 1024
533340 132
844638 290
172895 1044
1237858 1749
673254 1361
667793 1045
222058 103
320367 1014
287601 1268
189302 413
1008506 1620
238461 932
41855 1046
1074048 1725
402305 24
1041282 671
247275 550
1303432 402
1074057 1029
713610 60
278541 1466
1287056 281
1401745 1603
123795 34
893846 696
1467289 1301
451482 250
615324 862
1516445 318
1336230 1750
336807 1047
615337 1172
1156012 1015
533321 159
140208 1048
222131 139
156600 230
1156025 1049
1066884 1199
1237948 695
156746 45
74690 513
631747 1677
1287110 1051
454817 958
189389 402
41934 919
762831 575
631760 1052
369621 114
1074134 1362
9176 394
1270745 342
844762 1751
779228 402
222175 685
1123298 1054
1287139 1010
1418212 1055
1434599 1637
1352680 117
91115 1657
1532909 1629
435183 417
205811 953
454825 45
140285 667
615422 167
959487 250
901547 806
648195 1067
1467397 1570
1188871 829
304136 1056
58377 700
746509 123
697359 694
1319952 1057
517137 27
353299 476
287765 832
1319965 1058
1156126 280
280069 547
746528 1036
14209200 353
779299 448
74789 1060
402474 530
1139756 350
1254446 1061
156722 57
795703 1062
1483836 1063
812096 1154
844869 43
582394 265
910408 1196
140362 119
1090636 562
1041485 89
74831 1003
1483856 1065
402513 1066
271444 563
628255 208
418905 1533
378384 1110
238692 1068
154470 583
1058321 130
746603 462
1123858 1091
241854 1069
1369206 1752
1139831 654
451704 798
1451134 750
1041539 1398
1221767 351
1221768 171
1238154 169
631954 508
402579 402
42133 379
484505 1753
894109 98
713891 1472
861348 1035
550053 1509
9387 24
1270963 117
1205430 827
369848 1032
1107487 1685
124096 60
910530 98
419011 1082
648390 1061
9415 1072
517320 1327
9417 100
648396 753
222413 103
1074385 196
222418 694
763427 603
320724 140
1022842 877
1336542 90
419040 1345
500967 1379
681193 607
1328679 1539
648429 653
1418482 944
790739 612
42228 562
9461 157
1172726 18
114338 1329
763128 76
664829 727
91392 1174
910600 880
9481 889
1303821 107
353552 133
353556 1506
402990 1092
1437913 1773
939779 18
255257 1704
1405146 1075
1336610 1212
861476 226
465798 1076
337190 154
1205543 1352
419116 806
25901 22
25917 1734
316745 833
5773 753
877893 1728
927050 820
124235 463
189776 1302
25938 1282
1369428 1754
9561 663
157019 79
927290 30
512229 1045
288096 1333
42338 1079
913638 1503
1041771 818
75117 1166
632179 285
91508 1755
1001022 1167
173433 250
553194 1080
451967 981
877954 1311
1172869 150
566849 317
1172872 1756
320905 351
1189266 1081
730517 1082
468374 485
1123735 1083
1320345 8
1429743 1533
681379 1748
1003761 34
255402 750
91564 1365
681391 65
714161 1711
320951 1093
867 180
959933 608
222654 772
9665 250
484804 1757
1126646 686
304583 1085
746954 1758
105378 250
318372 1498
943580 1275
157149 466
321104 1759
681443 1681
648677 1460
75238 103
1222119 1086
533992 1087
992750 1088
321007 402
42481 1089
828914 605
829011 1096
337409 28
402947 1090
189959 1160
369126 24
104527 1065
697867 271
26124 1760
1205775 125
189968 755
91665 1465
1467922 992
1336851 109
58906 436
796188 207
222751 137
419360 266
91681 1696
91683 18
206372 41
468517 117
1402410 152
845358 824
960050 1093
402995 816
304734 1098
1451574 790
779833 348
9786 115
648765 1177
1222208 1094
1402433 1272
599622 718
321098 117
665167 1095
26192 1044
1353299 525
910932 23
829018 1097
321118 751
632415 1099
549711 326
190052 353
1533541 747
812647 487
812648 1380
697965 320
501360 353
288369 808
468594 250
73979 770
616056 553
829055 578
50520 88
370305 1100
1042050 105
108166 23
403080 18
9870 103
730767 956
583313 136
418777 500
616090 940
714395 200
911006 349
1042080 696
829093 485
239270 1101
468647 978
157352 1292
812715 1761
663191 1369
321205 614
730806 879
1320631 672
1255098 118
747197 1329
550591 488
222913 1733
140999 1002
736204 107
1320650 1102
910967 789
813768 754
1124045 1103
698063 763
1353336 139
111626 1324
1129422 335
403161 1023
304868 357
550634 583
173804 1105
173806 21
927474 402
1421529 90
12586 1037
845567 1239
610603 1631
599812 851
91911 691
878345 1335
648977 1087
403219 39
108309 317
1042200 817
943899 1763
1107742 1446
1042207 1287
1287968 1064
1091362 1106
108323 370
239398 1107
304939 1108
678877 460
1173296 1750
1468209 1655
173874 145
698163 639
838322 1576
1287992 237
370489 725
1419066 687
744415 411
436033 583
468805 379
515041 1379
550728 689
1468247 1494
124761 1615
714586 876
91995 885
894813 117
14147928 353
451901 28
845668 1763
698217 1109
403306 1110
1124204 516
223085 1599
911214 520
1124207 103
42864 1058
10097 979
1320819 1111
75638 542
10104 1112
624276 1113
321402 1528
518011 220
124799 842
567172 41
927622 87
649095 90
42891 1115
26511 1719
1206160 583
485265 1765
1124242 1116
1206163 1244
452505 1624
747421 1698
1337249 1675
673435 1182
190377 477
1501101 124
141230 1117
1061192 270
255923 882
26549 1144
1200457 419
108472 1119
108473 1120
26554 1553
141247 1121
26562 1356
1170422 1713
1386438 1122
1337295 516
862166 32
116388 1123
1367034 458
1468382 926
665567 1062
108514 1124
763876 485
960166 334
853671 1125
1501165 731
10225 215
1353714 117
75763 1126
412242 764
583676 154
550911 987
223233 919
114364 1455
436229 196
337932 1127
796685 733
1271825 823
1058840 317
187396 463
1271834 25
518171 1174
911388 668
26653 1745
993310 350
780319 1497
682016 125
665633 1128
969811 1453
911397 1542
682022 887
83268 422
600106 764
796717 1129
471389 355
288816 1766
976945 1136
927796 451
1066676 1130
321594 460
714813 75
1173173 527
878656 232
534593 402
10306 50
965643 150
1238710 250
1091657 1051
1304651 771
141388 1131
53602 21
452691 1254
416782 460
731222 220
94564 1133
551002 1120
419931 1596
1171672 1767
288862 1512
717157 1134
714850 1735
800688 1262
583780 972
632933 1135
583782 396
1566826 353
960622 277
485053 1632
157814 927
92285 75
583806 1073
436353 839
108674 1136
1501315 1768
1501318 1387
764042 695
1157259 1100
108688 231
469141 1137
108694 34
75928 402
1501338 1769
507176 1199
1316249 296
878758 460
1468584 130
682155 1009
549185 1370
575176 21
190642 1770
1222836 1138
960696 75
501947 24
862399 598
895168 1139
75969 1140
26822 307
908321 1316
394791 796
583884 844
1026253 1142
698576 1143
1403090 726
826879 75
846040 1561
845519 1697
600284 1144
850981 32
649441 1407
207078 1145
862439 18
551146 76
1108203 708
1140973 740
698609 1146
321778 45
633078 1089
1485047 4
10488 1147
518393 1077
1334314 460
1075454 868
1108224 975
1173762 76
665861 1148
1493016 1234
1397124 1633
878877 675
616741 1336
338214 1149
1401181 1310
848263 1664
469292 1150
184712 1634
207161 764
1354044 4
944445 1339
1386817 1151
274827 485
1141063 942
340364 1148
125259 1548
846158 985
668045 1152
289104 1680
387410 714
1108307 1344
272727 522
1435364 204
59738 1468
26976 75
731490 643
911717 253
1531898 1733
797038 842
338289 501
584052 467
469369 18
1530943 137
977276 1772
321258 631
108926 1153
27008 1773
485767 24
551304 24
92555 196
1124218 1114
797071 57
27027 962
403866 1154
944539 1431
289181 1458
633251 1108
879013 1177
272806 405
1124776 75
584107 60
583410 1762
883784 250
813491 650
518580 380
895413 1155
1452470 1096
125372 888
41273 402
354751 156
879040 1202
158145 1005
747974 1647
1518025 1156
125386 18
928207 1157
1016744 718
1173977 277
846298 1670
215855 1578
1534434 1774
10724 1159
518629 452
1108455 1117
83708 1160
387563 780
436717 1161
305650 60
535031 1162
600568 44
1255932 60
846336 383
1370626 666
1163173 1112
436743 101
141832 562
190989 464
551441 657
59139 247
780821 11
551450 1423
92700 1360
1337885 45
92703 1773
535072 572
109089 75
506972 1325
1255978 426
124679 1608
373171 305
993844 1163
207416 1164
387645 1474
76351 1165
371264 1166
436801 548
895557 1167
125510 141
469576 1169
449634 419
444173 733
436817 1170
584275 896
764508 259
637581 1405
1534562 1566
913092 171
76410 1171
109179 1172
699008 1173
256646 123
76424 926
567947 107
715406 353
92815 991
895635 1174
60053 75
273047 402
731802 1175
1403547 952
1534620 1193
1043101 534
961183 117
780963 109
895655 1176
1206953 415
109226 1177
96383 825
113778 1028
551598 1775
1010352 754
1042206 1518
240313 1178
33861 829
191165 658
617153 1681
1043138 1659
1241547 116
1321668 1180
1043144 880
1470924 1097
730914 1035
173858 965
1157839 1181
518864 1182
550691 906
223956 1418
322262 673
191192 60
158425 1533
928475 498
27356 373
568029 1182
1370850 922
681261 766
748274 633
617976 1367
1370876 780
223999 1759
60160 216
517931 610
879365 1776
813830 1389
682770 384
1008714 275
1094105 600
977689 757
748318 1270
650016 177
1338145 685
240422 550
1469231 1449
277640 1433
835219 1452
76598 60
699196 1
961341 1184
715590 1419
879435 1777
387917 543
404302 970
404303 485
617296 336
863057 1185
280244 1334
149305 1544
635407 836
1125209 1186
338778 45
190266 1389
174945 1187
404325 91
191337 417
322416 250
161451 117
875668 131
764794 1189
1485691 1190
109437 259
539797 1434
1043328 1339
813955 1778
928644 1192
781191 1478
535434 721
597143 922
469905 1193
27539 1158
743238 842
830367 44
60324 763
912293 716
93095 742
1305512 1752
502701 344
1010607 1357
224176 1774
994226 525
1452979 429
146584 718
519103 1338
1158080 1194
1485761 813
699330 533
748483 583
869458 1036
11205 1062
1059784 1195
11210 476
633803 1196
535500 170
302242 1197
1230669 1546
1256403 53
1158102 1198
453596 1402
1076189 1779
994271 257
453600 320
289761 554
551906 458
519141 546
1108968 1522
797676 1200
1289198 726
1263443 700
420852 936
18260 250
1502205 934
160771 194
257025 117
650244 688
273413 1202
748551 1343
122028 1568
125967 1726
1420310 1203
666647 1204
715801 864
27680 1761
273442 1205
1125412 1145
568357 122
142380 1206
240688 1207
551990 138
339009 1208
879683 1544
404548 916
912457 1283
584782 443
437330 1022
411491 272
289883 1727
126051 285
155997 795
1141868 1209
601198 1209
1076336 1468
1141873 1767
1335922 265
354153 16
945273 726
93309 90
306302 114
699520 351
666753 724
1027203 1210
1041863 615
617609 143
1241623 433
1305742 159
1191060 1047
994456 379
902199 824
1255279 685
502940 1211
60573 685
1366475 880
1125539 578
9655 476
568486 780
714609 117
584872 310
699561 726
601260 135
732334 593
765103 770
699573 18
1092790 176
76989 1212
158916 543
437446 1213
908492 482
421066 1155
437451 139
847055 803
568528 317
77009 245
191699 1263
452473 1764
1027288 338
274980 1295
1371357 1440
240862 1215
470239 611
1105104 52
306404 1216
224193 1541
257259 843
1531091 1719
27895 1580
1010936 1663
781561 1394
306428 354
552192 1768
896258 1093
421123 528
1322244 1197
1305864 1047
640899 1523
1094190 45
26591 402
18308 791
584988 1235
1518878 1016
994591 212
519459 617
812934 1502
388390 903
191783 1665
781608 76
716073 139
315955 1636
1125684 1218
1191224 718
77116 641
273727 123
27969 1251
437570 1219
567179 1641
1158468 1220
994629 1022
1355080 1221
453962 139
1011022 1621
1240401 60
601428 865
388439 1755
388440 244
306521 1222
519514 1491
290139 117
732508 1223
191838 45
666976 868
486753 1727
896355 998
339300 1224
1011046 1495
1273192 449
1142122 1132
998631 128
1060212 1225
175477 75
1011062 893
348735 230
355710 1642
874176 498
142724 718
739222 951
1305990 1186
912776 398
617866 1751
1296280 147
847250 1292
322963 740
519573 1756
1076632 486
126361 186
1191324 1072
512581 1454
706459 1268
1224103 387
355755 709
1174958 1760
1240504 1649
273851 507
1060284 117
1053258 753
191936 413
585156 1780
1371589 1563
732616 102
44489 90
781773 898
323024 719
306641 265
191954 1203
862115 969
1109461 411
470496 1229
601573 185
536040 1230
486889 747
159210 18
437739 122
1268989 1546
470513 1148
683509 1023
1617399 353
126456 341
142844 1231
116650 1551
1372488 1118
536067 968
1207821 1777
1234684 60
1271559 260
634386 1232
634391 1233
175640 735
175644 939
175648 75
192033 713
1519141 256
518065 1761
28201 349
1388074 760
1338923 1242
1469998 974
110129 1147
224821 353
14134838 187
14134839 1235
14134840 1170
273977 207
14134842 409
14134844 1236
14134845 1237
1502791 271
929353 403
1329079 539
257614 434
241233 279
386009 982
159316 1498
1060437 1240
142934 117
1519191 575
1519192 676
454233 264
487002 1723
1224285 215
323167 471
487014 208
97553 60
192111 1718
568944 117
11891 1241
290420 802
175733 208
126582 100
1011322 783
1435583 320
89365 1720
814720 1689
683649 1309
61059 562
1191556 193
1339013 285
1257094 1242
1389164 24
1453708 995
938605 498
945808 122
274065 1243
1437332 20
21102 1003
683675 157
7451 117
634535 1244
421544 213
224944 257
11953 1245
1289907 1246
11959 792
77497 24
527414 623
159422 425
454335 285
962240 1247
519876 563
1217142 123
863944 751
1421001 149
388810 1037
880331 1101
257751 523
437977 379
257754 369
11997 1248
454367 1758
1036924 1486
323306 1407
14209447 353
1044207 135
359720 1589
1273586 75
1044212 1782
765685 567
552695 1598
765689 18
2037 534
1437436 732
978686 1102
159489 140
585484 1093
913168 828
618260 1738
124889 201
683803 328
1372805 984
1158944 856
351536 1162
339747 1249
339748 716
339750 648
564516 916
1290024 1250
569131 1251
1421100 1252
571063 1360
126768 1783
1453875 665
864054 1253
610953 1531
1322808 154
56628 1431
159547 752
339744 1156
28480 671
1290055 850
332428 960
503628 305
634701 1254
896847 156
1486675 521
1388372 1255
290645 179
454489 1141
290651 22
1370085 353
307043 200
487269 139
421734 34
585576 1717
1093483 281
339824 460
634738 637
438931 47
683894 70
1093497 1258
94077 1054
503680 250
765825 599
44930 1259
1437571 1349
503685 1197
438151 498
254749 1525
356239 1428
585617 1136
831380 363
143254 842
1093527 449
1142685 1146
866763 1396
1519520 970
782241 764
618403 1707
896933 133
1060775 471
21148 1413
1191855 1260
1470385 182
348830 1555
867657 569
372666 583
184991 241
935925 338
934519 1003
257994 52
110542 1261
585680 1651
14209699 353
1011670 1602
676516 856
749530 726
487388 600
978911 1721
1097293 1297
946145 1527
1339365 1477
1355755 1086
1077229 1408
651247 1457
1486836 239
61430 935
487415 973
978939 1722
122197 975
1290242 1262
1142787 18
999223 841
28680 135
503817 1263
1003158 1085
307885 317
323600 351
45082 1264
45084 718
934956 292
247813 657
77856 1194
225316 1317
405541 1265
1077293 44
208943 871
290865 1037
159794 626
143412 715
143413 16
61501 1294
290880 300
454725 1039
1044553 780
1093708 394
290900 1475
1093719 1267
100796 121
712920 1420
28766 1384
307295 60
602209 821
77922 372
1224803 925
28775 1784
1503337 698
143467 142
159860 498
116756 1556
94330 523
1006954 859
77952 60
487554 1359
471178 402
1126545 41
667800 987
782492 970
1061022 1078
241824 159
171376 777
848037 46
684201 785
176301 105
1618094 703
487600 1682
1061043 728
766132 485
1437879 1049
636544 1356
995518 1271
1519807 1272
733376 835
1321542 1168
82796 24
602315 1097
684236 444
520398 1529
1204478 232
864466 850
1460259 579
1159384 1273
176345 272
946394 1743
1126622 183
225503 1022
798950 1274
61674 577
307435 159
585965 1124
1339630 1515
1388783 1059
962800 838
1468456 137
61684 1091
159990 24
1094356 1304
700667 1275
848128 250
176385 358
782594 699
27907 194
798985 18
700684 1276
192786 1028
831763 1277
831765 1278
12567 1279
1421592 1074
749858 1430
389415 34
1519912 1280
291114 18
1339692 73
519797 1271
1093941 1281
454967 519
979257 18
1454398 1282
192831 1179
1126720 1283
422211 1228
373060 1284
1192262 134
749896 198
29001 101
586058 1592
340301 18
116792 1403
389466 1511
157754 953
192864 1285
1143138 224
749924 117
258405 612
78182 1285
441745 583
485437 1757
487792 1447
373106 117
1536380 1264
520573 250
1143170 1585
684421 511
165953 350
831880 1118
758508 354
744855 1527
1372556 402
962957 1286
29071 938
146634 75
1208732 177
927813 216
553378 1544
553381 423
684455 1605
1307049 250
143792 1287
290664 734
759850 790
913847 195
569785 1288
1326147 1289
1446646 1551
192966 1744
1208778 224
225739 228
815564 1207
815568 1770
291283 20
487894 1375
438745 1291
209370 1292
446245 1702
94686 1769
703909 1442
1274341 1493
58801 1194
61938 154
537077 139
111095 613
553464 1672
291323 1528
1077756 971
12797 117
635392 585
1061379 1293
29189 1170
13057 1212
782859 1340
1274381 281
226836 936
1077775 1713
1421841 1055
29204 678
979479 1157
123273 274
832027 752
553502 1180
297051 1294
995876 600
417201 472
61995 1461
1036941 196
422447 467
733745 442
438835 1296
471604 436
1258037 1227
84063 3
979517 1111
455230 1769
1110592 449
1389121 200
717378 389
471619 1297
651844 332
1143365 1456
389704 445
701005 1262
373326 306
78417 350
316174 1022
1372758 343
187833 402
1241688 569
160345 1021
1110623 402
962806 759
78435 164
1536617 406
1012332 645
1258258 1298
143983 1299
914033 624
1618546 703
1372788 16
1372790 1785
569976 1196
776529 786
160385 483
782978 18
1045124 1740
389765 64
29322 660
684685 389
1323665 703
488083 1314
839510 1714
1159833 1300
1159836 142
1487522 1301
930468 264
94886 1630
1421083 915
1012395 1194
56625 1030
1012398 602
160431 60
1077936 598
94898 117
307892 1302
684727 465
750269 783
864960 1303
1402998 964
770225 1474
1307338 1319
1389262 1076
537295 372
127700 1513
89550 393
1487574 281
84089 1559
209625 1305
245199 1281
193249 1010
45801 1306
340717 651
1618670 353
1209071 660
13096 636
275187 433
570100 543
111351 239
570104 549
1405689 1433
1536763 1106
1094400 1307
29441 1208
275206 82
1340167 351
111373 1308
1241871 506
307986 993
652052 594
1323800 353
455450 101
450010 1639
766753 1309
209698 602
271036 1034
698502 533
1258280 1310
974300 117
1323818 1311
1307439 943
897843 93
553780 1736
1422133 774
29496 711
1618748 353
783169 150
619331 340
1389382 1312
734023 1313
275272 940
127817 1127
619342 1675
635727 18
1012561 119
848723 1616
586580 24
226133 1786
388418 612
280719 1221
1160028 1314
258909 24
127840 1460
1225570 713
226147 27
111050 1290
521062 1397
635751 1315
1454952 258
111465 699
1392104 492
553842 170
487628 1569
258936 958
144250 1316
553856 479
226178 672
619397 458
1454983 280
518726 1028
422809 317
521117 1466
1373086 449
439200 208
963489 18
280731 583
684967 218
679410 111
168776 1168
116646 283
406456 1135
226236 18
496458 925
488382 24
832451 1318
537542 269
488393 1662
947148 1224
766926 1319
275407 90
881616 418
291800 293
1192922 569
816095 60
898016 1320
59558 1317
586726 1589
1258473 1321
881642 1339
1094635 1322
488428 1748
343549 60
242675 164
324600 130
160762 266
455675 1492
1242110 355
1061887 1323
488448 661
701442 174
947203 601
586756 915
251265 925
521226 1787
1209357 1015
652305 606
996372 339
1356822 1325
1471514 40
1537052 1040
717659 306
488488 1543
406570 173
767019 370
996398 1164
18611 16
963636 1116
881718 781
472119 1326
305332 1067
635963 765
341052 1327
897888 1257
701513 1328
1209418 925
1340258 1775
1022289 16
343565 251
790424 1722
734292 791
1487957 402
324696 1342
1209437 1231
160862 486
291935 24
160864 1710
1406051 459
783462 455
1422449 349
1029239 404
900628 1250
210044 1075
1471614 1694
1222513 1142
865409 269
504962 1329
1378497 769
488584 412
73239 269
215946 34
177296 581
1488020 518
390300 88
982554 16
439454 1330
177311 1145
981920 1551
717995 353
341166 461
308402 1331
718005 1781
75977 1141
996542 1214
316277 230
1225921 1332
95426 199
242884 1333
1307846 1126
193740 402
1307854 1589
292048 1488
29911 1788
1455323 1335
980188 107
1209210 1194
554206 1218
1176799 913
177376 71
849122 1114
341222 106
242922 124
931053 720
521456 593
597544 1336
1225971 549
718069 546
128246 1778
15914 139
619774 60
14209693 353
390404 115
374021 1313
775041 99
62728 1520
838400 16
537867 1181
505101 1337
111889 1252
816402 107
1025569 497
177432 1338
1236527 1106
1127710 353
1111331 530
29989 1789
280796 38
406829 838
1455407 1028
1242419 1635
1116134 117
554301 431
1131410 1022
505151 304
275781 546
423242 124
718156 510
472402 1339
456019 1790
1357141 1300
30045 98
685406 1623
144735 1033
1291616 1340
89659 1723
1242468 733
321766 402
1439081 679
537962 262
1140967 1437
278077 176
324976 379
902820 98
161140 1691
210293 1341
13687 1342
324986 221
521595 140
308606 227
308607 975
62848 1640
357765 10
1127814 492
963975 808
996747 134
409154 1447
1108205 557
456085 312
570775 295
62872 224
62873 1321
1471898 1747
882076 1779
521635 1481
112036 301
423334 416
472487 628
947625 1703
783787 1366
1602990 1764
79279 867
685489 215
488882 63
488884 611
652190 1495
147017 1448
1291706 10
603585 109
1370358 1004
1528737 752
882122 1143
1026295 1135
472526 635
573005 247
1520547 90
1045972 63
128469 1730
718295 830
502772 1201
882141 730
570847 604
30176 1687
1488354 107
538088 1344
914923 105
914928 849
734717 478
1308160 1716
1046020 265
1324550 579
259591 1643
701965 788
243217 752
472596 1318
35076 99
1160731 1348
1029661 1349
1029663 1350
964130 842
1078819 515
947749 537
46630 396
30249 743
505390 478
13874 1352
46644 1351
1226295 1353
816698 1452
833084 1085
971701 806
112192 18
947781 485
661422 358
521804 1088
702029 22
964174 655
751183 876
243284 444
161367 913
552563 117
1439322 1122
816737 1460
1275495 1667
718448 1250
1037246 441
112247 121
931448 22
79481 655
145019 421
1275518 137
1095295 1355
521856 538
521859 1792
1093777 325
161418 88
112268 117
718478 1274
95171 103
1029785 1315
1619610 703
1619611 703
325277 1766
46751 1552
1537698 1338
1242787 1793
1406628 217
669349 848
1160870 1357
1521323 1358
702124 1359
228979 1127
292532 1650
1323977 1069
112312 1262
849593 1128
1029823 55
1111747 391
1488580 460
571077 852
390854 907
734920 1361
1013449 1671
915147 1440
915149 834
767702 1325
1291996 1362
30430 164
322351 417
653027 741
1332177 1130
325355 1019
1029868 205
86994 1499
161527 1223
734972 961
1046269 1794
145150 1363
1496787 1678
882442 935
246519 1540
422191 81
571154 1105
319107 1725
341784 1312
587547 1742
171777 764
243487 615
112416 840
1308451 1737
702246 1364
46888 883
30506 1508
234461 976
784178 931
1050931 382
227128 1439
14137 1365
341819 582
1111868 1467
390974 945
279608 988
489287 1702
106124 954
292685 1783
1292112 353
63326 950
1619807 353
800610 1368
1341287 549
194409 1795
784234 103
970487 285
604016 18
128882 944
1293971 739
1210228 1090
1275765 1547
1070057 139
391033 808
898939 563
1243007 20
325504 350
78405 1052
292741 554
1144712 75
1406857 1440
915339 1601
47000 1370
63385 940
47006 431
685983 783
1013667 1780
607688 953
276394 898
1111979 1658
1177516 1325
538541 1371
718767 851
341936 437
718769 1796
898994 117
275443 1103
1128373 919
1243065 1013
276412 20
227263 250
260036 1158
545782 804
505801 478
653258 1363
387302 370
1408674 427
964562 952
751571 1248
915412 934
96217 1732
669664 1372
504827 28
653287 1714
1193965 122
1439726 1729
997359 746
1013744 18
1193969 1098
14323 1238
407540 1373
391162 1109
1266687 1794
129021 621
79870 647
145407 1374
717824 383
374788 599
117078 1150
555016 32
1506988 308
260107 809
718860 137
1463298 1654
1079312 1255
54275 1349
799343 1001
1226774 808
1128473 971
1456157 192
145438 106
653346 352
1112099 456
309284 1376
1266694 1118
833575 833
1195266 267
96299 1628
1013805 24
1147802 740
161842 1396
145462 1222
1144887 1184
243768 1134
1013819 123
1086474 650
1423426 936
849992 1708
620617 953
469346 1375
161871 1034
1177681 307
292946 1727
96341 372
96342 872
63576 491
225253 20
735331 64
522343 1510
753340 24
63594 614
620658 60
94260 808
309374 542
1489023 1628
14464 1165
1521793 558
555138 1301
718979 1390
1398765 935
96398 1152
1095825 1379
145554 1380
981139 858
293012 1125
129178 1796
538785 21
131063 625
933574 947
1078300 353
805234 989
1145010 24
833717 122
1128630 1381
14520 787
1276091 104
96446 1392
506047 321
802507 1458
1538246 512
522442 646
194769 62
489682 1019
1397795 416
784599 814
1456344 353
342233 1382
456925 1785
866526 1572
1063135 1384
768224 532
620771 1011
260326 1428
948457 51
948460 1597
899310 1385
981231 1797
276720 745
194802 1706
293107 1276
112892 402
751869 679
276737 191
899332 775
152153 1108
1538312 41
489738 1458
1112331 762
375053 1354
915728 1724
1276177 1607
571667 752
211220 321
473365 553
649970 107
1292569 122
1308954 1627
375068 1457
899358 778
215985 716
786139 1720
915748 1793
1521959 1387
719149 247
138973 176
375088 420
47409 1388
473398 1376
96574 1724
358724 1790
407880 1389
80201 1390
112971 725
1046860 209
1456461 75
145743 1391
571728 562
14673 24
620883 414
194902 1777
162135 1612
244056 453
646884 986
129370 1692
1374555 975
14686 1341
96608 1213
302732 1367
1538403 1348
637284 386
1358946 64
439356 1392
784746 1326
850283 514
614120 196
883058 1776
1337747 391
1145204 24
356198 900
588154 1669
1259902 458
244096 574
1456513 208
752003 1181
259137 691
686472 125
130796 22
1112460 614
545858 1656
113038 1393
80275 75
784789 24
489879 1006
1276316 1357
915869 606
850334 752
113059 18
808473 90
1127083 1099
96680 494
487681 1527
833966 861
716273 372
915894 1519
506295 1394
391618 203
113091 1395
719307 1169
1161681 601
1309139 997
472142 884
899546 264
621020 98
14815 1397
719333 417
103505 1795
424424 1382
1407468 669
1341935 475
834034 806
850419 121
850421 640
162294 402
1033271 1481
31225 45
63994 1545
14844 727
31229 363
522753 837
834053 352
1040129 18
260620 1509
1227280 1398
801297 966
1063442 1054
473623 235
941828 1293
227871 1473
834086 898
1096233 1399
1047084 396
293421 73
80431 656
719408 1579
571957 1400
293431 967
141749 632
129601 1575
1325634 1401
1194563 307
158134 1315
490056 41
1079886 1622
47697 315
21603 764
146005 83
293462 60
1531663 1402
424540 1031
417552 117
408163 1403
506473 1322
359018 45
1212178 1792
195182 821
889960 215
754469 1186
424568 482
1522299 1158
588418 1388
948868 512
342661 444
1047175 1386
64139 645
14989 1730
293518 1610
1014423 422
129688 625
80540 24
1112734 1791
1243807 618
1276577 100
172353 1005
1047215 1496
948913 446
14088887 1736
424632 1401
119924 665
1030842 1406
211648 514
1489601 1139
169078 379
277191 713
195272 9
948941 194
1014480 423
129746 317
80597 1407
932568 944
64217 1216
516856 1748
703198 1408
834276 571
162534 1690
1014503 423
1063662 509
129775 1433
64242 947
228083 873
965368 716
867066 1409
129789 44
916222 81
408329 1410
588556 255
118160 742
106285 969
1346008 385
178964 1411
31519 1741
375584 500
621345 1487
1260322 179
974641 1728
1434432 1683
228142 1534
998191 1359
457521 62
1030962 558
195380 1680
703285 1413
1413788 1703
260921 703
472203 1273
1080132 1656
764385 1158
179018 141
916299 1740
211789 928
1260366 1379
965463 1178
867160 1414
162651 117
404224 1183
899939 1416
719716 923
1407845 485
1440627 1038
457591 781
1129336 1418
867195 75
585531 700
637822 44
1506175 1762
654209 1149
748011 107
1493484 1569
97163 1110
59974 1797
1080208 196
719764 18
506774 848
555928 891
1522588 45
1342365 431
916384 384
31651 1162
129960 1261
562332 1603
1178539 28
969203 212
949175 295
900025 68
532298 833
1260480 776
654273 763
850883 485
31685 786
277448 324
146380 1677
1391566 319
949199 353
228306 1688
1164200 596
342996 1419
293847 417
719839 1600
1374243 347
1506274 1789
1391587 1018
588774 1662
614225 847
1436156 1485
162800 250
97270 24
440332 1375
1293307 1421
97280 346
1080322 958
1473541 1220
932870 1422
1129481 41
506890 1423
293899 60
162832 890
670738 1424
1145875 1782
539671 645
277528 402
441369 1425
965658 917
97308 1696
289359 1556
998432 474
1014817 154
883749 60
244774 51
1140198 1754
474155 930
523314 828
162868 1142
1391671 1426
801850 1175
14124101 1427
1162305 1428
1424450 33
506947 1429
1061547 828
982087 397
556104 953
80969 24
588876 1246
1358929 1430
244818 24
785493 1533
212054 740
97367 645
310360 21
261212 194
310367 411
1129570 959
506981 1431
687211 573
1178735 1699
441456 12
1539186 1771
539765 1142
253801 287
1002004 403
14124103 1231
898239 18
1113214 106
48255 410
982144 606
998530 888
228484 75
1427990 626
259265 1648
523400 1516
359561 940
490634 1037
375949 1295
900240 1407
48276 707
294037 625
588950 1365
48280 1664
785561 240
450415 1424
1227935 1100
752801 668
572580 1435
900263 138
831958 713
736427 1289
233128 382
228529 396
1047731 1472
720057 565
1080507 285
900284 562
720063 287
911904 1441
441540 1436
1370657 1026
982216 1506
97482 808
1047755 1772
1471907 1791
1113294 600
732906 117
144590 1334
556247 258
1375449 1666
720090 24
988367 85
212195 137
660689 570
1326314 1043
261356 1191
195822 1559
277743 45
277744 737
638193 1014
670962 1171
48373 1091
1146103 740
589049 1201
228605 1416
998656 718
1244418 1678
228611 1618
1490182 295
84524 1573
804683 926
87255 614
883980 1242
195855 1392
851217 47
139139 918
64790 24
425244 327
458014 1128
916768 772
1408290 1131
818469 1194
674353 295
703784 60
685276 933
130348 103
1309997 782
1506610 1576
687412 359
1207857 60
663433 60
1015097 454
785724 1765
605501 494
687426 1594
130955 1788
1310025 384
1113418 600
914658 417
810141 958
359765 1746
15702 673
671063 1175
376154 222
769372 975
359773 741
397055 700
245090 1410
1555814 703
277865 1438
1503555 105
97644 1383
828376 1053
408943 1439
605552 1267
621941 1325
736635 748
1375612 1253
972010 1665
1523070 485
949631 987
179590 722
1064327 594
1113480 139
272449 60
1408395 168
887362 1425
1179022 804
998800 1440
673655 1548
736663 17
15769 1441
256581 1223
998819 16
1424805 935
832512 189
327080 1388
327082 846
1392043 51
179628 346
708462 829
671152 733
736691 1443
1424821 970
1277366 22
376251 519
15806 975
261568 972
14124114 153
302224 401
196045 24
1518157 464
212206 1437
441810 1445
469179 1069
1048027 1256
572892 278
1326557 952
1098757 557
474591 804
474594 1303
354897 245
490984 607
477778 1574
540142 941
1370707 1588
1269673 1562
343547 125
1342973 194
1310210 1674
982534 239
851466 14
359947 919
1277453 220
605713 60
739224 1226
533546 808
1424916 686
1375765 1455
130583 18
228888 16
491034 379
785947 1784
605724 1359
491039 620
654883 44
294437 407
900647 714
703763 587
1048105 279
355921 317
474667 878
622127 429
491058 103
881072 612
1539637 104
1130045 161
1250420 107
261698 747
310853 372
1441353 1333
392778 1081
14209692 353
1015373 756
81487 1449
247672 957
1162839 769
392796 1204
1408607 24
1130081 117
474722 888
474723 251
622187 402
196211 1138
709908 402
638590 64
310915 1450
982662 1771
1310344 1198
540297 811
229009 1436
1261202 1451
949907 1686
147092 1453
1398041 52
622232 1142
1457818 533
196252 379
1539742 328
1080991 280
573088 18
32418 623
1064613 903
523943 678
818860 1584
638638 236
447773 1381
392880 595
999368 696
1130166 122
1310391 780
1113788 990
474814 257
278211 1456
933572 1457
425670 929
917191 1304
736971 1502
1031889 1249
1228499 1459
1441493 1185
88917 32
32475 1668
620956 1692
1457893 549
392936 322
1310444 543
360181 1705
1490678 109
521513 925
147199 407
753410 1787
218411 1518
278487 115
179984 75
1368269 1132
524053 305
769818 117
868314 512
1531939 1571
605986 376
261924 294
1048361 1041
442156 1460
131037 1008
65329 1312
950069 598
147254 736
35465 421
786232 485
393021 320
229188 1571
458565 120
786248 1709
501368 786
917322 374
705955 358
474958 1461
420081 1771
606037 950
245590 41
48983 914
311128 1604
245593 800
1474403 22
327525 1786
999270 1052
1277810 1661
360312 1372
884605 335
409470 285
921455 936
1048453 1091
469655 1690
606092 746
393103 468
376722 1462
622488 934
90095 1010
229281 597
1195938 801
262051 659
769957 780
1064870 1463
1163176 1149
507821 1290
458670 323
147377 349
1294258 831
1406464 1731
152905 82
843441 76
950202 1010
1195967 1358
1359809 940
65474 1753
802760 295
14209694 353
950222 1238
540624 1399
728215 160
483321 947
425944 24
720858 1645
65500 51
524253 1165
720865 395
442341 24
966632 1427
1163242 228
212980 1464
638966 1282
32759 881
245756 493
1097725 747
1504597 1107
