1 0
1245186 1
163847 2
1310729 3
868365 1176
704528 986
131090 4
524307 5
1425428 34
131097 6
835611 832
1212444 7
1081373 8
409630 282
360480 9
524324 10
1294373 18
39 11
40 12
163881 13
1245226 14
802866 1703
196659 15
16436 70
439727 1617
1343542 16
57 17
753724 19
753725 20
966719 1767
1458240 1044
1458242 1376
507972 1768
65605 21
1316193 22
1472754 23
573514 1769
557132 24
1343566 25
1032271 43
567992 255
524370 26
720979 27
213079 1770
278616 262
622681 28
532495 386
1425500 1771
557150 29
1294432 1772
524388 18
278629 135
44194 1113
469692 1405
589933 30
524402 31
524404 32
32885 33
1458196 1766
658111 391
1376380 35
557181 36
852095 18
245888 894
688258 37
311430 1761
502466 57
98447 38
704657 43
905742 1937
114840 680
600772 39
163995 40
1537392 907
639138 1774
1286171 1198
1114276 41
376999 535
1360041 1775
311466 1450
721069 42
983214 8
1116872 26
521587 973
1278132 43
442551 1776
1097912 1777
147641 389
1015996 44
917695 45
639168 11
1114305 46
508098 939
1490490 1736
1348982 47
1310922 48
49357 767
1212622 49
1379021 504
442577 742
1032403 271
1179861 50
215 51
1376472 52
245977 924
606429 661
1057858 1282
179143 758
917734 53
33001 54
426219 55
1229038 178
1422717 807
721137 6
803059 1535
1245428 56
578942 57
1016055 58
1196280 1776
524539 59
426240 60
1196289 324
1425666 734
1452758 183
704776 1240
1212681 26
114954 1510
393484 61
786701 62
677251 18
852244 63
65813 28
655639 64
246040 795
316804 65
409882 1779
1278237 61
475422 1780
344353 766
199387 507
750982 311
295207 66
649948 573
524586 68
622891 69
606508 1781
311598 1782
868655 994
1065265 376
966963 569
376884 1403
286773 1460
639296 82
229697 71
475458 1720
377155 35
1228854 72
1114441 35
524620 73
770381 53
1325734 178
1081680 18
565304 903
885075 74
213332 1783
229717 75
1245527 76
131420 77
428773 510
330470 511
81980 1148
754026 78
999787 1069
82286 11
541045 445
1327479 188
1016186 79
1212796 80
393598 81
1442177 18
715499 82
1054102 83
1261959 4
1098120 1227
1294729 861
491914 84
786829 85
98703 86
431512 901
1360274 1786
131476 87
229783 88
1147288 89
950681 90
770462 72
82335 103
1376676 91
65958 92
819623 93
147880 1361
852394 94
868780 1788
557485 95
1245615 96
967088 399
328114 97
623031 1
1081786 98
180667 120
262590 99
1475009 100
1114562 101
1180099 102
82372 231
1196485 764
770503 69
295368 103
885193 104
786891 105
747070 973
1081806 106
1507792 107
540327 1484
1180115 108
1049045 35
1262039 325
1458650 519
33246 109
950754 110
983524 111
1016296 112
180715 1791
1024082 26
131566 113
49647 617
1114195 115
1245687 116
524793 117
27391 118
33277 53
737790 367
131585 119
688644 120
328198 121
180747 1792
393741 122
382381 1655
72032 480
704105 360
1344021 123
1278487 18
524824 124
1229338 1794
115227 1782
1311260 125
459294 11
115231 158
671063 516
639523 1795
590372 126
1294885 583
229927 127
1409576 128
82474 1204
573995 1088
393775 129
426544 130
442930 1232
607778 53
852532 131
1442358 35
832948 908
705083 1002
475708 1796
393789 11
16958 43
33343 132
1040480 1759
442948 1756
492102 133
164423 113
769266 1723
1139027 338
1027864 599
1393231 1373
177592 389
595 134
410197 1719
5561 906
1491544 332
696420 392
180827 644
98908 127
901221 1773
639585 1587
639586 812
996795 1458
197223 136
754280 20
836201 1798
524907 23
819820 137
1409645 138
950895 19
442992 26
1236271 1970
98930 139
623221 140
471389 53
279159 246
636351 1619
606844 59
148093 1286
49791 1366
1213057 141
1360515 314
1360518 155
131719 142
66184 143
377483 1712
330634 534
606317 1243
49809 877
1131157 691
213655 808
705179 43
639645 43
846619 153
328357 144
72037 145
508589 507
1114799 146
180915 170
82612 1800
694 147
836279 1614
672440 1246
295609 148
787130 149
988618 150
671861 360
705218 1801
443077 700
115398 443
1426127 50
1327824 1802
639698 1310
180947 1254
525013 131
361174 152
443095 1803
1376986 100
1163997 1096
836318 1804
164578 153
592678 521
1325202 1665
464337 555
197353 154
115434 823
328427 155
803564 364
33517 113
656115 156
246519 770
1180414 157
46549 1620
377604 389
115462 218
377607 1685
951049 158
623371 159
376962 661
918287 53
492305 160
230800 645
1098515 1806
279317 1807
508695 262
1323567 687
1180442 161
230171 162
410396 1808
798 163
1007439 1398
754469 164
806 165
492328 166
983849 167
934700 1810
1049390 168
459569 169
410418 411
1157939 275
148277 1135
148279 218
1180472 170
475962 1731
619999 815
492348 171
131902 172
1311553 173
928566 174
557900 175
344909 605
721743 176
312144 1159
1426258 489
639827 1812
541525 155
688985 177
557915 178
901984 832
865 179
328547 180
738148 621
394086 181
656231 132
571781 1563
1098603 1813
869228 865
682813 1757
361328 183
426865 184
1295218 415
689011 185
213876 1814
131959 186
836473 35
131963 187
1147775 188
328576 189
623491 190
541573 1559
1426310 684
197511 54
1295240 533
1065866 1769
1049483 41
820108 81
967565 554
48040 55
66453 191
1147802 192
82843 1328
1541021 193
639902 1384
230303 194
836512 546
639906 218
1278107 195
295844 196
1344424 197
1442729 18
66474 198
1164203 268
1524653 1337
1377199 199
82867 1384
483486 1815
803766 1816
1442743 11
66488 200
279482 1818
338909 377
689091 201
934853 383
558022 202
1262540 1819
1030059 203
1409999 11
115664 599
99282 204
754643 205
574420 1354
1278933 206
590807 176
1127170 79
574427 268
230365 208
408661 451
246751 262
1180640 209
1452880 534
1262563 35
967652 560
525285 210
14124006 211
314193 389
1131499 1178
1098735 1821
754674 212
1082355 740
99316 214
590837 215
590839 216
246776 637
230393 35
1442810 139
1410049 53
1197060 88
66565 217
918534 218
1119745 917
82952 780
164875 219
345100 1639
1164301 1312
633981 1441
14124048 189
14124049 189
33811 220
14124052 221
14124053 222
14124054 223
14124055 224
14124056 224
328729 16
328730 225
14124059 226
14124060 227
951325 228
14124062 229
14124063 230
14124064 231
14124065 232
14124066 232
14124067 232
14124068 233
1213477 234
14124070 133
14124071 235
14124072 236
14124073 236
853034 32
14124075 237
14124076 238
14124077 238
820273 130
1098802 314
17460 1789
1403742 239
279608 26
345146 1823
256863 240
345151 1824
1311810 132
1359354 823
252633 1521
50251 1017
558156 241
1049678 242
1103 243
1066064 506
296022 244
245619 738
1508443 245
197724 227
181343 1260
869473 869
820326 246
918634 247
1279087 248
623728 219
1459314 225
754805 249
666473 429
296056 250
83065 1667
377981 1053
443519 1257
409792 707
1377412 251
1197189 108
361607 252
492680 253
509067 18
509068 1825
1332854 1826
361618 254
214163 1827
306030 1424
328855 255
689307 256
607389 1828
214174 11
1164447 957
246944 322
99491 257
768195 1278
361642 258
1033389 155
492720 121
804018 1089
689332 259
99510 260
541879 1382
1029663 510
237770 1213
1066176 383
1164482 1829
492741 261
132295 262
918728 11
165065 263
541900 26
771277 1508
689360 264
525523 43
461589 517
1245390 265
722135 266
1262808 1832
1017051 267
345309 1120
1180897 268
1443042 269
951523 40
50405 555
1049834 44
1246446 270
427249 126
377043 2
509175 106
197880 272
1344761 40
1541373 273
1279230 274
541951 752
296193 275
230660 276
476423 714
640266 1281
401623 560
1082636 277
756610 532
41176 1214
427282 11
443668 1038
228635 612
707460 1318
115994 1154
1492251 38
984348 279
1115421 280
476448 35
1410340 281
132390 282
214314 130
1180975 283
1148211 284
57722 2034
591158 285
50487 40
1295672 973
1508669 286
722238 287
988725 930
116034 232
66883 57
230724 288
607557 1834
591177 289
591180 290
591184 291
886097 292
1148244 293
394583 294
984408 295
642721 387
787804 128
1394014 1613
116064 1837
485053 310
878951 1671
869732 1837
673125 755
394599 118
378216 1094
5692 296
738666 597
836972 1838
1033581 1839
1033584 532
1000818 1588
296307 297
1099124 883
525686 298
1458409 120
394618 299
1525115 870
1000829 1194
476542 1842
132480 300
181641 640
1215383 82
1295759 637
66960 130
279953 1513
1246611 301
1443220 302
1443221 303
1099158 912
591255 43
165273 186
1312154 304
394655 305
361889 306
558499 307
826579 1108
132525 308
66992 198
1492401 143
1246642 309
476597 1843
1492407 1844
1458420 806
132539 310
1115580 35
1223584 311
1141665 313
34248 314
312777 11
1000908 1721
1066447 1845
493012 315
345557 336
427478 317
345561 61
83418 302
1033693 1701
280035 1831
542181 218
525798 318
99815 319
296427 53
525805 320
50670 1307
640496 1657
17905 11
99828 43
476661 1189
689655 321
935416 196
243284 1631
312826 26
1345022 322
132607 323
591363 130
213249 655
591369 15
312845 1821
1443345 325
17938 1846
624178 1297
1197589 1256
211731 205
1164825 1847
132634 326
493084 211
1263133 1075
312866 341
38491 934
394791 328
394793 329
99882 108
280109 679
616541 330
8236 1201
1115698 18
886330 331
1598 332
1132096 43
1230402 826
554301 539
755272 333
1610 43
493132 334
1132109 1848
82189 1553
722515 335
99924 203
869975 262
427612 336
726153 1666
411242 179
1394286 1850
409774 11
738930 322
1164915 1852
722553 337
296570 338
99964 15
542335 759
156597 1295
542338 1336
525955 339
280196 141
99973 340
984711 341
50824 1853
1099402 1246
442647 1778
1394317 18
198289 342
673426 18
427669 343
919191 344
1099416 350
411296 1854
67233 345
80800 1051
132772 346
886442 347
111143 1465
803101 763
640688 389
60360 2080
591539 349
460468 18
1394358 443
394935 350
50872 1162
263865 351
1017536 352
165571 228
1410757 353
984775 354
263882 355
521847 1417
444110 611
35789 540
691150 18
1050330 356
394973 357
394974 358
165600 74
715728 121
1115878 360
165607 361
991896 820
524583 71
1069259 1743
558837 362
198390 363
739064 1857
789460 543
1410812 364
263934 365
657151 366
820995 367
362244 368
853765 369
165638 78
427783 370
1509129 371
47524 447
46723 1634
1099540 1858
165653 372
362262 50
1476376 373
1087108 374
640796 1859
296733 375
902946 1271
1828 43
509733 742
526119 975
935722 1030
83756 1860
1076189 870
67377 43
67378 378
378675 1131
1443638 379
1279799 380
116536 1685
575289 315
673594 1862
509755 11
237877 18
132928 382
149318 1863
1509191 383
67400 322
935753 1864
804682 1730
1868 384
558925 11
706382 179
5773 385
1874 386
1263443 1814
18260 11
401721 53
1378137 387
1525597 1067
1119888 261
886627 388
280428 587
51054 1488
722799 389
657267 390
886644 391
1230709 1867
961349 392
1410941 393
1476478 394
919424 218
477058 721
952196 395
804741 742
214922 57
473069 1528
1361804 448
67469 396
1378194 397
1378195 398
198551 399
188740 15
935840 501
853925 400
722854 401
165802 402
1525678 934
165807 403
1443761 404
1116082 405
804787 1276
788407 11
182201 1474
46751 162
542652 457
739265 1868
673735 98
985033 406
460747 407
509900 53
444365 1473
1411022 393
591823 408
427988 409
276132 598
608219 1496
821215 410
100321 411
1116134 388
8529 1222
722920 412
1542121 413
165867 414
1345516 248
1378289 415
1443826 416
33107 417
2037 187
395257 418
362490 230
559099 285
952317 419
18432 576
1324715 101
428036 17
296965 420
509958 1869
51211 1546
1132560 1820
559121 30
231444 421
83992 961
1509401 422
1099802 876
145071 583
1301335 2026
1418482 870
67614 423
149554 1301
1378340 424
1263654 1772
477224 1418
748551 1613
1329196 492
1296429 759
1443890 427
84021 1871
804919 699
821304 315
231481 428
84026 1425
1214529 429
34885 128
706634 597
477261 866
329814 430
1493079 132
1067096 253
198747 325
84061 1872
149598 1873
84063 2
67680 431
1025188 166
690277 432
134161 547
1476712 433
952426 434
936045 1720
1083502 435
1152701 26
1017970 436
1001587 25
1378421 160
428153 437
18556 997
622954 438
444543 1563
559233 439
149642 1874
1280142 440
231567 441
805009 979
1423043 1637
985236 442
772248 1151
693956 443
494618 551
1198244 1875
966454 1756
329898 43
542892 1295
723119 444
1198258 61
1312947 151
1034425 1203
51388 1816
606581 35
51392 1876
559297 446
51394 1877
51395 1878
264390 447
182473 1206
985292 448
790053 570
542929 1044
510162 597
297171 449
1126272 402
248027 1164
1018077 450
510178 138
575715 1141
936164 1880
180604 917
658471 555
755948 451
1378541 67
1296623 115
641264 617
936178 1881
1169107 452
279951 18
166133 453
887031 172
112619 537
968954 415
1034493 914
198910 15
510210 514
35076 454
461063 455
80431 801
84237 1118
346385 1670
739602 330
870676 1450
527406 405
1378582 260
893713 1260
18718 1587
821535 35
240688 742
27356 67
887077 456
1231143 131
313640 11
149802 1569
510256 1827
18739 1586
1001780 597
166197 457
1444154 458
213386 1104
461122 18
1532299 1536
1427780 79
1034566 1800
1149257 459
639373 330
1716 460
995190 1201
690522 460
82319 1081
1493341 1015
657758 423
100703 461
1280352 196
35170 462
1378660 43
330085 463
592231 255
22247 396
674158 1277
781875 781
526707 418
346484 1883
1362293 218
172436 1226
1280380 285
625021 464
510337 905
854404 465
706953 1669
854414 242
1111789 1771
346516 36
366318 948
573849 16
67998 466
936355 1832
231846 467
812647 692
952745 394
330158 468
379314 1884
1034677 1883
248255 1190
1477057 469
763257 1039
772550 513
1149384 470
952777 43
1100235 578
182733 1885
1251064 471
1149397 472
920022 473
199128 474
1149401 475
903642 1126
2523 339
215516 262
657885 394
51678 1766
1247713 476
1149415 477
1165801 1703
199147 478
1238377 1022
657902 479
1362416 1886
313841 1453
1214965 480
1182198 481
674300 128
510465 1325
920073 482
920077 483
346639 1712
1002004 453
1002005 946
854550 484
164271 485
1100318 1718
592417 266
1051170 486
87814 477
133675 487
84524 1705
429149 566
363056 35
838194 1741
805428 1189
379447 1840
657980 488
1083968 35
559682 103
25014 888
1165896 144
707146 910
8631 366
1510498 569
1411662 489
1231442 1890
887379 490
690772 317
1117284 1073
133722 119
608860 228
674397 18
1133150 1891
395871 491
641632 1474
51811 1428
739941 897
1100393 1862
379504 71
1247857 492
1100403 35
264822 493
603484 390
68220 494
1280639 495
461443 496
281221 1892
395910 35
1163713 1789
117385 35
805514 1782
461451 253
655810 497
232078 498
871055 1049
1395345 1893
363154 499
871061 697
772759 1135
246212 399
232092 500
554778 942
445088 364
281249 772
1510513 574
133806 502
756400 350
117425 1428
428725 71
1133241 1128
740026 1703
445118 1526
527039 657
808736 1183
1084098 503
805576 1866
150218 404
339063 1112
838349 103
2768 505
199379 506
639438 1790
1391091 1008
150235 1483
789214 508
887521 509
248547 547
363237 1784
543462 445
1035388 1895
2797 512
35567 513
1297137 2086
445170 1129
447488 709
330487 514
1493755 689
346876 444
1444605 515
1428222 1808
920322 354
488920 1278
559879 477
51979 1201
477966 1896
1231631 53
68369 516
805651 506
1067797 140
1084182 75
887575 518
1163738 433
527136 11
854818 520
287195 566
412453 342
1002278 1818
772910 842
363318 522
595764 474
84798 53
568029 453
724107 330
133959 524
117576 895
1477449 1817
150348 1899
1526609 1631
691027 525
527188 526
461657 527
985946 528
838493 729
145217 842
478047 627
1289267 1438
369126 905
543592 1498
428907 529
1166188 344
805742 1338
445300 1284
412533 60
2935 530
1191060 611
609147 1122
854908 58
1383236 959
68480 531
1461121 181
248706 349
609156 984
897007 480
789384 533
215946 35
1444759 1367
819695 114
1379228 153
150431 57
35744 78
1516016 1236
166819 536
478116 1896
445349 1518
35755 537
1149869 258
461743 420
1367831 1568
215985 1048
472559 1622
199608 11
330683 538
178964 1081
838591 137
232386 473
68554 539
691149 1527
216014 954
412623 35
134097 541
265170 542
52180 1529
674773 562
1513295 316
527332 19
314342 1904
966297 1693
150507 269
505682 132
1412078 325
1084403 544
429044 545
3062 112
642045 1906
248831 43
789504 546
379910 1907
52231 35
773137 888
199698 548
1444883 549
412694 1908
560153 550
511002 611
68635 552
920604 553
1330205 477
887844 554
1018917 318
314407 744
1477674 208
117804 1685
18897 1664
363566 1882
1117231 556
543792 795
379955 1183
800606 1643
527414 557
511033 131
429114 558
396349 559
1412158 560
134208 561
363588 562
1092790 222
68679 563
85069 1441
183376 260
899373 1212
855126 564
1045644 1552
167002 565
1215581 1508
1150046 567
134241 568
429154 179
642148 393
789609 572
1182829 573
314481 561
937074 1911
691315 575
1057411 1251
1392388 1748
1395832 1306
1363065 1746
183420 1912
1199229 643
953470 410
560255 576
478337 1732
1330307 1913
1133700 7
494725 577
1494150 71
800620 1102
3211 1897
937154 26
838799 1162
117904 718
461971 544
356361 281
109764 111
1363100 1195
248991 244
183456 1914
248994 18
887973 578
1068200 208
199852 579
664188 1250
494767 580
658610 375
314547 317
721438 18
1068216 1834
724153 389
1281210 581
675010 396
52419 800
609476 927
456566 1768
36041 18
920780 582
150735 43
150748 130
396510 153
1098277 1230
986340 584
560359 585
1428715 1916
593132 586
773358 1330
445680 1917
412914 1375
306387 1450
696873 1241
52472 383
183545 830
265466 325
363771 32
494846 587
740608 574
888068 588
1576200 589
1576201 1609
1576202 591
1576203 592
125591 826
1379599 593
1084692 18
705527 1327
920857 594
36125 595
1415045 956
363808 596
508464 40
482937 57
265512 417
331050 372
1248557 597
142557 598
478512 506
1283976 807
1346868 599
839205 43
1084727 559
1051960 600
49716 770
363834 601
986427 602
1051965 603
830367 717
595851 464
737846 1319
183622 26
863457 1452
637333 430
3402 604
1494347 26
298320 605
445779 461
52564 43
363863 606
429400 607
1379556 1918
626013 28
396638 608
1101153 1077
1098299 673
183652 728
1019238 206
1002855 1496
200042 611
593259 612
658797 580
494958 613
410173 218
306408 57
445811 1917
608851 1054
970103 1920
604052 43
986490 614
1393215 18
765162 1454
740734 1024
1133799 1303
441477 1344
347523 1921
1527172 1410
101765 615
757127 616
440291 35
118154 1891
677783 1984
331150 617
609679 1550
1232273 1923
3474 618
806291 1646
1183124 15
757142 78
920984 619
380315 895
380317 895
3487 620
3490 18
773541 1925
658856 621
464796 961
265642 622
1212999 623
167340 28
3505 624
1265079 1926
724409 625
265658 626
134589 11
527807 313
270840 1
331203 187
1478084 627
757191 628
101833 629
396748 630
1297870 617
118230 1927
970201 1106
1101277 1446
1117664 631
1521699 461
380386 43
1052131 632
396772 138
1445354 53
881615 1334
150149 454
1065555 1104
183798 1928
1117687 633
609785 1464
19963 1929
347644 55
276394 226
1215998 634
249343 1930
904705 603
216578 464
374699 1649
69124 635
298504 636
151050 1861
101899 637
1510925 638
1379854 477
527887 639
790032 640
216593 611
69139 641
773652 18
232981 642
822809 643
986651 35
544284 1490
1494557 325
347678 1932
1360475 863
658980 645
740901 256
298534 646
69163 647
593452 84
36397 648
265774 649
462383 122
855304 807
626226 650
888372 187
696926 687
527625 590
609848 1935
806457 531
314938 1318
1294943 1089
970300 1709
953918 18
1084683 18
462406 651
544327 934
953932 291
806477 1909
577102 9
462415 652
1185720 963
549475 1884
52822 1936
801627 158
36440 348
691801 653
986715 654
659036 655
833466 86
527968 656
282211 621
1253990 1222
1412711 657
1085033 658
151147 1444
118380 137
249454 261
49768 587
87959 214
659062 302
478847 1833
134784 44
729544 203
167558 659
724617 660
953994 661
1396370 1526
724629 446
675478 1937
20119 1462
3736 662
396955 663
142618 106
151200 346
606832 74
298660 664
69285 665
1281702 666
102055 242
3754 667
577196 21
298669 668
8854 18
642735 1325
1155699 1249
1114607 1793
626357 404
577211 1457
36542 669
102086 670
147974 81
934519 53
134860 26
1363493 389
675534 128
1461968 473
970451 1124
69332 671
872149 1515
1281750 579
200412 672
1396447 1738
1216224 673
380641 1938
216802 1304
85731 527
1347301 674
1363689 1767
429352 1751
888567 11
249592 257
85757 1357
1511168 180
1429249 1435
806659 43
1101572 652
167687 196
380683 1624
347916 1305
429838 286
1338669 379
1445649 675
282386 454
82563 375
560916 676
249622 1599
1380119 44
20248 1451
1101594 1856
888606 677
118565 1153
634841 1512
1085224 678
1000071 1799
48139 552
549512 897
364344 679
1527610 1840
1281852 89
593726 167
560959 680
773952 834
216898 358
1052483 681
1363781 1424
659274 682
118071 34
1068876 1942
364366 683
212904 620
577360 45
325603 163
855892 684
216918 26
233303 559
872281 47
663647 1205
642909 1194
1216352 685
659301 686
603526 1613
724839 687
773992 446
429929 688
707901 695
1085297 14
1494898 1943
1445749 689
446327 339
36729 690
1199996 18
115349 394
872322 1944
36739 389
790404 692
516758 577
495495 645
256214 475
1150861 693
397198 399
104429 433
593808 694
69521 390
102290 695
1511317 696
1249174 697
167831 454
724888 35
952795 939
872346 1683
724896 698
1314723 699
184231 976
970666 1703
1019821 700
954287 701
839603 345
446388 43
200642 581
36803 606
85958 1539
1368738 674
1019855 312
1150929 702
364498 43
1527763 1055
462808 703
20441 192
844578 278
249821 1696
4062 704
282594 565
839653 1517
1310037 1947
413671 807
449681 393
1249258 705
565927 71
36847 706
790512 707
1063442 130
1036275 1949
462836 545
741367 1530
937976 949
1396733 130
1396738 130
762539 1254
233478 708
495623 574
495625 709
470359 26
167948 710
1429517 1066
626702 15
806927 132
740696 1841
184339 1855
53268 1950
36888 711
1052701 579
823326 44
86047 1614
1069088 455
1282081 712
1429538 1828
240987 325
331812 713
938022 630
135207 714
692265 157
856106 715
153607 716
774190 520
872498 957
872499 1582
577591 1952
282683 1858
380991 1561
666976 498
1167426 1362
266309 529
69705 718
1462347 113
397388 719
186722 563
561233 720
610386 349
167267 609
184404 982
4182 721
656057 722
364632 92
512090 158
823388 847
432144 970
118883 18
1347684 724
1264998 1740
1396842 1953
232807 610
544881 1107
823412 325
1085557 726
49241 201
954493 727
249983 1870
741504 424
168073 2069
184464 289
397459 729
314734 1919
659611 730
18406 8
446623 1751
118945 617
1118373 130
711400 555
350236 667
561323 732
1118380 163
1413295 389
463027 733
643252 64
266423 734
757944 424
1151162 735
528571 667
1167548 1443
1020093 736
577727 1698
1069249 347
774340 556
905413 963
1052873 737
381131 835
676044 1233
708813 26
233681 738
544979 609
200918 132
37080 740
1180367 151
381148 208
512221 125
1134815 16
626915 742
200937 743
53488 1838
1003761 43
528627 744
332021 288
987385 731
336597 142
954630 745
561415 746
905480 1942
1275949 1955
725264 747
37137 743
299282 748
954644 749
1069335 261
971033 743
266523 750
889117 751
707973 1116
233764 752
1265957 1107
954663 43
758059 753
725292 754
69934 755
479538 1956
250168 485
561471 43
20803 40
1036612 759
1003847 1957
37192 557
53581 1381
266576 110
86355 866
299349 756
1347926 757
563257 0
216737 143
11663 758
643422 155
37215 40
364896 43
53602 1024
676195 475
86372 575
971109 556
217446 1145
299367 61
1167720 310
1428882 1924
430455 556
823672 759
314772 322
606955 752
135556 760
216470 678
807303 1809
70024 761
692620 444
1120322 468
561552 762
1053073 763
201106 122
577945 78
1479068 764
1511837 765
20898 630
463267 766
790948 767
53674 1959
397741 305
430518 636
102839 57
217528 1894
1166751 1384
1085884 768
217533 1357
37310 769
184774 1755
4551 393
561608 80
545226 1960
836343 50
249250 302
758225 771
725459 772
1167832 1213
1184218 773
112719 1659
699813 1463
397792 774
889315 775
987622 458
266727 776
594408 777
578036 1962
954876 778
774653 228
168446 779
102913 780
250373 1161
1297836 1182
807438 18
769749 747
4628 781
283157 396
53782 1753
446999 1143
1298969 457
643614 1964
1217058 783
604251 655
1510833 1965
71772 979
283178 99
1135812 104
954924 742
638556 784
830899 785
940126 742
1086006 424
348729 1966
4671 433
430656 766
201282 491
459531 469
774724 611
250439 130
119370 1967
725583 787
315984 765
1151572 788
709208 715
17167 1750
198742 789
922207 632
807521 1980
1102435 1356
119397 915
1315431 790
1249901 130
1380974 431
283247 1881
578165 244
1217142 791
971384 1968
610941 315
725632 792
978114 155
676486 255
250503 1875
332428 793
1151629 794
252013 795
649577 517
627353 796
594587 797
1413788 798
266909 799
807582 61
135843 800
306630 1466
1479337 223
610986 1970
103083 179
22642 801
332463 194
1184432 802
217777 11
1397426 672
1032990 315
1248713 1972
611000 1354
742073 1654
299707 43
955072 742
1479361 294
627394 130
1282758 803
889543 804
201416 805
692937 87
1098928 26
1086156 806
1041186 1246
938702 754
758479 807
1095800 1662
447187 677
1060302 2048
1413846 130
758489 433
365275 660
496349 809
1266398 1118
1233632 179
798160 404
1196838 1809
404945 1100
512744 303
1512170 772
758508 325
191954 1059
594671 2
578289 353
1043923 810
1479412 811
1086197 812
1463033 1820
1348350 381
332546 813
37637 492
1495814 366
1331977 11
1094020 1045
988726 903
211074 1570
398094 814
840463 501
725776 815
922386 816
906007 461
1331992 967
676634 28
611099 832
267037 817
622107 144
332577 734
1364773 1805
37674 818
1210503 588
672562 1246
380381 854
529201 819
1020728 820
594746 821
447292 1784
620682 534
402229 325
529222 822
1315656 10
693065 419
107319 280
480078 1304
430928 823
1332053 1975
889686 824
758615 825
611160 1100
889690 826
922459 692
147761 866
480098 406
743569 2007
725864 132
37737 47
283499 40
332653 669
1086319 827
791408 828
271166 435
660342 326
332663 18
611193 881
496506 829
77721 1446
1528701 202
86911 1812
238578 715
70530 830
496515 831
725892 832
889734 833
21386 1044
766193 1532
889743 835
791442 272
1201043 829
1446807 836
1315737 666
1135514 1976
316319 2093
1004448 539
562082 571
1282979 837
709545 30
791466 838
201643 839
679247 286
463790 295
1397683 1978
378790 1125
1463229 886
168898 840
832155 487
938949 11
1004486 2123
414663 1947
54216 1742
1196876 565
988107 5
431053 8
719769 1263
1233873 38
234450 841
1111485 1228
218074 149
1053661 843
824286 844
1349797 331
300000 504
545762 686
365542 66
5095 36
1528808 315
332777 845
1512426 21
463852 574
342239 1674
711446 1952
1070067 1981
463860 218
1020918 846
365562 847
1265151 522
185340 943
1151998 617
1463295 843
1463296 501
840706 1560
54275 1624
37892 848
1090390 8
1463302 26
971786 1752
1332235 1790
480269 393
168974 849
398351 850
513041 1982
218130 1983
904707 870
1524569 1371
904708 1658
611354 218
21531 1984
5155 35
447524 1008
1184805 851
939050 1021
414764 1491
1184818 852
103478 853
611383 24
250939 268
347658 1985
833717 447
660546 742
660549 854
1237858 899
922705 855
1315922 43
347662 914
1315926 856
1234007 190
267354 857
1101327 1931
1070173 1411
1004638 614
103519 858
529505 859
103522 8
185444 1769
283749 304
791655 860
246631 1312
857197 35
889969 329
806419 534
398452 861
332917 489
955510 584
824440 656
1512570 199
988284 862
562302 863
873603 489
988293 864
185478 1876
87176 1160
627849 1600
1463435 286
1004684 1986
994840 866
1496210 649
1004691 742
1463446 130
364057 1205
1037464 815
1103005 1021
1037470 1114
1447071 867
1098608 1501
660646 160
1397931 1274
1392458 82
87215 683
332977 35
1131379 1411
1348788 868
562358 869
922808 852
562362 61
513211 15
674495 1894
1516405 331
36184 1897
21698 468
82415 535
726216 871
136399 53
54481 934
21714 845
152787 43
775384 447
527908 582
873691 1606
54495 549
656251 872
70890 18
1382610 268
5360 458
824562 873
464115 43
38132 874
238462 639
1316087 875
857336 876
1168635 1401
667178 877
1497301 153
1299712 1976
1283329 26
1338923 878
38148 204
890118 505
1021191 879
1299720 1576
1035820 1933
74376 396
218379 1758
504827 1585
955668 880
314926 1797
385924 1988
1414426 18
939291 1284
382236 1713
988445 881
136478 882
988448 883
5409 179
840996 814
447782 1947
693543 884
738183 393
1250605 885
1332527 1632
529712 54
808242 1899
1430835 925
1456350 1673
21815 934
677176 548
234809 451
1234234 1201
153823 886
415036 59
38205 758
248413 79
120129 685
677187 1990
562501 811
21832 841
316745 1991
628042 888
218443 1992
202062 889
1186019 998
922966 890
1348954 891
107407 1107
54620 887
218461 863
644447 1993
300385 892
1250660 893
136552 35
1168747 1611
21869 1359
398704 894
5489 122
1152374 895
464250 896
726395 646
21884 850
1398142 1978
791937 897
234883 139
120196 1070
1054091 898
857485 900
120210 1904
87445 246
1021334 782
415128 153
169369 26
87451 1677
202140 296
185757 1077
71070 328
628129 902
1070500 1642
333221 530
841131 1923
431532 161
522482 2130
841134 1994
972207 138
1447347 904
529844 905
382390 1812
382393 1095
71099 907
579005 890
1103294 1995
710081 1391
1185226 908
1103307 1668
710092 43
1021389 726
857550 909
5583 910
218577 1641
79689 106
103893 911
939479 1996
366042 144
333280 912
792033 436
1381858 913
398819 747
251369 1428
336807 611
1250797 52
1054198 914
382457 657
808443 1597
169468 915
1218045 916
906750 496
54785 531
759298 918
808455 35
185865 413
1136138 458
5645 920
1234446 1132
661007 921
775697 1179
446041 249
955929 923
1201690 423
480796 186
1152541 13
628255 924
398881 453
1076827 187
251429 139
1463848 291
382505 1997
989447 926
140210 205
1054254 35
595504 927
529970 928
415283 1341
939572 1832
349749 1350
972342 1747
1005112 18
431676 931
1005119 1878
1201729 523
1381956 457
87621 360
267850 932
38475 567
22093 1611
1365582 316
448079 158
478819 60
1529430 1988
726615 933
317016 1201
284251 1094
1054302 885
1385403 1271
702737 109
431721 935
855655 1356
87661 1542
349806 1117
1123261 901
300656 936
841334 1186
611961 558
284282 1631
1005179 359
349821 1650
1283715 937
824964 938
546439 1914
317064 1323
431754 939
824973 53
1228259 586
218768 1998
1136288 1383
972449 1741
1316517 940
1382058 941
54957 318
382639 338
104114 35
579251 757
530100 942
300733 654
874174 473
857796 207
399649 35
693967 943
270249 978
1496787 57
710359 587
841436 1963
988893 944
1414845 1999
38626 945
415462 1627
906983 660
169704 239
1152746 946
726764 947
448238 329
241277 1477
202481 949
399092 950
382709 764
923384 536
1251066 742
52863 1630
1234684 57
284414 133
753023 739
1021696 781
1162085 428
46630 18
939782 43
694024 465
349961 28
1054474 399
907023 268
677649 1130
644882 1492
874260 375
1333013 40
677656 865
857881 477
300826 93
644892 1888
5920 951
874275 849
1005348 742
268072 222
1283887 43
202544 952
726835 950
87860 993
1185590 594
137017 346
563004 450
1461898 18
50144 788
202563 953
743238 1032
1277366 30
437900 11
579402 313
1398603 633
22351 1608
56628 1474
1300310 1115
22362 1986
186203 373
1005408 1182
808801 1575
186215 1439
644969 450
738349 1539
366453 954
6006 955
6015 766
415617 1025
446102 1587
186246 895
219016 1456
366474 957
1480587 958
41965 809
989074 959
759703 960
1300377 1995
907162 1188
41967 3
808860 1728
729076 1764
1480610 137
366502 962
14663 935
972717 538
1038254 35
874416 1052
22453 196
546743 97
776120 147
1169337 43
432060 2
956353 964
939971 1199
1513413 965
497606 966
1300423 724
923592 967
88011 1880
743375 2000
612304 616
858065 968
328697 504
972760 212
1167012 60
956381 693
1420965 1065
366561 969
563174 208
1218535 325
169960 2
861180 44
1265319 1467
399341 262
1284079 869
874482 179
1447925 61
595960 169
169982 53
120831 1860
88066 1468
1202183 1308
806573 1485
251920 53
268305 971
1349650 280
535950 302
219164 18
71709 724
746501 1254
219171 766
284708 620
705542 74
202792 972
694314 197
1071148 456
235565 600
1284142 973
989231 974
251961 1098
1284447 975
792636 976
104509 35
757429 736
497729 977
284738 1194
1529931 1384
1366370 836
874578 218
104531 778
195581 569
645206 53
170071 978
202841 78
219227 2001
120924 2002
1136734 1311
235615 635
476176 137
1128699 1675
88163 1370
6247 980
497770 981
907373 2003
1513586 322
14124051 982
120948 2004
1284213 983
1480828 984
628863 985
637291 779
22660 1571
787478 354
1054854 505
202888 986
55433 2005
1104010 1665
874635 2006
213525 135
268430 1
874639 524
1300625 556
546965 1734
727190 988
14124057 989
252056 1345
825498 11
604527 862
1038493 1085
1513630 990
694714 1040
727200 991
268450 992
989347 473
708294 179
989353 78
1382573 993
612527 1303
219313 442
710836 1638
858296 994
672799 781
708298 1404
235711 742
1333440 1521
628929 453
661698 81
80409 1687
230433 995
399563 26
1104082 1887
926755 433
55509 325
284887 1813
1319972 920
1300703 1806
1333473 11
317667 1920
22758 510
1005800 1181
563434 999
830496 1435
137458 832
792819 1000
530677 296
350455 2009
14124074 1001
433446 1181
1104132 206
596229 782
1300742 1320
1186055 556
214060 57
596236 43
1202447 1679
1464593 1590
6419 1003
907540 1065
235797 682
88343 2010
1038616 735
1366302 1287
792863 425
186657 2011
629029 742
203046 196
252965 393
629034 1004
137521 53
1284405 18
1440137 513
432442 1005
1199839 445
792893 103
858434 1006
809283 1512
253903 1077
317837 651
252241 1392
735630 303
432479 1007
579936 1637
809314 960
55651 1643
235877 1008
743784 1154
137578 1009
743787 130
399724 2
711024 850
268657 1010
80275 1153
533566 1281
72054 780
1036009 1954
39289 1011
1251711 1012
253905 1189
825731 1013
121222 11
252296 1428
907659 43
1186188 1014
132162 1015
334226 79
22933 192
858518 1016
72089 1017
612762 1016
842140 742
285082 1755
760223 53
1546656 1018
863340 186
563619 95
872177 1939
235944 325
620956 1439
580010 639
219563 1072
432558 1020
219549 1266
219571 18
629172 141
1350072 18
1396320 1647
1071546 1036
1186235 1022
1415614 1023
793023 250
88521 95
137674 1024
970487 833
760269 487
255053 742
113059 35
17486 75
186838 280
1235415 1531
186840 71
481753 53
1513946 325
74831 53
350684 622
760287 1027
137700 0
1481194 1028
1128871 1683
563693 57
1415662 571
441583 781
143159 1064
1522893 788
580083 26
1087988 721
547317 1793
1153528 1030
1300985 1804
1300990 644
1333760 137
1486592 1490
1459286 57
154119 131
219658 1592
236044 268
547344 454
858642 968
55828 1336
760238 1031
678422 260
236055 315
151300 11
825882 1032
1489327 969
1464861 1823
252446 707
711202 1915
1071651 626
416292 2014
1235493 1615
1153575 1033
662056 108
121386 1566
1191737 1499
1284654 325
563759 551
1448498 1034
1497523 349
318007 1047
1071673 43
1055293 1035
236095 1036
137795 1037
1366597 1246
481862 11
96695 1819
432717 64
793167 453
1350224 1038
760408 1039
825946 92
661946 1021
547423 521
1432160 767
6754 130
1301091 2016
563816 323
760432 504
39537 990
1006195 1558
924276 1024
760438 640
708372 261
268922 284
383423 740
771178 681
400001 962
268930 219
449155 361
1284740 635
187018 2019
793227 1041
1497740 1195
383629 769
875150 393
465552 1042
1333905 114
1301138 383
105109 371
1366681 130
72348 322
203421 477
498336 1043
760482 35
236196 476
154277 1938
137894 18
137895 1044
236200 706
400041 393
826032 1045
137907 391
187062 1717
1137340 2020
449215 35
1224480 1495
957124 461
1415881 216
826058 1005
88779 271
1186509 40
170703 1047
1530577 1340
472487 393
1366739 2021
1170134 337
269016 316
831268 1497
645850 286
137949 1049
645856 1842
137953 74
531174 1050
1317608 1051
1497834 193
52058 1431
531182 1052
301807 7
1317619 170
1451134 923
727798 460
580347 1235
1415933 1054
1481471 1055
1039104 43
498433 1056
151339 1940
23300 2022
269064 498
400140 1057
105230 131
1440216 1767
1202962 50
465684 442
842517 1476
924438 1058
924121 1025
498459 322
711453 1466
8960 1223
204818 2023
891684 18
744230 35
416551 1832
924124 1026
449322 1282
124039 2046
465709 57
547630 522
678703 1115
138032 1061
1033352 1075
596786 967
498483 424
1513951 1062
697482 95
219966 1072
1186623 752
1121088 1063
72516 53
695112 468
1497929 487
383819 1101
809804 1075
318285 2025
611811 196
39760 1065
1366867 282
88917 177
1153879 1066
547672 461
1022436 43
924510 585
760672 690
367458 1068
503611 1500
1284968 1069
23401 2027
7018 1070
935058 1437
1366894 1372
514927 501
564083 705
990068 345
957302 1041
1350519 21
187256 2028
301949 594
187262 971
42133 393
1497985 8
760709 1071
1432454 2029
547720 492
973709 43
334734 389
1514384 1072
1350545 1073
367506 1074
547733 2030
498582 1075
449432 553
105369 26
1219482 842
1088413 733
7071 1076
1153952 1077
793505 659
1481635 945
236457 247
569159 53
187308 1315
973746 18
1317811 1078
973748 1611
662454 1079
72631 1080
1087989 1029
1068875 1941
990150 639
629703 43
629704 1082
915695 220
1292792 794
924630 387
465880 387
547801 389
105435 1083
302047 1084
515041 11
285667 2031
400358 1085
351207 1349
220136 460
89065 374
315029 370
695283 1086
72693 1087
990198 930
1137655 269
23544 1887
1367035 1261
777213 18
105470 1360
1154051 447
416772 904
1367047 2032
1448968 534
1264313 1956
56330 1504
547854 1879
23570 1458
1137683 1871
302101 473
498715 1088
89117 1
1379428 570
973861 1259
1055784 11
1219626 40
39979 226
410802 349
1006640 571
990258 713
990260 784
339806 1502
7223 1090
269372 1091
39999 71
135008 1302
777283 1745
1104966 1910
891975 1092
1055816 1093
7241 18
1465419 243
334924 1094
433229 1095
620003 1096
7252 1097
1350741 1098
662615 740
908380 1399
619458 1382
613473 1302
449634 63
1334371 1934
142658 303
159547 203
85863 53
1210898 911
636371 1503
1006704 1234
351345 1319
547965 519
597118 1099
1465473 1447
1105026 1276
56451 964
30249 18
121994 453
482444 1664
285837 1715
482447 1578
941201 1297
1072274 1382
728215 225
957592 1101
942980 137
216943 89
842909 309
277744 900
165061 1102
924839 1103
443591 1830
416940 1684
171182 140
1301682 1756
711859 11
155185 2032
1039543 1549
200467 595
105660 431
941245 48
569205 1104
203968 1105
957635 1106
56517 349
187592 1461
208759 1503
908492 2034
859342 1107
875727 1303
154832 454
1252562 1006
1514707 1019
48801 415
138458 43
138459 1109
548061 1315
575817 1652
670245 1689
154848 1520
1023202 53
171235 1110
1236200 1270
515305 11
564458 299
7404 1111
72941 876
236782 1112
83155 1831
1055989 414
613624 1221
761084 683
1268989 1607
574677 712
1416449 1114
384258 2035
1105155 495
466180 1115
122126 1564
670253 566
843026 723
495491 608
662805 1116
449815 637
1137945 1939
335130 195
7451 1117
417052 352
757637 53
1096240 488
50395 12
859428 262
630054 1118
138535 1119
1498410 1620
902365 389
1439459 42
613682 1622
433459 1121
417076 1169
810293 228
278487 325
941372 1253
1142666 638
86994 959
548162 2037
814987 66
1056068 763
1318218 169
1014327 826
335181 1044
302415 379
1072465 152
761171 30
1432121 18
974168 1382
318810 878
1301852 945
744806 537
728424 1123
1489468 1480
500967 11
623286 899
171376 1125
1301876 491
40310 617
580986 61
253307 550
253311 842
1285504 1126
167830 877
154101 1081
1160123 1127
990607 1128
1006992 1540
446360 131
1194563 366
908693 999
1006998 105
269719 11
908699 624
728477 747
56734 1314
957856 1129
155047 18
744874 35
875947 1758
42226 615
794030 5
579643 132
236978 504
673011 1833
187833 1494
499133 783
482750 2039
1383873 332
1498564 1154
138693 220
515530 2040
47078 18
433614 1057
892367 1130
220626 1562
400853 1131
1351126 244
1017081 103
974300 314
219026 1379
548319 2041
1088994 1132
466404 40
1251 1388
826855 1133
908776 354
450025 149
1060775 1508
515568 1010
540910 53
24050 1579
1334777 1760
204282 1134
384508 376
826879 742
499202 1135
1498629 690
576918 801
905133 1413
237073 435
1105426 1594
1189123 1044
1498645 196
73239 1137
1089049 1138
1072666 336
1121820 1139
1482270 1140
630303 1141
245761 1377
499238 398
420342 1997
1465898 1748
7723 486
417324 1969
1187373 168
597550 1142
646704 451
1515057 18
1465910 61
437255 425
499257 43
794170 1143
151281 488
1375627 1701
1039934 747
532031 1144
1219050 29
1007171 897
40517 1146
187974 984
1367625 668
1203786 2043
154210 103
138830 324
1405527 1469
466515 177
450135 1541
409978 776
40554 1147
1007211 30
728684 953
171630 1086
597615 246
302707 1085
220790 581
1465975 312
368249 1148
274367 1282
73342 57
1187457 1149
1367689 1378
73355 1150
1220236 1151
1056398 1152
73361 18
1249219 2002
106135 1153
216749 789
1072794 308
433819 43
509210 141
302750 1155
339909 1510
953363 45
319137 1306
138914 154
106148 691
335525 1004
1268337 2018
40616 78
738588 1577
1154731 1157
220844 1781
761517 1158
443677 35
843441 2044
57010 1970
974520 2037
669670 1439
1056442 18
1400509 145
335557 1159
1402998 1873
1105610 1427
696013 793
138958 896
614097 1395
1171154 908
1433299 556
794324 1160
171733 880
1416918 1161
614103 397
663258 1162
1253086 11
138976 1163
1342860 732
7906 1164
270052 1165
1072871 1537
614120 747
761578 1166
1335019 93
252541 1486
40688 826
7921 1167
581362 603
614131 151
581364 546
597749 700
286461 540
270080 689
466691 894
745220 1764
827141 1165
499462 1168
237325 1170
122639 705
417552 262
697646 609
565015 777
106264 43
204570 1171
499483 1010
778012 1701
286494 2046
113285 1693
1089317 153
679719 746
794410 1172
237355 1173
1515308 1174
7981 1175
1351471 1156
270129 825
368438 1176
1335102 469
941888 240
28640 878
1040197 211
614214 2030
876360 1709
1154889 1177
1220427 1178
8014 1179
286543 218
614225 492
73554 767
1138515 1418
237396 1180
440538 1672
712537 1241
532315 11
1253212 457
1171293 341
1038992 912
450403 1469
1515364 1018
1105767 1874
204649 828
581483 768
1400686 132
810863 531
146067 1291
810870 2047
499577 687
434042 1182
319357 1471
1220478 1183
696191 1184
663433 18
965271 1555
1531792 870
1351572 71
77807 393
454725 1227
1253279 1185
577520 817
565160 737
1269673 1876
483243 1705
1261392 1275
544306 856
139188 1186
1335222 2049
958391 1187
696250 1188
106427 791
679870 150
1191925 1513
106433 1189
483269 1936
581574 791
1279308 1190
580258 1004
942030 1778
991183 1191
151544 389
1493016 1870
1482710 204
155607 2050
1530532 932
1531866 1892
738640 248
1040354 259
286692 126
172005 322
810982 1742
476497 1835
201040 1470
1104552 751
204786 571
1351667 951
598004 1194
24565 325
88745 57
483321 1146
1155066 1195
647167 2006
925697 218
90116 26
991240 1196
712716 1108
106509 25
712719 360
1450001 1197
1122322 651
1040405 196
417815 1409
122905 1817
860187 425
122909 1977
696351 1199
1237025 1823
200710 496
729127 91
122920 97
516137 2052
122923 995
614444 577
1252019 1202
639131 1064
221237 2053
503817 1514
319544 2054
548925 2055
1253439 1203
1482816 1204
421899 148
483400 1796
1069069 1007
401490 1563
970290 61
761944 568
876633 1565
737334 722
1106014 1490
647263 2056
417888 28
303201 1206
41059 541
1515620 1797
254057 2035
329063 18
1319020 1207
1335405 1478
368754 840
1040503 490
974969 2058
974970 1416
598139 1208
57468 502
204926 71
139394 1209
587305 1535
1450120 1811
1007755 1029
1063618 855
1417362 18
417942 1676
1515671 353
237720 882
811162 1252
139420 18
123038 363
729247 1210
90272 1345
214384 1727
1014470 438
827558 1189
188585 2059
21878 261
303283 230
499903 1211
417985 1185
90306 374
252619 723
528417 621
106697 1212
1138890 1811
217122 534
1351887 861
1073360 796
333620 523
827608 1127
938020 1951
1286362 1215
925916 719
843997 43
991456 1216
811233 1135
1532130 2060
188647 646
1433833 1841
1122539 338
385260 1574
925936 862
57586 1151
1138931 18
274473 132
73979 953
434430 1099
1492352 1420
827650 926
897067 560
1532165 1173
1286407 635
1220875 1084
1433869 2000
79794 731
8465 322
665423 1158
827669 912
663830 1217
1433879 1819
1073433 1532
1483035 1035
899802 1697
123166 389
74016 56
1106212 1982
172325 1218
1328935 1702
565544 86
680233 313
844075 579
1448669 632
221488 1872
1188148 1219
1499445 1824
1040695 607
41273 325
270652 164
287037 858
1253695 1221
745793 71
352579 815
237892 1214
631109 991
876870 1644
1415905 831
860488 713
418121 18
1057098 54
352587 39
237901 43
1204561 160
729427 43
1417558 1223
434520 325
959933 325
532826 1224
713051 1649
336221 26
876894 1629
1401184 322
1270113 1528
30231 2017
823355 717
514790 238
71208 925
87575 131
1191996 1501
942442 95
1189266 1307
663919 209
72424 35
247187 94
221558 1136
221562 1179
319870 1987
1368448 2061
1142848 1157
1368450 2062
41350 66
860551 1225
369032 354
1384842 43
516491 1460
144315 589
713106 696
844179 1674
254356 1659
1324918 1595
57750 1863
1189273 610
336280 153
811417 2064
680347 908
647582 2065
53317 209
663971 1228
500134 1229
41385 1170
932594 109
926130 1230
572147 1165
1171892 26
205237 1025
1302966 499
1286184 832
378271 1149
713148 584
106941 19
1139134 638
942527 974
598466 853
1188293 457
877000 103
413772 1504
975306 2067
1008077 1551
336334 1231
443811 1232
860631 1233
238043 1534
1188318 124
1253856 1234
680418 1233
1071867 325
975333 539
1303014 1901
118865 200
1090025 85
467434 714
57836 1894
57840 1489
778738 1734
806995 483
598520 1004
991737 1237
549370 1991
123389 114
680446 2060
369156 1238
1417736 1177
467465 815
860686 1239
41490 137
959918 18
1401372 1432
582173 1865
893477 1240
279985 1616
1204776 920
692316 723
680490 626
549420 977
1055496 728
664116 1242
467509 949
303671 1243
1159263 1520
1040960 774
1532482 1720
768993 276
41542 28
1499720 1678
1155657 1244
713293 2013
516686 887
1401423 568
154382 2017
1237593 2062
1352285 38
74334 1378
287327 742
500322 1245
942691 26
336485 1246
483942 57
516711 2005
270952 241
509372 55
991851 1247
1303148 132
845245 1
926320 862
1221233 1000
647795 1196
776980 12
516732 774
746111 172
1478763 725
270980 477
320133 139
1139334 1475
975495 351
975496 389
1358615 137
1352332 1071
631437 43
74383 1252
431707 327
1352338 492
1132342 1395
483990 1246
1368728 43
1106585 2050
549530 2067
743900 2013
696991 1251
434849 1253
221858 155
1516195 850
125538 286
484007 894
778920 901
1057449 995
418475 1123
1434285 846
1270447 1807
25265 492
519870 315
1024699 1255
877244 1418
975550 2068
434883 241
1319622 1106
828104 1256
254669 11
582350 737
631504 284
1024725 1830
1188568 1257
8927 1258
41696 1245
320225 129
1221347 1003
312906 757
1235750 1598
320232 403
1172202 661
664299 1958
1166170 1900
1139437 1449
566001 1227
582388 657
303861 1259
516856 1133
312788 541
287483 1412
41724 56
926464 325
12416 324
828162 1165
182517 1576
16120 1725
451345 815
271124 18
1434389 1697
992022 663
90904 1436
388063 381
844571 1333
156445 26
19394 1903
1237793 618
647970 18
385827 287
533284 1973
547633 1287
1237800 258
221993 235
1155884 580
1057536 1060
303921 825
205618 1261
1090357 1974
533302 559
1446025 728
647997 409
1336126 937
385855 389
1090368 522
1368897 196
670518 196
1522427 1373
533321 286
1205066 2070
1123147 35
320332 1979
549711 1927
1499985 455
1106770 1915
74579 53
1024852 1262
1368918 1816
1499994 2071
533340 180
959326 144
1450848 196
287586 1384
369509 617
451431 1107
222058 71
280039 1448
123757 617
615280 342
385906 1333
697204 989
746357 319
402294 130
41848 245
1024890 1263
1172350 2069
1074048 787
254851 1825
1303428 179
1074057 2060
713610 1124
372887 1264
1057677 1265
123790 1021
1074063 1057
254866 461
123795 35
74644 1266
992149 1254
1024918 1267
45209 1524
877465 749
140186 1268
844699 40
500637 14
435106 43
287655 405
1532842 325
451501 2072
418736 529
369585 152
287666 57
484275 169
1061022 1270
566198 838
1057719 1060
959419 1869
1237948 523
254909 1742
673269 1577
304066 447
631747 1272
274593 130
779209 1291
116215 43
15135 35
730061 43
981231 1273
500689 353
107475 892
861141 670
1172438 268
287704 483
386009 130
828379 1274
1265829 1203
713696 254
664545 601
1123298 130
418790 2074
1123303 1275
91115 1803
418797 1247
730094 57
435183 1460
1401842 1588
205811 57
107509 1276
684201 969
1183637 919
517114 1367
619819 1524
1319932 715
615422 130
156672 1072
844804 784
1467397 2075
58375 1695
205834 267
990039 659
254988 1218
484365 138
205838 1277
91153 383
738819 53
1139739 155
156703 43
959521 211
451619 648
615460 1001
648229 841
1090600 357
1172523 1992
861228 1278
877615 18
599089 518
1061043 420
287796 49
42037 383
798900 1279
1172538 333
1270843 61
120333 1759
926781 1280
1025086 1434
143541 857
173121 686
235993 1059
961341 182
910408 744
670263 703
1008714 44
189517 382
9295 795
664656 1283
861265 815
746578 1774
484437 1243
1254486 624
140375 767
418905 234
828507 1183
533599 1284
468065 353
894056 458
418922 2077
746603 1810
271468 1285
746605 1662
1527997 35
238705 1286
1205362 1105
631925 801
1139831 794
1090681 1287
812156 2078
449386 1497
386174 1295
517251 729
1221764 1288
844935 2024
812170 1111
1352843 11
1074316 737
1061058 810
173198 603
402579 611
645998 312
107672 1254
599195 35
648350 208
255136 1940
1139876 240
1172645 1890
714268 1965
9387 53
9392 18
1433512 556
173239 1289
369115 1214
894146 1290
438475 1291
1041605 153
664774 1255
1336519 646
508780 1731
222411 623
648396 11
222413 71
419023 491
1287379 1292
1385689 1085
58587 520
209811 180
310195 775
812255 1816
25825 527
1074405 1272
807121 1482
1325948 130
189080 1945
558631 1293
550124 2018
566514 2038
580796 1315
25844 1620
449406 86
1172726 11
763128 1294
812281 943
386301 713
585941 1102
1041667 1674
845061 710
500999 1295
9481 1084
883586 1234
435470 1296
976144 1414
222481 1920
143254 1032
337176 196
173615 755
845086 1216
255265 2079
1315035 741
402725 2
468264 113
222506 816
79327 184
1402157 1225
599342 1140
173261 1197
484659 2029
1484087 1298
91450 1416
381151 2063
1434940 56
25917 742
9541 1270
402758 35
238919 1019
451914 1660
877899 1931
42316 1299
678797 15
17776 332
25938 771
140627 1300
140629 1301
875950 1799
36871 2080
501081 580
419166 1844
798950 907
39825 611
533865 1302
220050 1538
1451375 1303
118161 1540
599412 1304
681333 1571
1090934 1305
173433 18
550463 571
779645 1410
451967 1187
1090944 1306
271745 38
566849 389
320905 457
189838 1386
1369490 1573
58772 1286
711577 625
304537 663
1172891 2081
599454 1294
206241 138
1260443 919
1238436 1980
140711 447
255402 923
1494078 822
910765 249
1238446 71
632239 1308
58801 35
1353141 1192
189883 791
1484220 270
697789 1783
386494 2082
1036533 1954
916384 587
402883 89
1189316 1309
894409 1310
124362 2077
222669 1020
189904 35
636451 1625
812123 742
288211 307
255448 2009
157145 1194
943580 1533
700667 1533
1140196 1604
75238 1179
370151 1311
845288 1944
1484269 1309
992750 18
321007 611
632305 1312
840993 195
1353208 20
427604 316
828924 1313
1320448 1311
337409 43
828935 1314
1041928 17
646060 1526
386573 1850
1205775 1732
1123858 44
960023 649
386584 724
58906 513
26140 805
222751 1348
91681 454
91683 43
468517 1316
53511 1559
845358 11
927279 675
1222193 685
187315 71
9822 1110
798985 43
9786 325
828988 1116
91709 2083
1336894 269
157247 1811
403008 1317
1500737 1955
370242 11
878147 435
321093 1613
599622 453
878151 1922
1074761 1489
321098 262
277865 1219
91724 2084
1271374 1777
714324 61
255579 418
337502 645
632415 1318
435808 742
1229485 833
534114 1319
1517159 1320
506066 1669
239210 387
829035 1322
157292 1004
697965 1074
646045 433
468594 218
1353336 1323
321146 1935
894587 636
403050 1321
435840 1324
703424 102
1042050 144
288363 1018
1222276 1325
342977 1139
403080 35
9865 876
648842 2085
1487127 1058
1123981 376
583313 188
998339 18
419476 155
747160 43
1033839 1851
911006 315
960159 1326
9888 136
829093 18
1297009 549
1124008 1327
1435306 2087
1337003 1635
255663 643
1366984 637
778851 383
173750 745
190135 367
878144 325
1025722 1562
1517243 457
747197 977
274720 306
779971 366
304836 1329
124613 992
1205958 1617
75463 1330
91851 633
1270406 753
1156728 875
1402580 2088
796373 1034
59094 2048
1001081 261
1009374 1350
468704 1331
190178 18
1353444 1332
780007 693
189097 1949
21063 1333
1337069 1463
173806 1024
1451645 1723
583410 1847
239347 35
784836 723
1184043 1360
583431 322
829192 1334
698123 1335
149122 1782
91918 585
1025810 742
108309 389
943899 137
1107742 1734
1402656 1313
705749 1113
326619 1950
239398 1338
1173291 2089
59180 1231
598002 1193
567087 1339
976693 1090
190266 1680
744415 88
1025855 1340
517953 1512
157511 575
796494 1341
599887 1342
141137 1343
632661 1344
1468247 902
206680 1345
206682 1328
436062 1346
1320802 11
451901 1602
465157 1347
1419109 1348
354153 47
829290 21
1334247 1167
1171664 869
534381 90
1124207 35
75638 663
1124218 389
1238908 1273
689813 76
1271680 18
403333 986
812934 1843
649095 11
112562 2090
173963 1350
1300964 1185
352772 767
8578 109
583568 153
1402769 678
1124242 1351
78147 57
1468310 1577
1009560 2091
239513 1352
1386395 1353
1501086 153
108461 1354
305070 450
190383 317
239537 1289
15347 724
26549 1851
108472 35
485305 484
157626 477
681916 471
288703 1208
649154 1076
1255363 1213
370635 359
632783 1355
452560 701
141265 584
1419218 1356
305111 1357
476836 71
1136206 168
1632225 2092
108514 1358
763876 57
1042407 1268
370666 438
649195 1619
340306 1539
157679 1085
862193 1359
1353714 153
157684 2020
311289 820
687039 57
1304574 2015
894975 831
436229 747
583686 2051
223240 1345
1434086 292
1484810 350
342956 130
144916 30
1386512 1361
59410 1762
796692 1362
1058840 389
157721 18
1419292 1723
1370142 1694
960543 1363
665633 453
747554 512
911397 1773
862246 85
648881 1933
1517609 1364
387117 966
845871 1479
75825 1365
231091 35
157748 2093
1140789 1603
132788 1201
157754 57
927809 1366
649283 1152
1517636 1367
1238710 11
1353798 1368
1091657 1369
935607 1855
141388 163
485453 1704
206927 610
1058897 1102
550994 2094
577891 1663
1026133 1354
1140826 1681
75867 973
1255098 1328
993374 899
577893 1333
764000 1370
714850 2053
288443 1689
387174 444
44535 26
157802 2028
878702 2095
649327 2096
977011 317
1386612 1032
616565 1732
1091702 1347
92285 1801
862334 1371
862337 834
108674 1044
539671 130
1337485 314
108688 290
993426 1372
665747 1367
237121 1145
75928 325
1370266 1905
534686 1105
1042591 1258
10401 1375
108711 642
1026217 1376
633002 1377
1206449 614
190642 742
92339 1193
960696 742
469179 1378
1108156 87
908321 1572
51085 700
698569 1379
1534154 726
1419470 257
698576 1380
1403090 53
895187 146
75988 743
452822 1433
1108183 1412
193478 1275
829659 1381
600284 708
995706 837
1009886 970
318501 1631
1243691 1779
501986 470
1124581 385
387302 26
551146 18
1236599 712
1321196 1092
1124592 1184
1383068 958
321778 2039
1370358 1411
897258 1530
1042683 1647
793642 1382
1075454 498
305407 792
1173762 2044
436486 790
387338 35
1059084 617
551183 399
534806 1383
370967 75
1386776 1384
250244 582
878877 827
1069445 62
682273 768
960802 1385
244785 1101
256296 888
643463 1857
1288492 461
518445 1961
184712 1346
878900 692
715062 1431
393158 375
1031220 398
1108283 1600
944444 492
1485120 527
149216 378
1009986 458
747843 2004
1108296 1011
92489 169
531511 604
633165 527
485717 2097
730852 969
634299 616
939309 175
26976 742
731489 1386
387427 1385
911717 315
29073 797
10601 1388
43374 389
158067 1503
584052 598
223607 43
92536 477
469369 11
1530943 1348
223613 1905
321921 676
551304 53
92555 747
125324 650
141710 1229
122822 1929
1255825 575
1370514 1077
27027 1162
92564 678
584086 616
780695 300
977304 889
523332 53
59803 325
27037 1829
1337758 1480
829855 40
174496 914
240034 11
1382271 1021
27044 340
1304998 1706
1124776 742
790940 413
551338 119
252999 907
288498 1030
256430 26
859208 1389
616883 2098
534965 1141
220233 1544
174523 1077
469437 1390
354751 1670
1255874 1287
551365 54
141767 1391
1518025 1046
10698 468
338379 299
223692 1839
184738 1967
728141 1250
1518037 132
387542 899
911832 1575
1195087 992
436700 1144
403935 219
436704 853
879073 585
812527 1180
1370605 130
715247 1479
1534451 1563
1271524 898
1518070 1392
354807 567
600568 1244
1137748 1379
1436154 420
1092093 473
158206 1766
547925 370
436739 1393
190980 1066
829958 1072
1468936 1706
1354250 789
1403403 2130
27148 1439
223758 156
1429933 964
780821 16
551450 1026
835108 196
109086 1376
92703 237
911904 57
1288737 498
666146 1394
952070 295
59943 1295
453161 1525
617002 1027
1190444 1267
1370669 1904
277597 762
993840 1395
190216 1791
565565 1220
27190 215
535097 1397
698938 1398
977470 624
1059391 980
141888 1266
436801 890
158275 694
1500664 1830
256583 1333
469576 153
803432 244
1518157 1170
774584 43
256605 163
1403489 1711
1534562 2015
666212 1071
1337963 1406
1069669 1974
158321 1579
617081 369
600701 1400
1256065 1401
640790 1299
256646 791
338570 734
1108621 2099
1190542 1208
92815 1797
158352 2100
1239698 1947
1092243 502
60053 742
273047 96
261143 1402
1043101 187
535198 492
292786 2129
72816 175
961188 1404
1206953 488
191149 463
338606 248
1010352 1011
813746 2057
1042206 1989
944822 389
1370808 1185
240313 221
1312448 97
371894 302
1338050 1206
420547 1445
273092 1406
1501893 1543
1470924 1407
1239755 1463
1288909 596
1387214 383
1157839 1408
518864 453
1239762 1918
108323 1337
1032574 1785
322262 826
191192 2007
404187 1409
1518300 1247
584413 2101
584415 2100
125665 640
993062 389
830186 1207
748267 1017
1248073 149
471734 1215
414163 1961
179857 1297
420604 1235
1469181 1070
223999 2102
404226 1409
224003 26
831958 866
813830 1680
1330043 1902
1190671 593
1364440 1190
682770 587
486167 43
535320 1410
1043226 1121
1263407 263
1490053 179
1092385 425
830242 1411
1387301 1412
132913 1034
125740 1609
846638 0
125743 433
404274 1171
132915 35
600886 1413
715576 733
977721 443
701965 912
568125 871
1141567 1368
764738 1414
67382 1040
830280 1415
608055 1861
387917 1244
404302 1416
404303 18
125776 52
863057 1417
633683 1418
289620 152
149305 1438
1059672 1420
1125209 1421
863067 1422
519005 2103
125790 407
355167 742
732001 1423
797539 233
584551 1901
191337 247
322414 71
322416 11
1321855 1425
830338 734
813955 1886
358807 1495
158597 1505
1289097 1426
535434 782
1481879 358
387981 47
1125262 1427
469905 931
27539 1626
785561 461
1010586 238
813983 1968
1256352 494
224161 1944
475559 1532
502694 1428
175020 752
146038 1691
371631 1429
928696 319
135925 18
146584 453
519103 1179
1485761 1430
1076168 933
633801 1347
633803 887
125904 1718
1010646 1253
814042 737
149327 1865
1092572 1432
1289181 893
633822 318
125919 330
1329679 1888
551906 1916
519141 668
201142 506
1289198 109
1436655 385
699376 117
1221349 860
840190 1963
200597 2104
1197908 53
355323 1738
781309 35
253517 18
635392 702
633863 1433
257036 2055
1059854 513
260526 717
404499 266
1420310 1059
683031 2081
1289247 1434
912416 1895
53589 8
273442 1436
568357 1437
1227953 1716
879657 1882
116573 1866
1272880 981
56499 591
653418 433
551990 1378
109629 57
306240 298
879683 1438
846917 941
207942 115
896073 627
584782 519
1190991 268
928848 1111
519249 57
1240147 1367
840206 1566
502870 1439
437336 1412
1371239 662
290619 825
1076332 630
1420397 819
1371246 844
1354865 53
519282 534
111123 789
781431 11
306296 1440
93309 179
430613 782
699520 457
56512 456
519298 1985
601220 1442
1059974 1427
1182619 1459
208016 1443
1290776 646
355475 2045
126100 499
289941 746
289943 1962
519321 223
1240218 1812
223087 2070
1223836 1384
339101 91
207695 207
11427 1444
76965 1445
11431 751
912552 1473
1387690 1446
765103 953
142512 196
740167 1898
699573 43
994486 1447
814268 620
1387709 1448
1191102 825
76993 31
1371330 917
650436 11
830668 1449
552143 2105
437457 325
191699 1514
695502 1451
814294 881
1027288 230
896221 791
1105104 325
568547 1453
650472 629
814314 631
257259 1913
1535213 1944
371952 1455
912625 1382
1252563 533
879860 155
116606 1836
93431 1411
519421 1442
572629 1714
830720 620
486657 1823
1076488 43
765195 486
373293 1134
1060115 1457
290068 1642
208149 1458
183694 589
339224 898
1066884 377
1256275 213
1191195 1322
404764 11
11554 23
11556 358
12849 776
716073 11
99369 466
1469741 1870
11568 1068
1126963 325
11572 1124
1092918 808
1191224 453
306489 18
617788 1304
273727 791
240961 252
1240386 2035
42891 2007
278448 1762
404807 676
453962 130
355659 1251
912719 1335
191827 57
453972 1739
1043798 1893
388439 461
126299 1939
159068 53
634206 842
159071 2106
290144 908
1206160 2090
634212 1309
485265 2107
1142122 1879
552300 461
218411 1989
1060212 43
175477 742
142712 1461
830845 916
634244 1347
772945 1625
1305990 1421
651247 1042
306572 116
699789 230
1232274 1854
961935 1281
44432 18
847249 1434
585106 1573
610883 1656
337817 2063
191896 131
945561 1894
306587 1462
847262 2087
535969 1461
862107 2068
847269 996
1404326 351
1191335 1150
470441 448
93610 218
355755 1945
699821 1464
650670 1470
208307 1465
1371573 27
209341 1399
617915 1475
1086026 786
48373 44
880065 11
1109442 1594
585156 1617
1371589 1576
1170627 2033
1027530 302
1519051 148
929228 321
290253 1003
503246 1467
536016 1174
154872 40
9665 218
1076691 325
335913 1200
126422 1715
510494 312
470496 11
994785 873
1519074 983
60899 637
716261 536
142824 1202
323050 1121
601580 1242
912878 1967
1191407 44
683504 609
716273 433
191986 18
1469941 2108
847351 681
454136 380
683514 2098
470528 138
536067 1089
1043973 1930
765446 1468
310529 1063
29271 1142
765453 1280
613635 441
585237 809
1306134 1736
1224215 57
175640 139
241178 816
536091 804
77340 1470
175648 1471
518065 720
28201 315
1388074 1472
159275 1596
1388077 1007
1388079 257
110129 279
14134834 1473
14134835 1111
703753 1316
1067306 1239
635487 472
339527 1468
1207871 1343
880195 2110
568900 205
1036897 712
1244428 97
192075 351
1420876 813
257614 510
355921 389
208467 1424
142934 262
214969 1085
93784 424
355929 71
487002 2042
421467 765
601692 1475
601693 1476
323167 1508
421472 2082
798313 773
53863 18
1535596 2011
1126000 1303
552563 262
290420 834
1141718 1209
943678 438
93821 664
89365 2036
61059 1146
1257094 878
683655 1848
1389164 921
189389 18
1453708 28
454286 689
971373 43
945808 1849
274065 1478
110228 1479
709231 1798
536142 859
290461 426
913054 781
323234 78
1085092 1244
28325 1964
914033 2118
1060523 1480
634544 345
175793 328
1289907 1481
192181 2008
683703 61
77497 43
1502906 520
765628 998
159422 1836
143039 1249
650944 167
929473 1482
1329099 159
519876 447
159432 33
51148 929
290507 1025
1093325 1483
323279 1894
28371 130
569046 1484
569047 1485
93912 1149
175835 1486
28381 1715
503519 1271
1011425 1919
224996 1427
863973 1487
77542 1488
418025 870
77551 274
323313 1314
1273586 1153
257780 1991
192245 1474
339702 1489
569081 471
421632 1979
552705 447
1240834 1202
261419 2038
536326 1309
1519367 1491
1257228 610
242306 1559
601870 1492
1453839 1493
1437457 1821
405271 1494
651032 514
945947 2025
1447240 887
998240 228
93987 387
552740 1054
1290024 1498
356138 1770
569131 57
749357 776
1453875 2
1080621 890
1126199 1044
23860 1953
585531 1814
1453886 611
339744 1046
28480 633
1158979 45
1097014 432
356166 338
77639 148
672539 825
439803 18
929611 1501
585548 2078
634701 723
339791 842
487248 1044
1388369 992
1257298 8
290645 911
1632228 2092
1011546 2093
765788 1121
421726 2047
1421155 1035
487269 1323
290664 897
1175402 297
1257324 1311
385573 1682
634738 1054
307059 466
1126261 260
683894 102
585591 71
94073 1874
28538 1271
28541 1957
995198 1504
107881 53
536448 579
1017835 1262
1126276 1505
503685 1411
520070 424
438151 1170
946058 1239
1273739 523
356239 884
1044368 51
585617 1044
1257362 1398
143251 64
1077142 712
1306519 151
7492 1136
28775 498
274337 1506
618403 2026
896933 1507
509937 1613
536489 171
1306544 1140
683953 1867
143286 1302
339748 1048
602046 596
903157 1210
1306560 2111
143297 1509
1142725 1781
488577 178
110542 1511
815055 1755
536529 539
1225379 1464
749526 35
405465 1677
253263 1029
247802 1318
219725 305
1175520 325
946145 38
487397 2022
1306598 2112
290792 406
1339369 35
372714 985
520173 2109
864238 239
978927 941
454645 2083
634870 862
283305 1969
343380 869
28668 1271
520191 1396
94211 174
158623 967
1175557 28
547389 2015
421897 592
236887 1395
126988 2066
1003158 506
323600 128
560919 1002
765977 1515
45082 1516
1159855 705
45084 453
247813 802
77856 35
330477 549
700452 244
405541 1517
1011750 1666
323623 564
171356 1122
634922 1518
1110059 742
1077293 717
1110062 1035
176175 556
714760 634
159794 1889
569395 139
1503284 35
555796 1700
97519 574
323644 249
348853 1971
290880 373
929857 1254
716869 8
274507 450
503884 205
700494 1519
962643 1253
1202652 380
667737 1216
28767 1502
159840 403
845840 1846
77922 18
975337 1317
12388 1111
847975 132
913512 1353
258153 1029
1175661 444
995439 1521
245096 663
667762 389
471155 1522
192628 454
438389 37
61558 751
749687 1319
946296 415
700537 368
356480 1495
1060994 288
138987 653
667791 1425
651409 77
143508 155
143511 580
667800 1523
1110169 2113
105839 1124
681379 158
569502 1525
553119 781
1241249 71
848037 305
495242 57
979112 1492
665628 497
45226 1213
692935 2114
176301 144
798895 153
766128 923
405683 1526
766132 57
78005 1527
1437879 2019
798905 18
1140767 2043
225469 542
241854 1378
520383 1363
802396 1209
1175746 1532
1011908 439
864457 1528
602315 1407
307404 772
897229 1529
504015 383
1142997 1324
1192156 1034
12510 434
1146103 2033
94432 43
21148 18
384379 1864
1476170 2067
553190 2116
274663 18
1067542 2010
253559 1531
585965 1358
621949 902
159985 461
650185 1885
61684 44
159990 1967
831738 1049
159995 320
12540 1534
235875 517
848128 11
487681 38
291075 164
1244545 447
897289 873
247853 1535
1126673 1536
405782 1194
176407 1537
176408 629
110880 528
176417 523
1241378 230
930083 130
995621 585
373032 1538
733484 461
1208621 1124
968174 130
618800 1911
930099 1393
1257780 935
466757 1297
946487 1700
979257 43
447783 454
675509 1066
799043 179
487752 1796
29001 1862
1044813 78
116792 149
946514 798
209236 143
553301 1792
378937 210
815449 1852
549259 2063
935994 11
487775 454
777616 891
487778 645
749924 646
258405 1923
1170833 26
340329 965
1325053 273
307564 1541
455022 915
610363 509
373106 153
898967 147
408980 1332
700794 1542
520571 917
1315562 877
1356158 895
242047 1477
614728 1167
1323393 1543
618884 1424
78215 1544
1199574 525
94603 892
340364 337
1601937 1545
1388948 605
1520366 1246
749975 53
127384 2097
782745 51
864669 1545
160158 562
1140805 2052
12705 1453
649286 756
1187027 1456
684455 258
1503659 2101
602544 1546
438706 1442
881075 1277
1405366 43
913847 2117
1244183 922
1503675 1163
700861 1547
389567 1580
1326147 1501
356803 2072
586187 1470
815564 742
340434 523
52786 1742
1257942 1010
1405689 1548
537050 1549
553437 83
1323486 335
963323 1091
930276 871
1222737 2021
438760 1550
603690 1626
537077 11
635384 1166
61945 367
831994 461
12797 314
1044992 2059
537093 1551
356870 18
471562 1552
1438219 511
897794 68
635407 1553
979475 1835
29204 18
553493 2095
799256 1440
1421849 302
447773 1461
225819 864
21704 906
422432 1505
946721 1254
417201 543
455210 2064
1503787 1128
274988 902
220594 1921
422447 598
586289 2061
56755 148
1356346 144
979517 1993
926252 46
1077824 1531
324165 842
1061446 1554
258632 744
1290825 790
45643 1555
1274448 355
160338 325
945893 553
750165 1207
269753 57
848472 1200
897625 175
979546 1973
455260 1929
373342 1556
1110623 325
324196 1526
701029 1557
258662 211
453794 1507
1012332 130
1356398 434
799343 475
313448 230
291442 502
1372790 642
127607 227
1192570 1558
815739 973
242300 728
78463 1276
160385 2119
782978 18
126456 421
455303 1018
1258121 1205
1012362 1415
520843 40
209549 786
635534 504
815505 1387
995985 166
701075 453
20617 635
324251 325
1454748 582
29341 264
1438371 500
1340073 279
193196 2120
1532924 708
824093 1692
979633 1397
1263731 1868
127669 683
291510 1
684727 2121
94815 1474
1258171 1560
1176252 987
455358 1191
1050741 26
389824 1754
344684 47
62149 306
12998 1561
1307338 2073
1487565 456
1094350 1395
537295 1183
231207 2084
340690 1056
619299 597
1094356 575
89550 1940
133241 1083
418882 40
145554 1795
488167 1893
324328 1925
1405674 1289
810450 1780
897774 973
619247 791
716761 2086
258803 2099
619252 1424
583806 250
29430 1788
706941 730
881401 18
739455 180
791338 63
602878 1564
62208 43
13057 1565
865026 1593
635651 1292
1307397 2094
144135 152
209672 1566
335319 200
1061646 1567
1241871 590
865040 1568
209687 63
815896 851
1078042 53
987951 788
570142 1278
848675 103
865061 808
750375 1394
373552 556
144178 1507
275251 537
1422133 955
586555 299
1454908 351
586561 1549
209732 1392
1307466 1220
45899 1525
389964 1168
635727 43
635728 43
1454930 876
930643 84
586580 53
226133 1726
697124 774
95064 2122
1394831 278
258909 1833
209758 40
897888 1201
1356603 1569
671206 1499
1487720 1571
652092 506
1341437 268
159605 1121
556520 206
553843 1808
1520501 114
1321797 356
280724 669
144250 1572
439163 1573
373629 322
455551 208
848768 2076
29572 1623
1487750 1574
783169 962
1209225 283
1438605 629
698217 1219
108696 1373
78739 477
701334 1575
1123758 342
699854 808
897945 1576
1403034 1452
1520543 1577
373361 3
963489 1578
1209250 531
750499 2024
340900 736
717735 1621
226218 2075
253426 156
1356722 479
272542 142
506725 332
1520569 696
1026207 1374
226236 18
1389501 683
488382 718
373697 1580
193474 513
1094475 18
537542 1137
488393 934
340942 473
275407 78
340946 1581
635862 895
291800 364
947161 332
521180 1782
441850 326
390112 2110
516446 325
406498 195
99735 508
193512 46
1373161 2095
1094635 1077
127982 1623
1455087 1583
848723 116
1307636 237
766967 1584
898040 543
160762 332
455675 1948
1067178 454
390147 2123
835073 1430
848797 395
521226 122
242701 325
734224 249
471896 1051
996372 40
1356822 1586
177176 186
13338 1588
586779 1400
13340 1333
1014104 1285
259105 1668
488487 940
488488 263
767017 1589
406570 26
767019 467
128046 621
78895 1590
504881 313
586802 2117
805043 491
963636 1351
341045 1203
406582 1591
848952 1775
1487931 589
82796 2115
701503 1592
1389408 1570
668740 1467
144456 556
488522 790
832587 617
226380 750
873314 2124
1277453 50
799824 404
848977 130
111459 1009
46164 1483
1487957 1211
324696 1802
1061977 191
204303 1136
898142 365
816223 1318
160864 1941
734306 123
813243 1044
275556 1593
605713 57
436353 229
341100 85
155154 818
996464 53
275570 1532
144499 1595
734232 1587
324727 999
142294 1431
1471614 137
270502 1820
1193088 460
865409 1137
947331 7
128132 1852
488584 11
1447464 1691
843287 535
390284 462
603278 130
533103 1248
62612 844
246498 1805
1225882 1598
750748 1696
81434 1734
898994 1934
799904 53
1324193 1194
799907 1599
411846 1879
570534 322
1286891 842
160938 419
844438 217
275631 130
1029299 671
242869 457
619704 781
668858 454
1056287 53
160957 1562
898239 43
289599 952
373955 95
1078469 317
13511 325
488649 246
242890 1601
727404 215
193740 53
1078478 571
1357009 1425
62674 993
616654 255
471929 748
947416 711
1455321 233
537819 1564
160988 265
556581 2079
159210 35
849122 2027
1339007 53
1483842 319
585842 641
510161 903
242922 71
190674 1115
79087 788
55410 132
166099 20
718069 1731
15913 492
1029368 1142
827528 1329
1291515 1603
1504510 1384
392747 1039
390404 325
1255638 139
259334 393
275720 1087
292105 1686
485591 799
1504525 2114
701714 1501
210195 1115
505111 1604
1439000 1434
849178 1735
81455 449
1029404 1605
1471774 638
275743 1606
292131 61
685350 1951
128295 357
370908 491
603015 1352
29996 542
1520941 1607
210222 1511
1455407 1082
423217 821
379621 1033
977118 1687
374070 43
177466 192
436447 1286
210236 1609
1119114 834
652611 61
1324357 43
684593 1459
128342 677
587095 879
62809 351
128348 1055
1029469 1610
685406 483
144735 454
89659 2042
1029484 646
161133 1078
954103 1487
390512 196
1095026 1611
963955 179
161140 153
210293 803
243062 1612
79227 1474
1144189 61
669054 1340
161151 1063
289003 886
603525 458
144774 440
701831 262
79252 571
456085 384
570775 1614
26644 1924
79263 1615
832928 908
701863 1616
673139 1840
472493 1277
1471918 1382
1062319 1910
1308081 1315
488882 935
488883 1119
488884 2126
1471928 2060
488889 706
1430431 1418
1360940 1822
1062334 1618
259519 815
1438624 1879
1273432 18
1144264 1909
882122 1380
1201058 938
456143 1021
1177042 1031
1520547 78
1045972 935
128469 1744
13782 1426
718295 95
30168 2125
882141 1630
570847 1655
1488354 1195
518395 660
177640 506
30186 658
1274791 628
32338 1578
83931 547
18685 286
914928 1389
372535 18
275955 132
816630 413
243193 1623
226811 1727
316330 1977
325118 433
767487 163
226816 739
1242632 188
650774 1210
32343 90
30221 1688
964111 53
423441 1926
259603 18
243220 46
423447 325
194072 165
1029661 1624
587295 556
964130 1032
1078819 43
1177124 18
1439270 44
1003210 1781
914985 1345
1390122 148
755975 1627
1033713 122
325170 35
119731 107
292404 1879
833084 506
964160 1628
210503 1629
603725 1630
964174 1355
1046095 936
65123 1653
161364 1648
30293 1538
552192 43
1373788 1144
933477 1548
1488482 389
1128035 61
456293 725
1436106 1237
352353 2057
980584 1339
1212007 810
718448 1498
1488499 1217
1095285 1632
1468034 492
980599 1856
931448 30
79481 1633
587387 2103
1095295 404
521856 656
626343 1037
308867 489
308868 772
297238 1635
709570 325
933485 538
358033 61
95171 71
46740 18
48750 389
351809 393
1534233 1567
571034 1442
89711 11
177823 389
1275556 460
1135558 297
161451 646
915119 1902
1160880 823
759347 929
56947 1083
571063 327
849593 57
784058 284
128702 1538
79552 1305
734914 1636
218059 1980
54322 760
259782 1651
456391 399
734920 547
865994 268
636619 1155
489167 2071
816078 208
980694 325
53231 1948
1390299 1638
1228410 688
95966 193
259808 481
947939 1332
30437 1405
647784 621
849639 78
276204 1503
259821 537
947951 920
653040 742
702196 1610
161527 454
1406715 1387
1177341 469
702209 1639
46852 1640
974465 1085
898827 1387
469655 2133
522001 1446
522003 153
260704 307
325402 261
1423131 1641
414682 948
210720 43
456481 584
1406755 1557
1488679 251
636712 43
738074 416
46892 1642
800559 1562
669488 1342
14124058 393
379187 53
423732 1111
1414575 903
46903 1014
390973 1463
63294 2102
46913 1578
1318539 585
158006 1129
1079110 43
490934 791
712332 1699
1079116 459
931666 1905
1275732 1034
63317 196
554839 504
340964 1582
1423194 61
636763 127
718684 210
63326 1518
1275743 340
423776 580
980833 948
562150 1633
1341287 1079
813372 794
145258 984
194412 1321
604016 1644
227187 526
882549 1036
1177462 1915
636791 11
440184 1645
147092 1439
145274 74
817019 160
1488767 965
604032 1646
1046401 1503
669571 1647
1144712 742
484935 906
915339 1135
1537936 869
259985 907
1062802 1284
14228 746
718741 2124
538518 1648
1226647 1922
505754 433
63389 1050
47006 539
292769 1138
644621 2076
1013667 1617
607688 57
147100 460
1374122 2128
1111979 279
1111980 1692
227245 1987
1079215 1369
341936 1650
194481 35
276402 508
866227 897
440244 1651
706889 647
964536 1120
1243065 1226
636858 698
260036 1626
245409 1364
505801 350
47050 43
209911 375
450210 462
669647 1555
324600 173
915412 40
833493 1547
1193943 1080
686048 1044
1095651 1841
882661 1444
522214 1928
325608 1810
605863 2121
1357804 1451
1390573 50
1439726 1966
1030128 1653
1341428 1738
14326 43
892585 1156
1472505 1127
145402 302
407549 534
92501 1522
980993 1450
594430 1298
849924 1958
686096 1427
243729 1654
571420 632
1095709 260
1374239 660
1505314 1900
833571 165
709713 1
735271 22
391210 179
964651 1603
1275948 2105
1013805 534
1210414 521
178225 1655
79925 1
1144887 182
79928 1
357279 1587
14405 1656
1191448 1970
1194058 1657
653387 988
14414 1658
161871 1772
1030225 1350
882772 1749
1030230 1660
678072 1044
358502 870
13329 1295
374888 312
751721 1293
63594 1604
1472619 412
374892 1661
63597 1384
1466045 2045
119827 1509
784503 1151
1390712 1072
1046650 907
1226875 954
14124069 997
669826 457
998320 1708
1127446 1663
309382 1664
728811 200
358536 1908
77952 18
48834 1055
1095825 11
260242 1786
506003 1390
997525 1666
571542 1265
211096 401
702619 487
538785 43
14498 26
1070107 1955
1226916 1102
342181 1446
637095 43
1505451 244
260268 855
1538222 322
637104 1667
653489 1639
1145010 53
391347 934
604341 1221
1128630 1461
14520 493
747892 2126
1259707 954
1210557 569
736971 2085
80070 324
160801 492
147180 996
620749 2120
833742 935
1374416 1103
842291 862
489682 137
768213 1670
518521 291
342233 1671
325850 1054
260315 393
456925 642
293086 1239
850143 2128
735458 842
424166 18
1507025 1516
424171 103
313725 1147
669938 1591
260339 18
1208912 219
227577 1241
860296 953
686331 541
112892 35
246909 1802
122581 875
817409 1953
784642 1522
289153 134
1374472 992
489738 727
1227019 934
194828 1896
899341 427
145678 1676
932111 1583
915729 168
768275 565
1233939 53
1530251 2012
57050 316
162078 48
850209 401
162082 1290
786139 2036
981284 350
653610 61
653612 61
948525 1755
80175 1678
375088 874
473398 1679
128052 26
538938 11
522560 322
1014084 1663
222141 2073
1153267 1365
407880 1680
358730 55
850251 1943
1285858 349
833870 868
571728 1146
915794 870
1227092 481
584078 218
1194327 1681
653530 872
866651 963
1259871 1439
1309024 2131
637284 945
784746 1259
751979 742
513085 138
1145204 718
751989 1043
276857 1682
932219 299
358780 157
1440126 506
293247 772
309632 1024
1276290 1569
752003 1408
1145220 75
997765 130
1390983 1643
14728 35
130796 30
653708 1219
113038 1990
1064685 130
358801 2132
893035 995
784789 35
661170 426
948634 64
604571 1640
653724 43
1292702 605
392575 972
944539 1474
808473 11
1161638 237
358823 1023
850348 1690
620974 1149
289181 228
1503993 26
801205 620
31158 832
948663 239
96696 1144
457148 1736
95306 1519
326079 1587
129475 128
588228 1198
1325517 47
125427 1999
408017 1684
604630 1194
719320 84
670170 18
424411 1554
14815 499
15769 57
193616 2113
31202 765
588262 1034
5201 443
113128 1429
145899 610
834034 1685
850419 2041
315285 1946
293369 1612
473598 1128
1260033 334
584107 18
702983 613
713548 1264
260620 844
637454 18
1178130 1520
604691 1333
710275 346
1030677 1686
750681 1107
260633 208
1423898 1688
240765 915
80412 1500
19590 405
39776 1067
78939 322
188166 1785
965158 1186
616881 454
719149 2118
113193 1028
424491 489
1047084 503
293421 1386
1636911 1053
719408 389
358961 367
816222 26
293431 78
1391162 130
277052 1504
1571395 1498
1276488 1469
211531 1366
1161804 1461
171789 1661
14928 780
195156 1975
293462 2007
604761 1458
359002 548
490075 1905
916062 1243
340930 15
965217 1690
1325666 57
23957 1912
971879 1765
944573 803
1358450 56
212755 1246
1079925 1898
195190 1613
424568 51
932473 905
670331 218
146050 1692
1370958 577
342661 11
1260167 375
64139 130
14989 259
359055 3
1391248 1694
253720 43
1243794 527
1260179 824
1030805 571
1014423 498
719514 1384
80540 389
1112734 2023
1211042 208
47779 825
1079972 2000
653989 1615
621222 1238
906353 529
735913 1695
30506 138
671545 1757
369302 1433
1194672 389
985544 18
1424050 909
513139 1910
119924 71
1030842 1018
932540 1659
125386 26
211648 618
326338 53
84427 556
539332 1326
391878 1980
195272 43
260809 1584
64203 293
1014476 18
341076 531
785104 1472
837398 1696
359123 132
932568 1391
1112794 675
572123 248
654047 596
1277587 704
162534 2133
293607 1203
1233479 565
1473260 2134
129775 1548
146160 973
1358578 2066
228083 789
965368 1048
1267752 53
701567 1596
15102 1174
1386965 757
851755 453
1358596 1248
1362390 1419
260871 477
146184 89
719628 1893
1473294 1808
507693 1753
899856 1693
510424 665
1145618 1013
341123 144
817940 497
641497 1288
375576 826
31513 1733
293660 14
883485 1971
228126 2091
31519 11
1293088 61
244513 149
428507 838
31524 2089
736039 957
1080106 630
342827 1698
370943 984
342835 47
310068 1699
64309 2067
441142 523
865417 1597
1211192 2122
764383 1996
506686 629
342847 1700
308363 685
785220 47
326469 1600
97095 1454
195401 1044
179018 449
1112909 324
1260366 1678
855406 1853
293719 2131
162651 153
310108 574
899933 1701
680280 1618
752481 1109
293730 1288
1407845 18
179046 122
526823 1702
1129332 693
785269 1218
870889 1374
80760 1704
429321 398
637822 1244
1506175 375
1498104 1906
97154 158
1488263 870
899973 317
845042 1475
119959 694
424844 651
375696 1706
1506193 1475
719764 35
932757 981
1522582 1707
241102 1355
457625 422
834459 18
139077 1012
654240 455
392099 1894
1506214 891
129960 1511
1013973 408
162730 76
1178539 1983
31660 454
146349 478
97198 2000
87197 1399
293808 2135
319304 1966
539571 43
850868 1027
1457077 741
1293239 1613
900025 99
917322 452
846325 158
490432 1169
654273 1822
1194946 113
850883 18
1501686 26
654278 1907
218273 43
227710 2008
483251 1822
370538 72
146380 1272
850893 109
1457105 724
1047507 2116
719019 399
97243 387
1014753 1349
408546 520
775334 1264
981990 1931
130028 851
850925 1722
1407983 1200
162800 26
1178611 218
97270 26
348825 848
621573 1634
932870 617
25062 350
293899 404
31763 1093
130068 619
80919 1162
277528 53
1045679 1522
97308 454
146462 168
31064 44
1474395 155
164889 286
244774 1710
146471 1688
474155 200
1440812 1980
310318 1075
141832 1146
425011 2014
15412 11
797038 1032
228406 1763
1201332 1987
375866 1711
867389 489
1473598 2111
586933 2125
1424450 1350
1272331 1474
719940 420
130117 689
556104 1162
1391159 130
588876 1481
392269 1550
1041452 65
1135800 26
244818 26
212051 720
998485 362
97367 130
310360 43
1145947 515
506972 1054
97373 1062
195680 944
1358946 95
668832 73
261228 534
46888 1506
867442 492
343156 1300
261238 879
212087 914
841231 418
13503 343
310396 60
719998 867
48255 1713
1279320 1493
228481 1859
228484 742
1427990 1889
1045697 344
277640 1548
261262 1128
1078007 2074
883857 1972
130194 2096
1345334 2003
48276 584
359573 43
179350 1714
1129623 1621
1162392 1981
464068 870
425115 988
1083931 1715
474276 18
900263 1378
1342607 574
1070303 1909
490671 2115
490672 839
228529 499
81075 1717
543919 327
720057 1545
865482 31
48318 1719
453465 1423
109089 742
455884 1191
441547 1541
212172 1720
330274 1983
1113294 840
146642 1326
1272776 348
1307854 1840
278211 1745
434041 1474
949467 18
1220474 1721
998628 1708
965862 602
441575 1722
243315 1439
457967 549
556272 711
670962 595
359669 1585
1178871 1296
1490170 1724
228605 425
703742 1623
343297 1097
1244418 57
281132 1729
29911 913
774677 1392
752909 2074
1064208 1725
1293586 1628
1146132 878
294166 1998
883995 1138
64797 2088
916768 325
588640 277
277794 983
1357019 1470
818469 35
698929 1396
818473 1672
785707 132
130348 47
1309997 2016
556334 258
294193 1234
541722 113
343348 152
1207857 2109
490806 870
745353 1172
1015097 1880
1097018 179
32059 424
785724 2107
272949 94
245057 1726
1228098 636
343363 1589
326770 737
638280 1645
1310025 587
163150 854
1171305 529
1277268 1175
359765 947
1375575 61
621912 2040
1129817 1728
48474 1605
523614 940
982368 132
949604 1815
1031528 1560
245097 53
228714 1787
1408363 1103
97644 1673
261490 2058
1359219 1567
720245 1737
1407536 159
1335188 1695
109119 1182
458109 2112
1523070 18
1473919 40
949633 572
95254 419
107455 685
654726 445
1113480 149
1408395 253
759951 987
1179022 1630
867729 761
195987 2132
474516 393
1031576 97
978723 928
1146268 1498
327071 1946
144624 1602
998819 1729
245156 433
865911 669
1392043 1710
212400 1730
687537 1695
753075 1980
720310 1652
64951 1894
1490362 1579
1342909 1232
146878 32
62709 1201
261568 11
835488 1755
485396 1932
802507 727
294346 1044
45263 301
686302 716
341240 394
867794 357
320228 717
785880 1467
589273 179
572892 339
982495 687
966112 1581
1111291 1883
1244646 268
1506791 1642
302225 1100
638442 71
638444 1020
589736 2127
753138 2075
458227 582
619774 52
368553 918
1195514 780
343547 1732
343549 18
1179134 252
622081 1279
1310210 1601
933379 1267
1170335 1841
359948 2135
1375757 2012
540175 1715
15889 400
1261077 325
245271 1733
1375769 413
982554 47
785947 498
619781 43
1015329 2110
376356 2104
802341 1735
278449 1506
1226528 1252
1539627 593
589359 148
491058 71
881072 1959
238942 458
917047 571
622137 770
196154 568
278077 222
1343039 1651
1250420 1195
883416 1331
537867 1408
310853 18
1080902 11
1425001 956
601533 1258
392778 1619
97867 1290
731746 1237
949842 2001
1359444 1737
1408598 2053
949847 594
1048156 878
1212002 130
1474147 1707
666455 1419
1343079 1483
769641 260
228972 1123
97901 1482
310894 2127
720495 980
310899 1738
65140 338
622197 850
867960 185
709908 389
1179258 486
573375 1236
245376 1739
310913 1740
171969 1741
540297 470
177432 1179
949907 1794
884372 2134
1398041 152
1064601 1567
622234 155
196252 153
147102 1742
229023 2099
573088 18
1490593 1571
114338 977
1015460 1724
1033834 1849
523943 18
227489 1903
802474 342
1392299 1203
251165 437
458418 70
1130166 163
458423 791
1031864 1743
52286 2054
786106 1455
753340 26
835261 1744
144224 26
851650 252
1474243 169
933572 1042
933574 1146
917191 575
1539787 569
982732 1906
294607 482
655057 2129
704212 1480
1441493 1417
666370 1694
310999 847
1162969 705
649758 785
32475 1523
638684 1746
1457891 1044
860113 1192
392936 1556
327403 2119
1310444 1244
1093303 760
1026685 781
868081 1747
589554 21
524021 130
1441528 1636
851705 353
704250 61
1408290 163
786175 633
524032 768
1146625 1994
753410 122
739232 262
1146628 205
1089494 1072
540422 1749
687879 958
1310473 325
999179 433
229129 1823
311054 875
218413 433
179984 742
391162 1219
589587 100
179993 78
357679 459
671517 1750
1354373 815
32544 2031
261924 366
1051270 1584
638760 1752
720683 15
48941 1856
818990 2108
966450 1754
1376051 1387
114484 1755
98102 324
786232 2049
792372 996
454233 922
393021 1074
38183 1930
346763 1402
1525939 1079
748509 209
163659 28
1400802 2051
933710 153
229200 1960
1310548 1072
933717 153
851798 86
737114 1689
649871 1191
753500 707
1029435 1608
507748 1675
180069 506
737127 1758
294764 943
117394 35
800061 1503
245617 724
1277810 43
895635 760
1113981 130
540542 1759
1015680 461
720770 879
1048453 44
1539976 804
130955 1877
520465 2056
278416 1760
327569 780
1277842 2065
622488 40
671643 1761
737182 915
275781 1731
229280 1061
262051 806
278436 1346
639399 1787
720806 1283
621941 1586
1376168 322
412316 739
1277866 143
393132 632
507821 1596
966576 1269
677192 567
671669 1763
1228727 213
950201 523
933819 1765
1490879 297
1048512 1716
140208 1269
1441734 1845
1157793 1403
393161 468
786425 57
131037 1224
1376222 2132
212960 1244
1228769 1422
671714 652
97655 1826
212964 339
425961 1733
180202 499
393197 259
704494 493
311283 53
131063 2106
163833 847
557053 7
