655361 0
1114125 1
55648 2
32786 3
131097 4
1081373 5
360480 6
917538 7
163881 8
1540138 9
32812 10
1048625 11
1343542 1
57 12
327740 13
1441860 14
557132 15
868365 16
327761 17
524370 18
491613 19
557150 20
102 21
589933 22
393335 23
32888 24
557181 25
32902 26
284012 1605
917648 28
1507478 29
1081502 30
688298 31
655531 32
1409200 33
262322 34
1278132 35
1283444 36
917695 37
21878 38
98504 39
1262444 746
1245390 40
1081558 41
215 42
426203 43
33001 44
327914 45
426219 46
360686 47
393465 48
524539 49
1278204 50
262398 51
426240 52
65793 53
1310978 54
1212681 55
885003 56
917777 57
721170 58
655639 59
98584 60
360731 61
753948 62
1311005 63
1114398 64
1212704 65
524583 66
262440 67
28371 68
491819 69
568029 70
229681 71
229697 66
1507654 72
885067 73
393551 74
1278288 75
885075 76
1245527 77
1534692 78
295265 79
33125 80
590182 81
622954 82
1114477 83
33148 84
1311101 85
622977 86
1409421 87
1365400 88
1147282 89
164243 90
131476 31
229783 18
1540513 91
1409443 92
65966 93
328114 94
398750 95
1376701 96
655810 97
1180099 98
901196 99
786891 31
1180115 100
470 101
491992 102
409679 103
360925 55
721380 104
131566 105
819695 106
295408 59
66036 107
223999 108
1098785 109
721414 110
98824 111
1475083 112
224003 113
295444 114
1278487 31
623133 115
459294 72
295456 116
1114657 117
524837 118
229927 119
33324 120
393775 121
131632 122
492086 123
295485 124
1212995 125
583 126
688713 127
328269 128
1442382 129
1016402 130
131669 131
524889 132
98908 133
33375 134
1213025 135
524907 136
66156 137
1409645 138
1147504 139
1409650 140
1016440 9
721531 113
524924 141
1442430 46
131719 142
1245837 143
623246 144
393872 145
333251 146
950932 147
1278615 148
666 149
1278625 150
1049250 151
677 152
1114799 31
787121 153
1376947 96
918205 154
33473 155
262851 156
459460 157
524999 158
1168847 159
1409761 160
164578 161
885477 162
1114854 163
885481 164
33517 105
230138 165
623373 166
99092 167
1213206 168
1442587 169
798 53
525091 170
1082148 171
327814 172
492328 173
361261 174
361264 113
688948 150
1344309 175
1180472 176
656188 177
66368 178
721730 179
164684 180
426831 181
721750 182
721753 183
197472 184
865 185
867 186
704657 17
918378 187
361325 179
305981 188
361328 189
426865 190
918395 113
99197 36
894 107
1147775 191
1115008 192
656260 193
361349 194
1508230 195
656266 196
1049483 197
951190 179
1147802 198
820126 199
230303 200
164771 201
1442726 202
623528 203
1278892 204
689069 75
1246138 205
361404 109
295870 206
558016 207
1278915 208
295882 209
132043 210
394188 211
459729 212
99282 213
1278933 214
721883 215
623582 64
1180640 138
459747 55
525285 55
1541095 216
623593 217
359015 218
1264653 17
1005 219
754674 220
1256275 221
1013 222
590839 223
14124027 224
14124028 101
14124029 225
14124030 225
14124031 110
14124032 226
14124033 227
14124034 228
14124035 229
14124036 229
14124037 229
14124038 230
14124039 230
14124040 230
14124041 11
14124042 231
14124043 232
14124044 101
14124045 233
328718 234
1180689 235
33811 236
787478 152
328729 1
951325 238
623649 239
984103 240
1410092 241
820273 68
230464 242
1180740 243
1246277 244
1049678 245
1103 246
1115217 247
1180756 248
296022 249
361562 250
197724 144
1049697 252
197731 253
427114 254
132206 138
1279090 255
1279097 256
230524 43
1152 257
590981 258
361607 259
1180813 260
853141 261
1049750 262
459927 263
1148056 264
977776 1810
99491 31
99493 266
623789 206
1311918 267
853173 268
525494 95
361663 269
394435 270
99525 271
165062 272
132295 273
296136 274
165065 275
591062 276
427225 277
492770 278
442577 279
165097 271
460014 280
197874 281
1410294 282
300585 283
1410301 55
1281 284
230660 285
132365 287
427282 113
558356 199
984342 288
656663 47
1377574 289
1148201 290
1148202 291
820526 138
1180975 292
1082675 44
99637 293
1508669 294
722238 295
558400 296
66883 31
623942 17
1246539 297
1279308 0
591184 298
1279313 299
34133 300
394583 238
1368 301
984414 302
525665 303
591203 304
623972 113
329063 305
99689 297
1082731 306
1115508 307
132480 31
230786 308
198021 309
66960 256
1443220 191
393454 31
591255 310
1410458 311
34205 312
951716 29
1181094 75
1115560 313
722350 315
689583 316
918962 317
1050039 318
1246653 319
1181121 320
1410498 321
329155 145
34248 322
525777 323
493012 324
427478 325
558553 326
493019 120
99811 327
333394 328
99828 329
1213947 330
165372 132
165375 68
361987 331
459009 332
591369 333
951823 334
1443345 55
895919 335
493084 31
1213984 336
329250 64
558631 337
624168 338
329257 339
704775 340
1017388 146
1115698 305
296500 341
755254 342
1598 343
475403 344
1476170 31
1279563 345
132697 346
984684 347
984692 348
820867 349
99973 350
788102 351
688408 352
1304505 2148
689813 77
1690 353
132770 354
246044 355
231083 47
1377964 356
573725 357
100019 106
1115830 55
977865 358
657080 22
1377979 359
820926 360
1017536 361
1312449 362
263882 363
1083088 364
100049 365
1083090 366
1059791 367
394973 368
231138 369
722660 66
952037 370
1050343 371
1773 303
198385 372
1279731 373
460533 374
132863 363
132866 375
622891 376
853765 154
952070 377
591624 378
1345302 379
132890 380
1083165 381
1382021 164
886561 179
1828 31
231207 382
231208 383
493354 384
722731 385
1076189 386
67377 387
132915 380
100149 388
788281 389
263994 390
722761 391
558925 137
100175 261
493399 392
460633 393
1443674 264
1050462 394
333456 395
984930 396
886627 324
34667 397
690029 398
722799 399
1410941 199
919424 400
568300 401
67469 402
67476 403
1214361 404
886683 405
1214368 406
755617 407
952227 408
722854 409
329648 411
886709 90
788407 412
624569 273
821181 413
231358 414
1247167 415
198598 416
493511 417
755679 418
1016144 419
296932 420
985066 208
165867 210
362490 421
428036 12
296965 422
67591 423
559121 22
755730 424
1509398 425
755742 426
821304 113
329787 202
755773 427
165953 428
34885 430
1247321 431
198747 432
329822 433
67680 278
1443937 434
690277 435
1476712 436
657514 437
133229 331
1050741 138
166006 277
133241 438
100479 439
821383 440
231567 441
985236 17
1378453 46
493719 442
231576 443
460955 444
952495 179
723127 445
1181883 446
100540 113
1327479 447
1345740 448
67791 449
1050833 31
100563 417
1378517 450
624857 451
231643 227
985310 452
1312994 453
2275 454
362727 455
1212796 456
1378539 113
755948 242
1050861 457
1050864 458
231666 459
1181940 460
1345781 461
887031 462
1205775 463
887033 407
1214714 464
854270 465
166151 466
152835 1508
788748 467
887064 150
1345822 463
821535 17
198944 468
887073 469
887077 470
166197 471
1313079 472
67901 473
1018175 35
35148 474
1083725 475
887121 476
744230 55
297303 477
461144 478
297305 479
2397 480
395616 481
395617 482
35170 483
1182051 484
1378660 17
854379 485
461165 264
756078 486
821619 487
985460 241
952699 488
625021 489
854402 490
395652 66
339009 491
526733 492
854414 245
297359 493
1247643 494
2463 495
797766 274
1509798 496
231849 264
1444268 17
592301 497
330158 498
592310 499
625079 500
166334 501
920001 335
1313224 153
166356 502
2523 503
35299 504
657902 115
362999 505
920073 507
35347 508
1378838 179
199194 509
1509917 510
1051170 506
197042 1
690735 250
1346097 511
264759 512
657980 513
789058 514
1116762 515
907023 516
395871 517
509646 31
625251 518
612113 519
952943 520
264822 521
658044 430
821889 264
1378946 522
1283862 523
395910 17
1149580 46
1114562 524
395919 383
363154 400
199315 525
232092 526
232094 527
68255 528
527017 24
770503 376
527025 529
428725 66
101051 89
363197 445
527039 530
101060 531
166598 532
1280711 533
1116872 18
559817 534
27767 258
1116878 535
199379 536
985822 537
35554 538
129862 539
428773 540
723688 541
330477 542
330487 543
101116 544
592640 545
1444610 495
559879 546
68369 547
1084182 11
494360 31
268080 548
592674 549
822051 550
592676 551
557533 552
1018673 553
251699 554
494393 555
1084221 556
756543 44
166726 55
1116999 557
1248073 271
297803 558
396110 559
961677 139
1051474 560
592733 561
396129 562
953187 306
191633 563
1084268 564
2935 565
1499877 78
756607 31
494469 566
822151 567
330634 55
953235 270
789399 568
1182619 569
265116 570
1240218 571
1248158 572
382789 7
887713 573
166819 574
822183 575
1084331 576
1149869 69
461743 422
1215408 577
887736 578
33268 265
494522 579
297923 383
428999 580
986060 582
691149 166
363470 583
134097 584
134101 354
232408 585
723930 393
153423 586
265194 18
101366 587
1444856 113
789504 256
1149953 31
1149956 588
691214 589
1018895 68
953363 37
68629 11
68630 193
494617 590
494618 591
68636 592
134173 443
887844 593
945329 594
318192 595
166953 596
658476 597
1412143 598
1444913 599
429109 600
1444921 601
461890 249
592964 602
429127 603
265291 604
1379410 332
35924 605
494677 606
494680 42
68697 35
68699 607
789610 608
35950 141
363632 609
1510513 610
35961 305
560255 611
3211 612
658575 613
461971 614
101525 615
625815 95
355524 295
1248410 616
429211 617
298144 618
396458 619
330925 620
494767 576
3259 459
462014 621
822467 623
298181 624
36039 625
625866 110
36046 626
756944 627
920785 628
363732 629
36054 248
593113 630
494815 631
986336 632
265441 1
986340 273
68842 633
593132 634
36082 359
199929 635
265466 55
1445116 636
494846 473
68866 637
442923 638
855302 639
953609 640
1084683 641
1084685 487
1084688 642
175320 273
1084692 11
593175 643
691484 644
1019165 645
560416 646
396580 179
429350 647
494888 620
705074 648
265519 649
1019189 650
199991 651
508468 179
1183034 652
625980 289
1150269 68
563083 411
888134 653
953676 309
850662 654
593239 655
36184 324
298333 656
1051998 657
167265 658
847922 659
1215844 104
101733 660
1019238 214
200042 31
593259 635
855406 661
393789 662
888177 515
658811 244
822654 663
355563 55
36228 664
101765 665
691593 666
331150 667
757135 668
3474 669
1183124 333
331157 670
213572 671
69019 672
429468 673
1281441 674
953762 393
1445284 675
1510822 676
1412527 677
3505 678
134578 679
1273075 680
429497 90
69053 681
134593 682
462274 683
789957 335
757191 684
101833 685
1117642 686
396748 687
429518 17
1147470 688
855513 264
1393231 689
724445 215
986596 674
1445354 31
789995 690
757228 261
594 691
1278923 692
265711 101
1117687 324
1510908 693
552192 18
69124 609
396808 694
1379854 546
527887 586
69139 695
232981 696
986651 264
69148 594
1379870 697
462368 181
298534 109
626216 698
36397 699
822836 160
953911 700
1117752 650
268214 187
462406 701
255446 702
921163 609
265807 703
953937 5
69207 69
659032 704
1412702 705
1117797 707
322836 708
3711 207
98923 35
167558 709
819820 710
1085077 259
396955 711
200350 712
1349573 713
69285 512
102055 245
102056 714
298669 69
659118 715
626355 716
396983 717
1248966 718
1445575 719
1543890 720
1281750 721
1511131 31
200412 722
790246 723
265966 658
560882 724
364276 725
164478 726
888567 137
855803 727
397055 66
3848 728
429838 294
724751 729
1445649 730
69395 731
560916 732
167704 733
921372 734
397085 735
1052447 736
134944 737
11568 738
462627 739
823097 58
560959 740
266048 298
1281858 741
757574 742
364366 743
535864 744
855893 745
233303 746
888664 747
397145 748
626522 185
102237 749
69481 750
724846 751
1249136 752
1085298 753
692084 55
167798 754
692087 381
167803 405
429950 755
1150848 756
1478531 35
757637 208
495495 757
811933 125
987018 264
954260 758
724888 759
1085346 261
606875 379
266156 760
69553 55
724918 761
954296 762
1216442 763
36803 764
1249220 765
561093 766
331719 767
528329 234
1019857 768
364498 17
462808 279
692185 769
1380316 770
934565 264
430055 363
1118184 264
1005564 768
692207 771
528368 168
1216499 772
1478644 117
430080 773
528387 774
69640 775
1249294 126
1314832 196
725011 776
823321 777
233501 778
331812 11
200744 41
257374 779
694281 780
299066 121
823355 264
266309 30
69705 31
180919 781
397388 55
1216593 782
102482 783
397395 784
4181 785
364632 786
432144 787
954468 776
856174 788
299121 789
823411 392
364660 790
200821 534
954493 734
397438 400
331905 791
987267 312
397459 792
331924 146
659624 256
1151146 398
1020076 793
1413295 264
299187 794
790709 795
135350 796
1020093 797
987329 267
364744 674
168144 798
37080 799
168163 800
594148 801
594149 802
200936 712
757994 803
725227 804
326392 805
1282286 806
69873 807
104490 808
626944 139
856328 796
4361 809
1413401 810
1347866 196
889117 47
1478948 423
1184043 735
692527 811
37177 812
1446204 509
1413443 813
561478 814
1020234 567
528716 815
66274 816
266576 95
120172 27
987488 685
168293 261
104509 109
823664 817
70003 818
1020276 819
197353 137
725372 72
135549 820
519573 821
299395 822
954759 823
377580 824
430477 825
1282449 826
201106 622
945561 827
922012 325
1053085 828
790950 829
1511848 830
823733 832
201142 833
954815 834
1413576 55
246519 835
332243 502
397780 836
1118685 837
561631 838
496100 321
987622 839
266727 271
594408 840
1217006 364
1085938 841
1005651 770
987637 842
37369 656
1282554 199
987644 843
4606 113
102913 844
266754 845
922122 820
1053195 846
922126 847
1413647 848
1053200 849
561683 850
1054809 851
954909 852
1184289 575
1217058 853
954924 854
37424 744
266804 855
1136734 163
987703 856
168513 517
784678 857
201293 858
528974 47
1118799 859
430673 860
987730 861
70227 579
856667 862
954975 789
1512037 863
4714 864
266860 865
1249901 256
987762 802
234102 866
594552 867
37500 868
791168 869
1333355 870
234117 871
1053324 820
70285 265
266899 17
1348245 461
823959 872
1184408 873
266905 38
266909 874
496288 875
201380 526
397991 321
37547 876
1413804 877
55410 230
332463 200
398001 878
758452 113
1524510 879
234170 880
922300 881
1184446 882
37567 883
955072 884
627394 68
1282758 885
692935 886
201416 887
987851 888
77261 822
594644 231
1114916 889
758490 303
987872 890
404945 891
594671 231
1479412 727
1446645 164
135926 892
463609 208
1464447 893
103164 371
37637 894
103175 711
725773 895
889614 896
607022 42
824093 565
103203 897
103206 588
791335 898
37673 899
672562 900
77277 901
889650 902
299835 854
1282878 903
864339 449
594755 533
201545 36
1348426 904
1147704 323
562007 23
103257 730
299866 905
168796 320
224741 906
725865 907
496490 402
988016 438
299889 908
496506 35
70530 909
496515 910
103301 911
889734 912
1315719 913
496521 261
1119114 179
1151903 710
299937 915
398242 324
70564 56
1184681 916
922544 917
955317 179
136118 918
889793 264
791494 919
1250248 920
316241 324
431053 921
945656 922
988119 170
721743 923
332766 836
168927 924
365537 75
332772 637
332777 451
463852 925
70641 926
1020918 137
824314 708
398332 927
1053693 928
267264 896
988162 64
1381384 929
562189 930
594974 931
201761 932
5155 18
398383 933
398384 48
234551 934
1119298 935
660549 936
5201 937
1315922 938
889939 939
267354 940
1119324 941
1250399 903
1086561 913
103522 942
1053799 943
463976 944
889961 945
136300 946
103535 187
1512563 723
398452 592
595063 427
988284 947
988285 138
988293 948
955527 949
410476 1255
1414294 129
595097 435
1217690 182
1512604 950
234655 231
300192 951
332962 231
562339 952
1217713 953
955572 264
365749 954
496834 955
399563 113
464068 650
863778 956
169166 957
136399 17
1283293 958
529640 959
70890 11
1316075 960
955630 961
5360 839
590718 20
1316087 962
431356 100
1512707 963
922885 429
70918 964
1185031 790
103695 264
955668 373
824597 71
759063 965
267546 966
1119517 820
689029 967
169248 339
896560 968
1086755 969
1540998 970
1152295 527
1414444 923
1152301 971
1447218 972
595251 179
38205 55
660800 68
1322550 973
595271 974
300364 101
857421 113
202062 162
922966 975
202077 976
824675 71
628070 977
667196 127
398703 969
628080 978
5489 622
890228 979
1119614 539
660863 859
791937 827
628104 391
1512841 519
857485 369
955790 980
1381775 595
431513 197
71070 981
845810 537
562594 376
38307 982
202149 439
317682 983
497907 984
890300 324
574368 985
1381827 343
1283525 986
1217991 473
988618 987
350455 988
1021389 989
857550 60
5583 990
464337 991
880206 718
890328 32
1218009 992
824797 737
333280 993
1381858 994
103911 197
71157 11
1218039 652
1119737 996
169468 997
1021440 11
366089 998
300558 373
661007 251
955929 890
1152541 8
366111 185
398881 999
71207 738
71208 1000
333353 510
1250865 1001
213939 1002
5684 139
267837 18
726591 113
759360 1003
5714 835
978531 1229
5717 179
1185368 61
431707 1004
71261 1005
398942 1006
333415 1007
431721 1008
169593 271
857722 609
1349249 264
693893 604
857734 1010
431754 1011
38539 1012
824973 17
1316495 1013
1119888 1014
333461 1015
759447 133
1414812 1016
661153 1017
104098 1018
661158 449
628395 417
366253 1019
235187 1020
169653 610
1447618 71
300739 31
300741 1021
431824 1011
14134906 734
629029 854
38626 1022
300772 1023
399089 1024
988919 1025
923384 1026
1251065 1027
1316606 1028
91851 324
825099 573
759574 179
1120028 1029
857885 1030
300838 1031
300840 736
1283887 31
1087280 978
104245 1032
1480503 11
137017 170
1251137 1033
595781 912
366413 1034
492515 1035
530262 1036
38749 536
263141 345
169826 1037
164841 1038
1382265 1039
694142 1037
366474 1040
595851 279
759700 1041
137114 1042
1480610 1043
1480612 1044
432037 652
759722 195
661422 1045
661427 686
1120181 1046
1087414 231
38839 1047
333753 1048
661434 804
432060 67
989118 1049
202692 1050
1513413 1051
464841 106
497611 1052
858065 1053
71634 179
235479 1044
759773 1054
366561 1055
38882 31
99323 1056
1415142 810
1218535 1024
558076 68
399341 273
6130 738
202741 1002
595960 674
202746 1057
268283 1058
1087489 324
230433 899
6153 334
268299 1020
1147906 479
71694 1059
956432 1060
104466 578
104469 137
464920 66
595999 17
956458 1062
235565 343
989231 178
1415227 1063
1147914 1064
497729 771
202824 653
170071 179
1415257 1065
1251421 1066
93883 475
181265 1067
497770 1068
497780 1069
71797 1070
1480829 471
628863 179
1087619 341
1054856 1071
1022316 231
137362 1072
987682 27
268439 914
519876 232
825498 137
1169776 1073
759977 17
104626 1074
71861 1075
202936 1076
530620 756
121205 1077
628929 1078
1022151 631
432328 811
563403 1079
39117 628
301262 11
1382610 646
104666 1080
235741 31
530666 138
760044 1081
727277 148
727282 860
1153267 1082
563444 546
727285 1083
355921 132
1251711 1084
1251586 1085
432392 1086
760074 1087
6414 1088
497935 1089
792848 1090
629009 1091
891155 1092
235797 1093
39193 1094
792863 17
301345 1095
366882 795
334117 273
203046 1096
104751 711
137521 264
1251641 1015
104763 1097
858428 1098
104765 672
1251647 1099
530753 199
858434 826
907659 17
399684 1100
366917 1101
235851 1102
465228 748
72016 1103
1284447 1104
235877 1105
399724 1106
1284463 441
72054 844
831210 561
399743 764
366979 1107
203145 1108
530829 1109
137620 1110
661909 150
235926 110
399768 48
956828 465
481690 1111
83013 1112
465313 1113
563619 1114
72102 1115
235944 55
1120685 1122
268718 502
219549 234
924082 1116
203187 581
1186233 494
1055163 1060
727492 1118
1415622 890
137674 959
1087950 197
1317331 896
858582 207
924132 1119
1415662 1120
1442902 1121
236043 99
203181 429
203284 1063
432661 17
236055 1123
590938 1124
989726 1125
694816 1126
1284641 1127
203298 265
1153574 1128
1153575 1129
662056 100
367150 1130
563759 591
989745 1131
432563 1117
727609 486
236095 1133
1104310 1134
1186376 1135
760395 1136
137808 1137
1350227 1138
825946 786
268896 1139
629345 972
6754 256
727653 1140
563816 17
924276 1136
1153653 1141
72310 648
793210 1142
1088123 1143
1251974 1144
6793 1145
957067 885
694927 16
465552 101
432785 1309
1186453 740
367254 1146
1251780 1147
170651 1148
1202652 1149
760482 17
137895 1028
400041 664
826029 344
826032 1150
1317553 1151
236210 1152
1252019 1153
874953 1128
1284795 1154
1093408 1155
1153731 62
957124 305
367303 1156
1219273 305
1241307 1157
1022669 1158
662223 9
826067 1159
1022676 55
301781 101
1383128 1160
695001 1161
334554 1162
137949 1163
432864 313
924390 440
72424 1164
891629 978
6897 1165
1317619 554
137976 1166
1415933 88
1022720 725
241451 1167
105223 140
301832 852
400140 55
1088269 261
105230 1141
186840 66
465682 1168
465684 17
727829 727
924438 1169
1055513 1170
170785 31
269095 1171
465705 69
858925 1172
1186606 700
1219375 199
1153840 42
138035 1173
138036 1174
727866 1175
72508 1176
924477 1177
1350466 75
269127 980
236366 35
7000 113
39776 1178
367458 738
301930 264
269166 1179
695154 1180
1350519 1181
1416061 47
367486 912
296085 1182
1481605 87
1219463 1183
695176 1184
1055631 362
39825 1185
367506 401
7062 1045
236439 1186
105369 138
1219485 1187
7071 970
1186722 865
1481635 1188
1383335 1189
236457 1190
596913 264
170935 1191
760764 214
39876 266
990150 586
629704 1192
859081 58
695243 992
1416140 911
302029 247
629710 1193
105435 1194
1464826 1195
302047 1196
1055715 1197
564199 1198
662510 1199
138227 1003
1350644 138
302076 1200
433151 1201
1154051 740
1448968 55
629771 66
236565 1202
826391 1203
859161 1204
72733 1205
1186848 49
1098928 113
1055784 109
793642 1206
39979 1207
804018 1208
990258 31
7223 1209
924734 1210
1023040 1211
7241 641
433226 794
1088592 1212
7252 1213
1350741 1214
531561 1215
892017 1216
564340 1217
564349 494
564352 1094
138370 1218
924804 1219
171145 1220
302225 891
72851 801
105626 1221
1285275 1222
1186973 1223
165061 1224
169369 17
826530 1225
1186984 1226
892080 109
230600 1227
269497 1228
105660 278
466112 865
1023171 14
892100 1229
7374 755
695504 279
662737 1230
1121493 1231
1318102 1232
138458 17
138459 1233
531678 1234
203303 1235
7404 20
564462 1236
1000659 766
1055989 210
105720 1237
400633 35
761084 743
400638 261
400641 231
171270 1238
597257 259
236812 11
629294 117
1383707 1240
466207 287
1482018 1241
564516 1221
695589 1242
826662 1243
728359 1244
1154348 96
73005 1245
990510 837
204082 1246
433459 1247
1187130 1
597307 1248
171329 31
1187145 1249
1318218 674
761171 22
564564 1137
466265 963
859485 96
204133 688
728424 199
1056105 731
269683 1250
564600 53
204155 641
673002 914
531849 606
761233 1251
269719 109
1023385 185
73117 1252
1416607 669
269733 1253
138663 1254
1383850 1255
302508 1256
171437 189
269742 1257
662959 11
73137 539
662969 610
34038 1258
564679 1259
662987 1260
433614 31
171477 1261
1220057 1262
1350224 231
761314 1148
466404 1017
826855 762
695784 1263
73200 1264
237042 237
269813 1065
40443 1265
728576 1113
40449 599
499202 35
597513 970
7692 1266
728596 464
499224 1267
957982 1268
40479 811
106026 66
7723 506
269869 906
728624 168
1515057 72
925236 829
1154615 253
499257 17
794170 325
335421 12
237118 273
1285697 35
433730 510
532036 248
1023557 207
1089096 352
7756 1270
269905 1271
433751 1272
40536 1273
1384029 1274
509200 1119
1187427 1275
1089124 1276
728684 1110
7789 208
401009 1278
138870 364
990839 1280
1285752 1281
794234 1282
73342 152
1154689 1283
990853 31
958086 1284
466570 1285
106135 1286
1089176 1287
433819 35
1318560 95
728751 1288
204473 1289
302780 1290
1089216 283
335556 279
335557 1291
73420 269
696013 605
138958 101
794324 1292
630487 129
1154779 1293
1253086 265
1416927 373
1285858 1294
39547 640
302821 1295
154236 1296
1482480 28
892657 702
630520 960
499463 1297
663305 733
958218 332
1515275 1096
237325 1205
597774 1013
1154834 1205
1056531 273
1023764 1298
565015 840
106264 17
663325 557
794410 651
958251 392
1351471 1284
270129 69
204603 1299
1187644 492
1089342 1300
433983 1301
1449795 1302
139077 1084
794440 1303
139082 1281
532299 1304
139086 1305
139089 1306
1187668 1307
499545 563
170640 17
1318758 1308
8042 63
1253241 11
1220478 1002
696191 178
368512 1310
1426752 160
40834 68
77803 1311
663433 31
139148 1270
434064 658
1351572 117
1384344 1097
1515417 1312
1318810 1313
958369 755
401315 930
40868 1314
630693 485
270249 179
925614 1315
303023 428
270259 1316
958391 1317
139194 1318
761789 1319
106433 273
1449933 728
368595 654
40917 486
1253336 17
761825 1320
237542 1002
237547 1321
1318896 1322
598004 1045
1023991 64
1155066 1323
335867 285
1417215 138
991240 1324
1122322 701
1142787 264
761886 1325
237601 1326
335913 86
270378 31
1417260 1298
1106680 1327
1089583 1059
991285 1328
565302 11
8251 1329
401472 48
41032 31
499791 1216
1351762 207
1417299 1330
41046 1331
794711 207
893035 899
1155180 31
1351792 264
368754 55
1319033 744
598139 1332
41084 1333
204926 66
1024134 1334
827528 1335
237708 17
935277 1336
1284804 1337
565404 231
401566 1338
827556 337
1482920 738
270511 1339
893110 1340
596681 17
1361268 33
204986 1341
499903 18
77856 759
368836 1342
991431 1343
270536 1344
1351882 1280
958667 87
1417422 458
1351887 592
41170 305
368851 1345
270550 1119
794841 1346
270556 113
958693 373
1450215 1118
1122536 337
1155306 1347
8429 305
925936 947
631026 1167
205044 352
8437 1348
1415892 340
794875 911
598271 1349
532742 940
1286407 609
1220875 1196
434444 1350
893201 284
827666 803
1483027 336
827669 993
925975 774
1483035 138
336156 1351
172325 1352
729383 1353
467240 612
172333 552
598318 202
1483056 106
696628 1355
893240 935
401721 264
1432287 659
270652 1356
1253695 1357
74054 135
860488 31
729427 387
500055 1358
434520 17
270681 890
500059 1359
565604 1360
729452 1331
663919 138
467313 31
729458 1160
696708 271
369032 152
270734 1361
205201 1362
696725 261
336280 117
139678 1363
369056 203
663969 960
929862 1364
1515942 1365
1155503 1366
1515952 1367
172469 1209
8631 777
434616 360
74170 1368
270780 1369
106941 1370
1286591 463
1188293 915
664010 1371
443811 1372
1384916 435
598494 1117
460198 867
369126 1007
467434 1373
926190 1374
1257555 125
401912 1375
958969 1128
532988 1376
400128 1282
1319426 256
1057285 1377
303625 903
1417738 711
860686 1378
401943 1379
107038 1380
1516066 343
77915 326
1155625 1194
1319472 1381
1024577 873
565836 1382
762448 586
1352285 1060
74334 117
500320 1383
336485 900
1057382 80
1155699 1384
1319540 1092
1516153 490
139904 1385
303746 494
1188493 1386
74383 1387
1352338 1013
1254035 31
8854 31
598685 1388
1254047 1389
762530 1390
238243 1391
303782 1392
565927 66
303785 180
107178 1393
336555 1394
303789 918
697011 462
303798 865
434871 1395
1090232 122
1470580 508
1450684 281
1159285 71
893632 1396
1352387 620
61558 47
959174 1397
1024714 647
718260 160
41676 781
74448 1398
172755 17
336597 142
1254104 1399
664281 1044
926427 1400
1221349 1401
631529 149
1319658 1402
1481511 1403
140017 727
533234 1404
566005 1083
1057528 1072
238329 1405
1155850 95
303884 231
402189 1406
465709 264
762640 1407
1483540 839
500501 103
992022 711
268717 561
596783 1408
566045 294
1418023 1409
1418025 1410
697132 8
154418 714
926511 1411
205618 1412
402229 55
449332 1413
860986 1414
533310 659
795456 607
992069 1415
402246 458
533321 294
9037 944
9039 748
74579 1416
1450836 424
172895 138
369509 331
1483626 1417
727869 1418
566128 1377
402294 68
214505 1419
926590 1188
41855 1421
402305 893
893827 1422
205702 178
598925 69
107407 1167
959379 397
74644 1423
992149 1390
1385366 1047
730011 1198
172962 1424
271270 1312
336807 31
402348 1425
566190 1426
1385391 1427
1090480 1299
435121 1248
140210 257
514889 55
467899 611
1516484 1369
1123274 1429
1319889 5
828376 1430
828379 1038
173020 1103
1123298 1431
402411 1432
435183 1152
435185 1433
74739 241
271349 188
1057797 950
1188871 461
1123341 1434
566289 1435
1483803 185
1221660 1295
1352743 1436
1090600 747
533545 35
533546 113
42031 1437
631861 1438
173118 472
730178 1439
500804 1440
1483850 1421
9295 1441
864440 43
631895 1442
99855 494
533599 1443
1320036 68
369775 1065
238705 1190
631925 391
304248 48
1451134 890
664706 1444
468099 1445
1221767 915
697482 539
205966 1446
402579 31
42133 170
1164825 1447
926872 1036
205977 1448
631966 17
1287328 159
664739 8
1483940 1449
402598 1450
74921 624
9387 264
1451189 1451
959671 264
959672 1426
468155 1452
508780 554
566474 832
1189068 800
1483985 314
468178 1019
828629 1454
1451229 390
533729 260
307409 1455
107755 1456
42221 1457
72573 124
468212 1062
9461 236
1100174 1615
763128 113
369916 1458
664831 182
533762 1459
926981 1072
9481 1196
1221902 1109
280109 638
816223 1460
75026 790
9495 1461
959776 113
763171 618
402725 231
337190 1462
75054 1463
271664 934
121736 1464
238912 1465
1516865 465
271685 112
402758 109
173385 1466
959821 1054
173394 197
140629 1139
9561 1467
1451354 100
697692 1338
42338 852
42345 909
42346 1087
173433 1468
942350 1469
1418623 1470
271745 1060
1058182 570
75143 1471
730512 55
1189266 1472
1189267 1473
1287572 1287
1320346 1474
9629 817
206241 66
140711 740
239016 1475
402863 1476
173491 1134
75196 1477
959933 1478
9665 400
974701 188
209144 1019
42450 974
239065 1479
665051 1352
599516 1480
239072 939
370145 1481
1222115 1482
75238 138
370151 163
1156585 1483
42481 1484
763379 524
514985 735
1320448 163
828937 1485
697867 1486
271886 1487
160003 394
697887 1421
1386016 1488
402980 1130
468517 1489
42538 494
304689 779
402995 1490
75320 1491
9786 55
992829 1483
763454 1492
468543 1493
566849 399
599622 70
138167 176
435791 440
304734 1494
370276 1495
1320553 1090
468594 400
665203 1496
173685 173
1353336 1497
140921 1498
1058427 176
1222276 1019
403080 1164
665225 1499
9870 66
1058447 1500
75409 406
9874 1501
1156758 1502
829079 754
629700 113
894618 1451
960159 128
829093 854
698025 55
1386155 678
9915 587
272060 608
173760 282
826316 1503
42701 144
960220 1504
141021 66
435938 231
829160 312
632555 130
173806 1136
272113 823
1320697 1505
635178 1287
141055 986
665346 673
960263 1506
1189641 1507
927502 73
534288 417
1025810 113
501528 1508
173858 197
108323 208
263814 1509
534315 1510
1386287 1354
927540 1511
468805 1512
1320775 1513
436048 315
141137 137
796501 1514
730969 168
698202 955
1320802 113
501603 1515
796521 1073
203751 231
1124207 66
1156976 1270
665459 1516
1124214 1517
192831 144
547818 1518
403333 113
141193 1519
42891 17
1124242 1058
239508 1520
239513 846
403354 854
1386395 1521
862115 800
1192262 190
894887 1154
1091503 59
1025976 1522
108473 1523
993211 769
174014 812
1386439 801
75725 1524
1126733 687
141265 273
1419218 169
1255379 1239
665557 158
1189846 1525
902820 1526
403423 880
763876 31
370666 1527
403439 117
731120 331
862193 1528
1353714 117
698373 1230
337932 1529
665616 254
203779 968
1058840 1390
665628 97
665633 208
763943 1530
141357 484
591539 1294
239672 138
370747 1531
10306 59
558774 901
10312 375
1091657 1204
141388 53
403534 18
1058897 1224
1026133 1532
731222 1533
1452119 529
1353830 644
1026153 1120
764011 1534
960622 146
209257 109
567419 1535
105493 978
174208 642
862337 1536
108674 1028
154647 1537
895118 372
108688 1538
75928 55
272542 142
1386655 1539
1316249 1540
1157283 1541
207018 1542
43191 1437
469179 819
29045 455
895168 1543
501957 1291
501959 11
1419470 96
895187 1544
640718 541
370908 517
403683 963
862439 1545
141548 1546
993518 1547
1124592 178
633078 1484
436471 1548
600321 645
534786 1549
436487 1550
239887 1235
567575 1357
1255713 1180
1321254 1551
1288492 1264
1419567 101
993586 490
239924 1552
753231 517
10560 717
829765 1553
534854 470
10575 1554
10576 822
359334 1555
829786 1556
338268 754
1321309 607
600415 1432
569744 311
10601 658
1012114 1449
1026415 1341
1386864 820
469369 1557
305536 744
10631 1195
749975 2276
1255825 149
1072195 1559
1073954 1560
1485218 90
403876 652
240037 1561
469414 410
378609 1562
1124776 854
1354155 1563
1026480 520
371123 124
651679 1383
105546 906
633281 356
960962 44
731588 264
240069 274
141767 650
1518025 1564
666058 1111
43481 711
666076 1044
1372581 1095
764385 1565
928227 113
10724 1566
731624 1567
436718 1568
436719 1569
76275 11
174581 1570
600568 264
1416276 622
100095 913
1255932 31
535039 519
207364 1571
633352 1572
993802 980
1419790 1115
305690 1573
240157 1574
535072 752
993840 1575
666161 1576
207416 778
535097 1104
141888 234
240193 1577
1256003 4
1321542 1439
469576 161
1518157 1205
1124944 1425
43607 1340
469593 544
1321567 1578
666212 620
209341 545
109172 1579
993911 1580
109179 138
371325 640
699009 1145
165654 1581
371335 1582
1125005 1583
699023 1170
469655 1077
404125 1584
535198 540
43689 1175
307656 1585
1223350 1371
567992 112
240313 480
305855 1184
502466 1586
1321668 1587
1157839 1393
600792 1588
1321693 631
666337 1589
76527 443
109306 1590
240392 600
895755 1591
174864 1592
1518354 850
273172 1593
240408 1017
699164 958
1485600 1594
1092385 840
535336 1466
422364 1595
666410 1596
1157933 31
404274 264
600886 335
109369 1519
76603 1597
961341 1598
273215 1517
43846 1599
1256268 1600
404303 305
437072 485
76627 813
1059668 1601
1223511 807
1059672 1602
338778 1603
280378 468
389605 1463
240487 1269
568176 1604
1289074 1308
11124 1605
994170 1606
1059707 1607
454281 1061
371595 1608
469905 1609
830367 264
371631 1128
830385 99
863162 1173
863168 1610
1485761 1079
732104 1195
1289163 1611
1027023 1085
1321948 17
961502 261
109540 487
273382 964
797676 1612
994287 31
699376 1613
1208830 1614
649597 2156
895997 1615
404481 1232
797711 1050
633872 1376
601108 113
44053 1616
175130 1540
575322 1617
373253 215
568357 370
633894 1618
1289264 69
1289267 644
1092672 1619
1223745 31
371780 1620
207942 1621
470087 11
1083234 1042
928848 20
44114 212
722787 1622
732249 806
142426 69
1027165 960
699520 915
1027201 787
1322116 137
306309 1623
739180 273
1354893 1482
208016 1624
1191060 1625
11414 513
1485976 343
273561 1626
502940 55
142493 1627
634015 960
306336 1185
632709 1998
634019 711
11431 47
142507 608
634029 17
699573 31
371894 411
1420474 1262
896189 1628
1518782 31
1191107 372
371911 1629
1289416 1630
437457 1478
306387 1631
28297 66
1289430 222
1486040 1632
142557 443
503006 272
634082 114
1223907 1633
371940 1634
240871 1635
1110062 1617
503021 697
339192 269
896258 66
1322244 208
830730 102
765195 506
11536 862
208149 258
1420569 1594
404764 11
1518878 87
863519 669
1518884 1574
568624 1636
1191224 208
339257 1155
666941 1637
273727 337
568642 1102
273731 143
404807 732
1355080 774
306521 1638
240987 1024
306525 309
1518942 391
830815 758
554681 66
175466 1012
666990 729
175477 854
142712 1639
994685 1600
372098 1640
929161 917
11663 55
44432 305
1486225 1043
575385 640
994714 1164
208284 210
1125789 1641
535969 1639
1224103 811
11688 679
1519017 1642
699821 1493
732590 1344
634289 274
568762 274
372157 1643
913995 588
44489 113
208333 722
699854 304
815693 1344
798160 541
77265 1513
1256923 336
601564 31
863709 1644
470496 324
142824 89
1224176 1572
7422 143
44535 17
1158652 854
863741 166
306686 1645
470528 138
863746 1646
536067 1208
667141 113
1519111 852
405009 239
14134807 1647
536091 31
568861 1015
568864 1648
929314 1649
142888 1650
1388074 31
405040 1651
14134833 194
241205 1084
962102 1465
1355324 1176
1322559 909
929352 1348
44619 287
870328 95
142934 273
1519192 1652
1143396 1653
831068 1654
667229 179
241255 459
798312 500
11884 790
568944 137
14134902 1655
863863 584
1420920 432
110202 1656
241277 97
634495 1657
1257094 583
437900 11
962189 972
765582 208
274065 413
255402 890
122137 711
1486490 1658
470684 1592
7451 1413
1126054 546
306855 1146
634544 1659
175793 981
175794 1660
1289907 1661
732854 375
11959 1476
77497 419
143039 1384
896706 1662
542668 844
208587 1019
405196 1343
935886 744
859428 273
77531 455
306908 1663
946810 46
208609 1664
77542 1397
470762 197
748915 983
470768 305
1486596 1665
110346 231
732940 157
718039 1666
1093401 744
1093402 1667
339744 1564
569131 258
44845 407
44853 979
1322808 1462
520843 985
700229 1668
536390 1499
405326 811
503631 1350
1388369 546
1257298 942
1486675 682
1093462 1309
44890 113
1322851 31
208749 294
339824 1097
995190 638
1453947 1222
536448 721
634753 1669
1126276 1670
503685 1267
601994 1671
110488 1672
77721 1314
896928 1673
274337 452
274338 1205
569251 1674
896933 1675
1060775 1676
1224628 854
372666 1677
602046 1572
143297 919
110542 1678
536529 273
1159122 716
1322970 11
503777 1679
438249 109
1355755 69
77807 199
1519605 1680
1355777 1681
667653 1644
700430 261
447773 1639
160431 1682
45084 1078
667680 834
182629 922
77864 1683
634922 1684
798763 80
372780 773
143407 291
143413 1685
772105 1686
438328 373
733250 1687
667718 685
438347 1688
340045 1689
700494 1327
962643 724
1486932 1664
1093717 1245
405590 1254
667736 1690
1388635 1691
143453 1692
307295 179
77922 113
143467 1358
209007 1456
897137 957
471155 336
438389 1303
1290365 1693
575509 490
77952 31
1028225 1428
471178 1695
307339 1255
45209 1696
1323163 1697
241824 294
274593 1698
1514903 796
635049 470
45226 1471
1159340 1699
176301 66
471217 482
1061043 422
766132 31
78005 166
1061046 1700
1258185 47
635064 852
12473 1642
307386 1440
241854 819
929988 1506
864457 1504
45261 712
12496 140
1224913 138
995540 1701
831705 854
1389263 755
259334 170
318844 1702
209133 214
1454328 1704
700665 55
471290 71
700667 1705
897277 357
45310 1706
176385 436
1519880 185
209168 625
1077976 1707
1192210 85
1487127 1169
176408 1058
1454361 76
1077364 851
1454375 1473
831786 390
897323 1708
1065362 837
1421618 391
411700 63
1093950 1709
864580 83
78150 1381
340301 1479
602451 1452
1039758 1710
1093977 1504
602467 1711
1159528 1613
340329 1712
307564 1713
831856 323
700785 26
1192311 1714
471416 1282
602491 598
242047 346
45440 1715
242050 759
526401 84
12682 827
274827 1716
340364 1410
766352 260
761241 734
536997 644
176551 859
1028522 1717
45484 913
602541 1450
373171 1718
1290685 927
635330 513
45509 443
1454536 822
668115 17
537050 1719
84047 1720
111078 1678
1257966 90
799217 1721
537077 11
242167 1722
831994 960
12797 322
733697 1723
537093 1724
668179 998
995860 1114
804953 1653
209433 865
242208 612
602667 1725
274988 1614
373293 274
1159729 182
471619 1089
307788 1043
701007 1726
1028697 711
733805 1727
504431 103
1454704 1728
275057 854
12919 1729
995963 1730
569996 1731
897679 1390
144017 1732
406163 1335
340629 393
1159833 373
78496 491
897699 113
602793 1078
799403 1582
429246 1733
504496 101
307892 261
668342 417
275140 445
264310 31
1061577 320
209613 1734
537295 1002
340690 168
340692 1279
1050745 1156
209628 1735
111335 1736
733941 1737
570104 1738
635641 1081
570109 1739
1192702 179
275203 655
471815 1740
209672 1071
471826 61
832275 31
176922 79
766753 1741
1258277 1106
13096 265
1323821 922
439087 1012
799547 1742
111421 1743
1192767 1744
209728 984
1094466 412
45899 954
1225548 1408
373582 680
635727 17
1454928 1745
635730 1746
471896 324
73188 1456
897888 101
124039 779
439146 1184
1482215 1747
144236 965
1028974 676
694397 1065
1520501 106
329876 1086
209788 31
373629 261
886933 849
586561 1719
1029001 223
996236 1748
275341 1749
1356688 1706
242577 1750
340885 168
701334 1751
78748 1031
963489 17
340900 797
865189 945
406443 793
603054 261
1291189 738
766906 1619
1160123 1752
1487809 1753
1487817 1754
406476 1755
766926 1756
1455064 1434
1061856 68
242675 240
996346 113
209915 22
1029118 1757
406528 1473
138752 1435
898051 1313
46092 1758
242701 55
144399 1098
242704 1759
996372 1760
1356822 88
242713 836
930842 1134
13340 1545
308253 1761
1324062 88
799782 1762
767019 1437
996398 778
78895 1053
504881 1763
963636 1058
865334 915
1422400 171
996417 729
1389635 1764
799818 889
668748 232
406605 1765
772280 752
177234 1622
1455187 1766
1487957 18
1094746 1144
78939 261
898142 1767
537695 1768
734306 1340
1455205 1012
1258599 1476
1324136 1769
1422449 1721
144499 179
1487991 406
13432 343
275577 1770
904994 2084
668802 264
1193091 676
275308 806
865421 1771
373903 1349
1225873 174
1225882 1637
275311 930
439454 1128
799904 1416
308385 31
799907 1426
1193124 143
411846 1772
963750 1508
570539 1773
341166 569
275631 256
537780 217
1056287 264
898239 938
537792 1556
373955 539
734404 305
111816 94
177354 1774
210132 188
1455322 1775
14169311 373
242922 117
931053 1776
1455342 1262
1324275 1488
51412 636
1029372 1492
1023530 1374
925227 1269
537867 1393
803870 1084
111889 1777
1488147 1049
505111 1778
177432 1779
1029404 564
832799 1780
406821 738
1258796 1032
210222 1678
1455407 644
570672 1451
111922 281
439603 1665
701750 981
1160073 343
187956 207
275781 554
374091 1781
308109 303
472402 1782
243034 109
351802 1783
374111 677
1357156 738
1553767 1784
898408 55
374123 44
767345 923
963955 185
210293 885
13687 1785
865666 1786
243075 640
603525 839
603526 859
701831 273
308618 1423
996747 190
177550 832
100589 1787
406932 1438
13717 1788
734618 324
898461 317
669089 604
472487 199
341417 1142
1247474 941
406958 1627
521117 1790
996784 1565
1390001 374
1390010 1791
1062334 730
46527 331
538065 113
931283 1220
1226199 540
1324506 1792
79327 190
1488354 1323
374245 1516
1488361 1285
1422828 1793
701934 139
1226223 1794
1095166 66
767487 53
144906 978
701965 993
767508 1795
308765 1796
1029664 1797
46626 1798
1127972 31
1455653 1799
276007 987
276008 134
177706 1442
231687 1017
505390 783
79412 821
833084 1525
1193544 1800
302691 1336
636502 1561
1422935 1650
308825 842
496117 1054
13918 1722
177760 144
1291873 1801
767587 1298
177767 938
439921 599
243315 1802
931448 683
870676 1631
79483 1627
1029758 1324
1095295 1803
1193600 1637
734854 625
1482349 711
13974 631
1226398 770
46751 1804
210596 1205
614001 1805
145071 1806
276146 1807
1323977 819
112312 1572
636602 1808
1214752 364
1062594 1123
898756 960
220790 400
1062598 486
734924 1250
734926 1809
514723 2174
931546 17
1455841 76
866018 633
384635 1523
1029868 1810
145135 1663
374522 709
734972 1292
1259261 1811
177921 1670
309003 1812
374545 644
734994 1127
472855 304
833306 1793
1521435 1063
14111 1450
210720 31
702249 1813
767792 1814
18739 88
407349 1671
472886 1815
14137 358
46913 17
46917 1517
309072 859
505682 1481
1390427 1539
1455970 513
276331 25
145261 1747
505711 1816
604016 31
1324918 179
1488767 1051
800641 1817
178054 1686
488428 762
800653 251
1062802 1443
669587 134
47006 273
47016 1012
276394 1207
210862 1342
800688 1572
898994 1818
783906 1819
112569 783
833466 1639
1062844 66
571327 823
505794 1370
1521610 407
36483 414
1193943 1820
178142 1704
669668 882
669670 1802
1062889 1821
604139 1822
1259500 248
604144 1823
1193969 1494
899060 277
46078 1795
14326 329
1325048 804
145402 191
407549 55
14352 1824
1128469 387
538648 87
50670 1472
1325090 117
1521699 960
178216 53
735286 1825
276537 1316
1030203 1826
342076 1827
1292356 1828
14405 1829
702535 960
14414 868
309327 273
505936 1308
47185 1830
1423447 494
1247588 11
243803 1426
702556 1351
374877 31
379237 905
800867 580
178280 1831
47214 652
1226875 55
276619 870
1521805 1832
997521 808
145554 556
538785 1833
14498 1479
1292451 876
342181 1314
637104 412
233985 1215
833717 1134
1128630 1639
374967 1446
14520 521
1259707 55
1067381 837
833732 1287
80070 1278
145609 69
833742 1008
630477 1834
243926 303
1325273 1476
1095906 1440
473316 623
866537 1835
112878 1327
1456374 1836
112892 18
178429 1305
1292542 68
276737 1303
211202 1837
145678 727
14610 76
211220 1615
1095957 114
768279 1293
375068 101
244001 101
440611 1821
1292582 1839
211245 262
473398 1840
275508 1529
538938 662
440639 443
111670 960
14663 1008
407880 1841
1259851 280
1030481 1574
637266 82
1509774 405
899416 1842
100751 1843
1259868 251
309597 262
637284 1022
211303 231
510354 1844
604527 947
637297 1573
1325434 1845
637307 311
309632 1136
997765 68
604550 1796
930881 1846
1194383 788
80275 1286
670106 1103
309663 1847
113059 264
1325478 1848
604584 1823
506282 1616
1489327 143
407984 923
1161657 1849
1358267 1850
407999 922
375239 1471
1325517 1851
13389 17
1391057 1331
604630 1045
1259991 383
768475 1852
14815 1853
965092 1854
309734 64
113128 1250
1227242 1603
996434 1855
1194479 100
1391091 1620
1096193 1856
899587 1857
768518 1858
145928 1859
637454 1510
1227280 799
1313198 1715
244247 1553
178712 1366
122628 1391
244258 1536
80431 391
473653 1732
670263 35
14905 821
932410 1136
1522235 622
1187594 1048
40715 64
440901 1552
5773 185
1292876 1749
506455 462
277085 969
735838 179
277091 641
1063543 1826
47745 1860
440962 1655
342661 113
47753 494
14989 442
342670 417
1161871 704
932496 46
670353 369
80531 544
244372 423
1489557 890
1358486 1143
1292951 343
47769 1334
80540 264
932509 185
703135 1327
932513 1861
572066 1583
670373 1862
1149384 1863
1424050 559
604851 388
867001 1371
932540 1864
80574 997
834240 782
539332 978
277191 208
867017 72
703179 1865
80589 31
309968 341
1021173 1908
1291385 1866
408282 53
408284 486
1293028 36
408295 1505
473837 1103
1063662 400
1194738 811
965368 1868
867066 711
539387 1201
768765 1175
15102 179
1424130 688
641494 74
801542 1300
1358602 216
867087 164
899856 1869
1325841 820
1325843 711
506644 406
1526233 1870
952795 1011
302897 1871
342827 67
1555244 1840
1096504 1394
506686 685
313824 330
179018 1537
244557 979
146259 488
408410 1152
211803 1578
310108 610
712508 1439
670570 1872
1162092 208
1522550 1873
113527 360
1096570 17
211835 949
149994 1874
637822 264
783510 117
1391497 1875
932757 1068
179094 179
768919 1142
834459 31
506786 1034
244649 898
179115 113
408496 1694
244658 908
900019 427
46238 1698
1293239 859
1326019 851
179143 55
736204 1877
146383 113
342996 1509
488245 1240
703447 1878
1031137 1879
570534 261
539626 312
834542 66
1293307 212
343038 1725
932870 331
1489930 453
48139 895
670738 329
539671 256
277528 1831
769049 1880
1063964 543
834597 183
244774 1848
1260585 588
1457194 1349
474155 1636
769068 1500
48173 1853
1391671 3
932921 1454
1326147 396
80969 17
244818 113
1260627 1307
212054 1881
310360 21
1424478 1882
539743 506
1358946 539
81006 811
867442 540
343156 1273
408695 437
212088 1883
834682 1407
310396 52
769149 809
441471 31
854550 924
277640 922
900239 1885
48275 101
48276 1886
801941 1887
179350 1888
146584 208
703641 396
1018394 878
212128 431
474276 31
1162407 1889
1162409 1632
81075 1753
1096887 1890
900284 1891
375999 101
769217 1892
376002 90
572613 222
441547 1713
212172 854
330274 897
572629 1888
998628 1876
1228006 1893
441575 1385
48364 72
62674 1894
670962 1693
572659 343
1490170 1895
1359100 447
343297 1213
277763 31
146693 558
802054 1896
703753 1489
998667 256
1129741 1897
703763 1898
507163 427
146718 1899
441646 1900
1097014 435
245048 305
1097018 185
1359174 1555
1260874 1363
965964 1901
212301 1902
507214 613
114001 1716
1031506 1903
15702 0
1457498 280
507228 1829
390373 1202
1064290 1904
277865 546
179568 1781
769395 244
1455338 1018
1326464 1905
1260941 653
408981 909
1023897 1906
15769 1404
769437 273
114083 1203
1392043 1848
376241 1752
638388 1907
802233 1330
1129919 657
540096 1391
933314 334
769482 1371
769484 1723
867794 368
736723 219
1129945 1908
572892 1909
1392094 47
81376 1687
1031649 1910
1097186 1490
1228259 634
114150 550
638441 496
638442 66
507371 148
540142 1535
1195514 844
1293819 57
343549 31
540175 790
605713 31
1160451 1346
1261077 55
441880 990
212505 44
1326623 722
572961 1911
736802 983
507427 1912
146981 1913
1424934 1914
15913 894
62727 1452
1130040 644
310842 1475
428639 1915
310853 113
278088 511
343630 1916
573011 1767
1359444 482
409177 1742
876474 1756
376419 814
179813 410
1490536 595
310894 559
171965 1276
278131 213
474751 1918
441984 1919
322416 265
171969 55
540297 447
179857 42
1261202 960
1261205 820
966295 1920
1457818 1211
62746 256
483269 1381
573088 11
933538 877
540324 1565
540325 1875
605863 740
179880 138
1228459 1919
1326764 1921
245426 11
507573 1922
933575 1923
802507 734
900816 185
1031893 1257
704232 1359
147180 1924
1097463 64
179961 1044
1294086 1567
311047 700
704264 2
507658 830
737035 1925
605966 161
638736 1629
48922 1926
16157 1571
474916 477
1326897 983
442167 1148
835384 1389
1359686 109
474958 1515
363149 1495
180048 1928
182926 1929
966489 1930
150159 164
278367 1563
1392480 1057
573282 818
966507 742
278385 1931
540542 888
16256 231
147330 430
49038 1932
999311 1933
1130391 1193
769945 1867
311196 1934
737182 997
1064865 31
1195938 1199
1064873 679
966576 1935
606129 992
1228723 404
933819 1936
1195971 31
802768 305
770004 31
278487 55
868314 1937
16355 55
442341 17
704494 521
1163247 1340
147440 1938
311283 1939
1032182 1940
638967 1941
1097722 1311
114687 273
507907 1942
180230 1943
278541 69
704527 481
475153 1452
1458196 17
802838 1731
868382 696
658097 1944
1395378 1777
1032241 1945
180275 126
737333 782
144735 35
507972 992
835660 1946
1032271 1947
213079 854
278616 273
180314 1268
114784 1546
737377 1677
901221 405
82023 1948
704616 709
245868 22
428272 1789
1458291 1016
1439081 1186
540797 855
311430 1949
442504 1593
82065 1615
1163411 1701
901270 427
311447 1950
1458332 1951
311456 1062
1523873 1755
1065128 1421
737453 1239
213170 447
540853 1952
1097912 1578
213179 114
508098 1011
1392839 1675
1294537 1083
1229009 1820
133838 343
1360089 1205
311514 1442
442596 863
1523944 161
147690 729
114925 753
540910 264
1458420 1953
639226 1954
901371 11
573696 589
213249 24
16642 640
409863 137
1327368 324
8236 101
442635 148
82189 1955
1229071 711
1360144 1560
442647 101
246040 1441
114971 35
1491228 19
901405 1956
442655 1935
901408 1956
737572 790
1229093 961
963975 210
147761 470
213305 1263
639293 1663
712757 17
475458 854
377155 55
442704 768
1196369 749
901460 39
573784 1957
1524060 568
967009 1958
1130855 1959
999785 1218
1294711 69
1032574 1960
213379 113
541070 1961
639375 1591
16786 378
213400 1468
573849 1
246171 926
1032607 183
1229220 278
639399 801
967088 208
1262006 1962
442809 1522
475585 1963
180676 1533
1163719 86
737737 401
868812 820
115158 1964
1262039 55
1163738 81
1196509 1965
1294815 1966
868833 964
180708 339
344552 1360
1425897 104
279021 1899
49647 331
475633 546
1229308 1967
1229316 34
147975 874
1471918 1206
1360412 968
1458720 47
1422768 704
1294885 1806
377384 1521
311851 654
442930 1372
49716 1769
95668 1205
410173 1968
16958 1377
1393215 305
344643 801
115268 1969
1491525 214
1065542 983
1229391 1189
574034 1690
1491544 343
1294943 1251
1000032 383
148065 1970
770660 1971
770664 1530
279146 1847
344684 1851
442992 113
82548 1972
410229 268
934519 264
1032825 1973
148093 1974
148103 644
377483 1975
1065612 281
1000078 122
1131156 1941
705179 35
148131 110
770725 735
17068 1976
82610 1444
1196727 901
639673 1977
541370 1978
705218 842
1491651 1941
115398 937
279241 663
1295050 505
1098445 132
180947 1390
803541 1979
1426140 1733
1131234 1376
1417339 1205
1393383 1969
1024124 85
148204 1581
803565 832
541422 92
836343 1533
1078740 68
377604 1980
115462 1981
1032973 738
1131279 1982
1229585 478
1327890 1574
590873 117
967446 706
508695 273
672539 1983
1032990 324
1327908 1078
1164077 1346
901934 571
761992 940
82738 711
836403 1100
148277 17
148279 400
246588 1965
1065793 842
1164100 31
1196869 1610
1360712 1687
1000267 1148
1404858 317
1426258 1984
639827 179
541525 1985
50007 1513
1229656 273
1524573 1280
1131367 639
1131369 1405
1098603 1986
443244 964
1065839 1324
1131379 189
213876 138
836473 17
344957 1499
1000324 1987
148358 113
1098633 1988
967565 593
508820 1687
508825 1812
836512 256
639906 1981
508835 143
1524653 113
82867 1989
279482 1556
181185 1433
17348 744
836553 360
1491919 520
148445 351
246751 137
1262563 113
705511 436
985938 17
1065976 546
148482 1990
705542 1278
82952 844
1164301 664
115729 1451
115731 720
1229854 831
181281 1991
705570 207
412507 1080
214060 264
377901 209
803886 1992
443440 1993
1098802 109
410677 1994
279608 1973
1164347 264
508993 1016
17477 990
811191 1995
902222 1394
1426511 1380
1066064 1525
1459286 31
279650 1660
1229925 845
1131622 170
1098859 1405
312430 447
83065 168
1492092 1159
803969 1996
17543 609
345224 401
1262729 17
30231 972
509068 502
443537 759
148629 502
226841 1744
1262750 459
246944 261
1229986 999
50351 1808
541872 1522
1122504 1502
410802 1294
672947 448
279732 474
214197 31
246973 367
509128 1426
312522 933
541900 17
771277 1676
478072 1995
83155 428
50395 1997
902365 31
378081 1083
541925 1019
673000 631
771306 17
50411 87
673011 31
1099012 1674
1524998 1954
17672 1533
279824 175
1131794 1810
767534 1009
969604 1998
1492251 1060
443677 17
214307 66
148775 711
1450204 884
50480 1999
574770 1586
1262902 273
214331 673
738621 2000
469776 2001
50496 681
116034 1047
902467 1623
181575 1696
312648 185
705867 1999
476492 816
804173 600
640335 1126
1235750 1637
279896 1158
1131872 1375
1131876 1413
345445 11
19345 31
13884 331
958695 990
1164653 1134
17776 343
1099124 69
17782 1321
968057 1910
476541 55
1492352 1602
607623 1835
1066376 1771
1295759 372
1099153 1835
247189 1005
214422 652
1131930 151
345502 825
902559 1538
345507 539
476597 465
869816 1274
312762 17
509376 1052
1131969 55
1394115 973
607688 152
1015346 1152
312788 2002
878955 1192
378333 1761
1230302 1855
804319 2003
804322 260
673252 2004
1099237 199
1328617 960
640492 1328
968174 68
640495 1901
345586 510
476661 17
40968 610
116215 310
836402 1824
161365 585
804352 178
1525250 62
280069 113
83467 1034
345614 596
1033743 661
745731 674
378393 1629
83487 465
738848 1097
527280 1021
607778 1263
968237 194
804399 658
215987 914
964190 2005
83510 1296
325215 625
1427015 1590
312906 1961
411218 37
247381 1373
869975 273
706138 2006
1144421 2007
79463 801
509552 597
738930 261
411251 31
312948 1897
1427067 375
1328779 714
1394317 113
50836 1856
214677 66
444060 263
280222 179
870050 231
116387 750
476836 66
640688 264
1099443 2008
935607 2009
18109 1666
1033918 1446
116415 31
352544 2005
1066692 485
935628 11
444110 17
1361619 1649
1132247 1368
771807 2010
1459938 661
542436 440
1361644 464
935662 1464
902895 1793
280304 356
565544 1354
968439 1204
1197823 600
771841 55
804620 1373
673550 279
902938 1565
640796 2011
870176 31
968483 1765
149285 983
116524 11
1263407 275
837428 1273
1197878 254
1460024 394
149305 644
378682 1926
509755 113
214844 117
149311 1303
51013 2012
116553 1550
149327 1904
345937 1456
41273 55
575320 765
1197913 1811
1132378 1471
575324 1419
1525597 1178
608096 2013
95888 608
18275 1318
182117 1687
280428 473
51054 1397
247663 427
313208 31
706431 742
345987 1948
1066884 2014
1197963 1819
739224 2015
509849 343
837535 741
935840 2005
247715 207
149417 47
1296312 231
444348 449
51135 2016
509900 113
509902 849
1329104 572
542681 417
1132507 2017
131090 1757
346081 2018
673763 694
215019 11
477165 836
1230831 210
509937 859
1525746 534
378867 170
183295 1459
247813 1878
444423 1433
837641 1145
368983 1391
1317608 1732
1099790 822
280592 529
411669 2019
51233 2020
1394722 1836
1198116 515
247847 1703
542772 728
608309 960
935994 324
571063 1004
477261 1255
1329231 1015
1493079 230
378969 1418
84061 2021
84063 231
346210 1843
936045 854
280687 2022
116848 565
182385 1743
1539111 2023
620223 1282
18556 1099
84094 2024
739455 1021
51335 1789
444552 1498
149642 2025
477325 447
560153 1685
51356 2026
215208 319
134172 118
542892 144
739505 149
1525939 1738
1099960 68
673988 251
641221 65
641222 860
444624 443
280788 1177
936164 185
1329397 55
313594 2027
51451 604
1034492 923
510210 1940
51459 1333
313604 1524
149767 1289
84237 2028
215312 1439
739602 2029
379156 726
1296668 2030
182557 444
313640 1363
903465 11
1067306 1378
1198382 738
41352 1252
379187 31
379197 1509
706878 534
18756 510
346437 1086
608583 742
674123 1456
117075 1529
696718 2013
117078 1943
30436 1834
280928 493
837989 1517
674150 1775
346475 511
1067374 645
1486745 2031
1296755 1297
1362293 305
1296759 1641
215416 1594
182652 501
1460609 482
84357 1362
280974 1988
838034 2016
248214 583
575895 405
739736 261
1231280 2032
608693 713
1296824 2033
346553 703
608698 1574
379323 697
805308 8
248255 0
510401 1277
527435 1306
412102 2034
543177 2035
182733 2036
739790 1703
1100246 1320
903641 113
51678 2037
969183 799
641504 748
543204 256
205222 35
1198570 538
51691 2038
379372 249
1526267 2039
543231 1543
1198597 2
510476 723
346639 1975
1067542 2040
1198631 1613
51753 502
84524 2041
795061 2003
1165896 66
1362507 1928
576081 2042
641619 23
707159 493
117341 55
379487 17
1296993 2043
739941 827
1455890 465
772718 1241
379504 66
227091 1422
445051 2044
510590 978
193765 964
150149 591
117385 17
346763 305
871054 68
871055 1163
84629 1151
838298 2045
51869 148
631237 1128
51876 117
379559 1079
352711 403
543404 2046
272806 664
1329840 207
215729 1988
838322 2047
215733 2048
281270 1609
936631 80
112416 705
740035 109
346820 1717
150218 687
838349 86
1008077 1724
1297108 1455
346843 754
772829 2049
707296 1846
248546 518
379621 1129
772838 999
1280534 1884
117486 17
74195 2050
1297140 2051
248567 67
150264 35
1428226 1718
346885 69
240688 854
1526539 460
576269 424
1231631 434
805651 833
805656 609
1002278 1556
281383 1845
838444 1476
215855 2052
215856 2053
1450462 1298
117570 915
346953 123
1035083 661
445263 2054
1166170 123
969563 31
478047 1742
314208 977
1198947 1845
707428 229
1335782 2028
510822 1597
84840 2055
445300 1443
412533 52
19320 279
445307 177
281469 1263
314238 1559
1182869 372
772993 662
871300 1860
838536 644
445321 1204
215946 324
1330061 96
1362832 723
674705 1548
1035155 712
609172 1486
1057262 55
1133469 1993
1231778 1374
445349 208
674734 273
215985 1868
958963 1242
31335 443
281530 1451
838591 1043
641989 2056
1428423 146
117708 1595
642003 831
936916 1160
401913 709
478173 1430
1526752 26
84961 1925
1231851 2057
805881 554
478378 2043
248831 1947
478210 1098
248835 465
164889 294
52231 113
248845 1868
19470 2058
1221125 96
150560 1212
636763 133
314407 2059
543792 1441
379955 1002
117812 2027
63326 1763
489311 2060
1461310 337
423776 576
1264707 274
1199172 1575
183365 189
800610 69
609363 364
838740 1862
1494108 343
871524 234
805990 1079
150636 1483
1068142 2061
904303 31
1494129 2062
937074 146
183413 2063
1461368 1838
1330307 273
1494150 66
281737 138
248971 273
1330370 1978
183439 264
834276 1867
543897 224
609434 2064
838815 2065
248994 31
478377 1668
871594 577
445611 1710
150701 2046
1264816 54
773302 1330
969913 1425
707777 1840
675010 1505
871619 199
543941 652
511175 264
150729 1784
1166539 31
117964 179
412881 1799
19675 1136
150748 68
806115 652
85239 1711
183545 909
576765 267
740608 925
871683 679
707848 249
838922 767
937231 1298
478486 188
249113 2
1035546 928
478491 2066
1068322 58
740644 927
871723 568
445741 91
478512 833
1002807 1060
707901 1652
183622 72
544073 374
1494347 113
52556 1027
445779 960
249172 2067
52566 123
871770 670
937331 903
1363316 1883
740734 959
377773 595
511363 989
52613 318
609673 631
445836 1971
1068432 949
314772 261
576918 391
1297818 1054
216477 734
249250 191
1134000 601
642482 1697
1101236 1661
413110 607
544187 1942
904637 231
1527235 558
118212 1634
380358 1945
52682 400
1297870 667
1265103 2068
118230 2069
118233 2070
904666 1825
380381 936
904671 2071
511461 17
773609 1425
1488808 31
118259 2072
445940 777
19963 111
347644 46
413183 458
216576 2073
412928 507
216578 489
904708 386
1494536 1844
937482 2074
1494543 17
216593 1263
806419 55
1363476 2075
675354 2030
806427 2076
1494557 55
1429034 161
1035820 1069
642610 379
970292 1415
314935 518
544314 51
1003067 1138
1461823 745
1527362 2077
413253 600
443666 1277
20044 1046
806477 31
577102 6
1527376 1412
314961 1262
446047 1182
478819 52
577134 147
708211 1534
151156 1216
708214 1533
544380 203
1035902 185
183944 1034
872077 391
249487 2078
1003158 1525
675487 1314
642723 1357
1527465 874
36125 1693
151228 217
47050 400
1494721 1726
1429192 711
380194 277
675534 915
413393 2038
904916 298
724260 2079
184037 926
184038 1000
675564 373
20205 829
872177 1931
413430 31
282362 1861
1101565 1871
315135 1241
904962 1024
380676 778
184071 51
413449 1181
662228 2080
1330956 312
844418 2081
1265422 2082
1167120 448
249619 88
249622 1426
708375 2083
1101594 1456
106514 347
239632 1501
1068840 17
151339 1023
1330997 1460
20286 539
347970 2085
544579 51
610116 755
773963 69
85843 1073
216918 446
1494879 665
96696 1726
47078 952
85863 31
544616 2042
1199980 1187
1051965 1798
249717 2029
315255 1112
774008 2086
1232762 1643
1068925 2087
970635 2088
380815 1628
1368728 17
20370 1109
85911 1
970648 960
249755 1016
1134493 546
446369 286
610219 2089
905133 335
839598 2090
1434424 1917
872372 2091
970682 935
479164 1607
839615 883
1462212 1596
1101765 2092
970698 1496
610253 1838
1527769 995
413660 277
479204 1613
342013 630
544753 1216
348152 2094
1396733 256
1396737 689
1331206 199
363863 764
806924 2095
53271 1255
839714 2034
708649 853
348206 466
626013 2032
413744 1061
512051 976
774199 295
282687 1426
1232961 31
53317 138
68961 2006
184392 2075
118865 47
282706 71
118868 1549
643160 146
643170 2011
315491 400
446565 1256
1396842 1019
1298540 798
544881 1167
1429618 502
20617 609
86165 1499
298351 233
1516230 421
118952 289
1527997 2096
577727 67
1200320 911
905413 629
282822 265
1298631 117
479434 2097
1134796 264
20690 1489
315603 67
20698 610
970978 2098
676069 93
1003761 35
347518 2092
1200375 264
151806 2099
905476 1136
839941 860
250119 2015
1009986 2146
807182 1427
1275949 2100
347523 1313
151829 789
53526 132
1478020 803
1069338 2101
217373 17
707973 1390
1495332 743
1265957 1167
839977 332
86315 671
512304 38
1003830 67
807224 1683
449681 199
20803 703
741700 1060
1397061 1896
479563 373
86355 2102
1292345 17
676185 1044
610650 398
1462622 231
402149 220
741729 738
53602 959
522299 1855
1528167 2103
479594 43
282990 1840
1364337 1918
872822 1875
1297812 264
545148 2104
598762 2105
1331589 1686
184712 1522
1401706 1345
53647 1673
512407 644
184738 31
577963 55
643500 433
598770 1059
1069498 333
1135036 387
217533 1101
303861 1613
1429964 967
3490 231
938446 1282
807377 563
1167832 1471
643548 231
1495519 684
709088 411
676327 1177
119277 889
970713 719
184819 1784
774653 1557
1298947 268
840206 1071
86546 137
1135123 1375
709140 2106
283157 402
971286 173
446999 325
1298969 915
1102366 370
610849 2008
1462821 2107
348716 2108
447036 2109
676413 854
447040 113
394599 1208
774724 31
250440 866
1430092 960
473187 1346
905813 1243
21081 1702
1102426 2110
1266270 865
158916 305
1364583 1386
1233516 2111
971373 55
21102 264
953789 1887
276584 132
1200754 11
578165 249
742010 1103
1036924 860
610946 182
119431 1891
381576 1538
807562 1511
381508 2112
21140 69
184987 2113
21148 854
971425 1504
938659 1060
873128 121
1299118 90
1397426 722
742071 1146
611000 2114
840378 1055
647970 31
287523 2115
938713 296
1233632 185
447207 2116
1037034 1654
926503 238
1200882 17
21246 2117
1463044 3
480008 2118
217869 1892
840463 231
217875 192
414485 1049
429529 31
676634 231
996910 298
1102620 69
1069854 587
1364773 2119
512812 2120
938797 1709
1233716 252
451380 674
19935 161
316227 1183
906052 207
774985 805
480078 508
676689 1019
855065 1670
86870 1144
396772 138
1069914 129
1200991 1739
742245 179
807783 1039
381800 1766
283499 1017
349039 1547
1332080 1012
1495923 2121
578425 2122
578426 1030
1332092 2123
86911 179
697588 1938
764503 2124
1201043 35
381849 1981
1037211 48
709533 1438
1004448 273
1528737 78
709545 22
807855 113
250806 890
414648 1448
1495995 415
545724 1915
1004486 447
1412599 2125
1037262 861
1233873 1060
96419 291
424101 2126
1528808 1060
840683 327
545782 305
1528823 1261
381949 2127
1463295 1990
54275 69
480265 906
21515 1880
480269 664
87058 916
119827 273
840726 510
1135643 602
316447 383
775202 864
447524 1620
611370 375
298504 2124
676915 322
250939 1597
513085 138
611396 812
676940 1604
342200 1670
134670 108
1070173 55
840801 440
906341 2128
971879 1936
152684 2129
1365104 55
119924 66
1004665 179
506047 1615
107370 1065
775298 1332
316547 1807
939141 1621
119949 137
1004691 854
349345 2130
775333 1445
1496233 113
1397931 231
1332398 551
1429021 1684
1070257 1205
1332405 1266
251064 2033
3616 258
21698 498
709839 285
152787 55
1496276 1659
775384 232
873691 1607
1139578 270
447713 2131
709865 2132
775402 1469
140158 1420
316675 1239
506070 502
87305 2070
152849 138
709908 264
54550 641
342233 1522
87322 2133
939291 1443
382236 532
283933 2132
840990 426
152867 138
1430820 1346
283942 2134
972072 113
283945 1173
546090 2135
1299755 2136
1529133 2091
841008 273
513330 1646
906554 2137
691412 2138
1168709 1611
54598 869
21849 1396
424166 113
1103212 885
21869 1528
98930 1898
185718 564
21884 1179
1483669 1951
677251 952
316804 178
349574 146
480650 366
742796 1816
644499 1008
415128 150
1463709 690
513443 90
185764 1875
838718 2139
1041309 11
382390 55
382392 2140
1037755 2141
579005 975
284100 2142
1237921 803
970316 487
316874 1072
435106 205
153039 2143
153041 960
316883 1554
478798 385
1299928 1043
415193 2144
251355 1081
447969 831
1070567 1630
251369 602
579051 1687
1463790 1358
873970 1069
185851 1125
742917 2145
808455 759
1136138 2146
284176 962
775697 138
935832 2060
513557 540
808473 72
284191 168
41906 539
1005105 2090
1168946 408
1005112 31
1005119 2010
284224 2147
874051 2091
316997 1010
1365575 2148
1201739 1179
415315 209
317012 1872
874070 1002
317016 101
87644 844
710240 603
743010 1083
1168997 2149
775785 394
349806 1413
841334 44
743031 1516
513656 1232
484289 2150
317064 1497
1267343 759
478653 1701
1005213 1228
874154 390
218797 239
841393 932
1101427 2151
808630 478
513729 316
349905 2152
710359 473
1300185 31
284386 513
120548 439
743141 2153
22247 402
743146 1099
513773 1699
448238 1329
382709 1669
1300215 528
1300218 2150
1005307 2154
1234684 264
87814 546
481039 1182
677649 1799
55059 1926
1270745 425
808729 11
1333020 996
382753 885
1005348 854
87847 1843
153385 517
612141 2155
317235 2156
87860 1894
481077 1700
120631 1828
644920 74
481081 2014
129333 139
841541 2034
218953 31
1398603 324
1070927 55
309561 1002
808801 1751
153442 1367
1038179 2157
1202020 1577
1398631 101
1496943 347
415601 754
710517 2158
22390 439
907127 1460
69269 546
219016 2159
153487 2160
677792 882
1038254 138
1333168 910
205811 152
55222 2026
907192 168
1169337 17
251840 207
251843 1546
22473 1123
743375 1734
972760 220
219103 117
22500 1292
14673 285
514027 2161
808941 1947
1300465 1890
874482 185
907251 1002
186364 775
178517 357
1103873 391
88066 1442
1202183 1147
546835 1083
88087 502
874520 139
219164 1188
697349 2162
1267747 1180
579620 946
743465 812
1038380 143
284726 622
251961 1214
579643 230
481342 2163
1529931 1989
251982 247
1529935 440
710737 542
1333330 1541
809043 1005
645206 17
546905 1624
1103962 1831
120924 1960
940126 854
88169 1064
317547 1212
22637 1768
22642 391
284792 1446
809081 37
1497215 69
751979 854
22660 31
612488 854
55433 2164
153738 1971
743569 17
678034 35
1235105 2131
219298 1476
743598 182
1136821 61
1056970 1113
1071290 2165
743614 2097
743624 1244
439391 1256
55509 55
284887 1986
481496 135
55525 1509
22758 263
1366248 85
1085138 2166
776434 636
383222 101
415991 1006
514307 31
1104132 214
1380054 33
260481 929
1464593 1053
481558 72
88343 2040
1235231 1241
637318 571
1202475 2125
645423 2082
175341 1608
1136961 1900
121161 179
1005905 1029
186706 90
1333595 1407
1169757 101
645472 1382
22881 465
1136997 1391
1202534 306
88426 258
318281 1428
943165 1512
711024 1179
1300853 165
1071482 2167
350590 69
1276309 1817
317825 460
252296 17
1363692 2008
317835 1811
317837 701
645523 1599
481689 2061
285082 885
842140 854
276890 31
416158 885
645537 493
383398 838
620956 302
252336 1532
88502 131
1071546 1133
383423 799
88521 539
1366475 2168
88524 1775
743885 674
23000 66
481753 1939
74831 264
383452 2161
1268192 72
1333732 1777
1006053 757
1202665 1167
1235439 1972
580083 138
154101 2169
1169914 17
186875 138
1333760 1258
416258 2170
383492 1854
1137159 1821
612872 2171
514573 2128
547344 35
383507 550
1071643 1821
612893 640
1006110 533
88607 31
711202 1572
1268259 998
121386 1071
842291 947
1071673 1947
481862 11
219725 50
383569 2022
678483 1366
88674 47
1104488 2172
285297 17
1199891 2095
832212 1627
612988 586
809601 1679
187018 1910
610071 2173
907919 96
1038992 993
1333905 106
678550 106
383651 1249
1530532 1522
1202853 1932
449193 1302
735687 324
809649 1262
809652 1666
383678 1043
364320 2029
711365 2051
481990 2022
1039049 1272
56013 1803
1170134 1410
547543 2175
1399519 2176
154337 19
1301219 1271
514790 2102
711400 991
252650 2177
1071856 1727
416498 1831
744182 1161
940802 525
154372 110
173186 480
154382 972
318225 1925
1202962 1533
517251 792
776980 1997
154391 2178
842524 2161
711453 867
482080 966
219937 199
973606 1881
744232 2179
621020 2180
318251 1729
1432366 1967
219954 2181
383796 305
1366840 2122
547642 2118
211423 2182
580412 273
173194 15
1530689 1562
1203011 631
285509 1190
1047009 1790
1235785 17
777034 1692
1301335 2183
56156 1629
318304 2155
1170277 1574
514927 2005
1071984 2147
482161 801
1399666 1994
56181 2184
416630 727
187256 2185
416633 2186
88957 31
809857 101
613252 2187
220040 2188
678797 1007
187281 1219
547733 31
899567 2189
646045 81
462662 2139
88998 1155
1268649 451
646060 2064
973745 1649
187315 66
850421 1551
173216 2003
162294 55
162296 1359
744404 364
711638 1967
1334233 844
121822 226
515041 943
187363 755
973798 86
1137641 1994
220138 261
515051 861
1465336 167
777209 1792
1465338 2153
1367035 1412
646142 1994
252936 1546
23561 2190
941069 2191
416782 1239
547857 2192
375299 1012
842775 2076
547867 633
252965 170
1498150 619
973868 663
1203254 55
861365 1690
187459 1950
1367113 1556
1465419 246
384080 554
369848 1395
1072211 29
810069 424
1498203 1691
1039455 2193
220257 2194
1334371 1818
1498221 2168
610152 1337
1030677 727
154758 1746
708460 1381
121994 208
285837 790
482447 17
941201 42
1072274 1206
187542 1832
842905 139
416922 1466
1137819 783
875686 271
1334439 1007
842930 246
711859 113
1039543 1631
711864 2195
56512 494
154818 1987
692086 290
271564 1346
1006794 418
446327 1909
908492 42
711885 343
1105104 55
384212 101
908502 1024
941275 895
777440 551
89316 995
482535 2160
1427990 819
784021 2196
351475 31
613624 1357
91348 707
154875 1522
974076 168
613635 441
449797 466
646407 1033
1170701 2197
679189 1140
1269017 1529
417052 1310
253214 2114
843040 218
810277 932
384297 150
613678 2085
1442177 305
941361 790
908594 1551
56627 2134
56628 2062
810293 238
282507 265
582881 1431
703031 2107
318810 583
56668 373
810335 539
1400161 1566
482659 186
1039716 137
500967 197
1301873 1966
154998 693
1334652 131
449918 929
1432960 1042
515459 24
1170821 1807
581002 312
1400206 1983
122255 1173
286096 2198
1170833 113
56734 101
744864 71
544667 306
155047 264
679338 1457
1236396 2199
777648 2164
220594 2200
974260 668
187833 18
23995 1911
515517 1240
1007039 113
89550 1023
1070107 2100
24017 2193
548309 2201
1236444 960
384486 331
1320188 644
373324 11
1105396 197
1498613 1952
1203709 379
253450 2052
1203227 2202
843287 978
42245 1986
319009 685
711128 138
1203749 1229
155176 1412
187948 165
56884 622
482870 1162
56887 31
446388 55
941626 228
220736 2144
1007171 443
581192 1282
1203786 659
253517 113
319057 1539
450135 1713
1203803 1741
712295 267
384616 2022
1007211 683
89711 113
319089 2203
56947 438
712310 1259
482937 1132
53183 856
319107 503
122507 790
1528388 1572
581268 1539
495556 706
450208 2191
450210 483
155301 1234
384678 1977
941738 2204
1334958 1730
220847 1376
843441 2205
1400509 185
1400510 237
1007304 1142
1203917 377
941775 2016
24273 2206
909015 652
909021 1162
220895 1773
646884 1498
614120 458
745200 1529
745220 179
581381 140
4057 1351
712475 206
1335070 1748
113285 1869
1498921 2072
838799 1461
352045 1585
450355 494
876341 185
974651 113
1433404 208
220990 96
810820 644
450380 264
286543 400
319324 541
1105759 1477
89953 1581
974691 663
515943 1268
712555 428
286573 2143
581488 863
1478632 1006
1171315 2207
712564 1103
724969 2208
1040249 1001
909180 387
134589 109
155524 114
408214 2209
319366 711
745353 651
1105805 860
180705 146
810898 221
548757 405
712603 31
24476 108
876447 300
1105832 123
483243 2041
679853 138
417719 1289
516026 2210
155581 1601
188356 265
155589 2211
122822 111
1499080 288
974793 738
614346 208
942030 101
319445 1460
483286 435
690411 590
1138649 1017
1204189 1388
877904 2212
1007586 485
1134589 1409
1368056 1994
483321 113
90116 1990
24581 567
581641 2057
712716 1930
1007630 477
483344 2212
614418 2165
843798 1594
385052 1396
581662 1019
417827 617
811045 2118
516137 17
1040434 738
286773 1152
614467 1270
24644 424
647242 1979
122962 237
483414 1814
1138776 1312
1302619 1387
1204317 1692
1106015 2213
450661 2214
254056 2049
254057 365
1499256 655
974971 1454
778367 113
974981 441
1007755 171
221331 994
843924 1868
843926 1892
188568 1578
811162 1387
188573 2181
549025 1849
1466531 1016
581802 2065
1040558 1131
1466547 96
539337 1417
24760 1916
221377 1200
876740 261
778444 55
217122 1128
1171664 380
188629 1391
745690 618
843997 938
1014480 607
516322 1914
254180 1056
712945 1083
1138931 854
221428 1487
1073401 562
451967 1317
57596 113
745725 1432
745727 55
1007873 1065
811267 546
57606 2060
1073415 1112
1433869 1734
1335566 937
57618 1770
1368346 962
352539 17
899802 1682
1106208 1205
254241 208
123178 444
844075 721
57646 1669
221488 2021
1040695 2215
221237 55
745793 66
876875 108
24916 1917
1237335 625
680280 730
942425 2209
1216570 2133
516446 55
352613 2035
319846 209
156011 1458
909679 1351
221558 1964
1466743 1712
57722 42
708671 487
1368446 1174
1368450 872
287108 1090
516491 1152
254354 1483
254356 1864
975258 305
123293 13
610373 1363
844192 586
254371 2216
319908 48
352695 2217
1270205 96
1302979 851
894369 175
188873 1391
525667 965
909773 2172
385488 2218
1040849 1027
840986 1917
1401314 55
1434085 1576
844262 2207
975337 2059
844266 2219
610386 1294
1073646 539
287217 1726
57842 1113
25078 23
123389 106
680446 138
1237511 2220
254479 2221
582173 1904
1466910 373
942626 146
385573 1330
58801 759
1204776 1481
1073709 2203
680495 1541
582197 875
1434166 207
1204806 1845
418378 981
1237593 872
909920 348
942691 17
211729 458
1008234 2222
582254 1737
287345 2015
221811 1031
222654 55
189054 2223
975487 185
877186 2151
1073796 2214
1467013 476
615054 1091
516757 747
189080 69
483997 797
1335972 2224
1106598 2001
1270450 1991
123574 412
31519 1205
877244 2225
221888 45
418501 2226
451275 1544
1532624 858
32485 2211
54308 563
189904 17
320228 1947
1336037 1882
1204967 68
549611 2227
90862 2228
680688 1649
582388 530
778997 1858
516856 762
549625 2227
811771 1885
549630 1165
811775 1507
1336069 1019
482445 1579
90892 1128
1434389 1694
763353 2229
910104 1714
844571 1545
156445 17
156447 44
1041186 900
385827 337
457521 136
320300 31
58157 771
680751 867
25396 31
1233033 256
877368 1282
1303356 2230
1499968 1904
320323 1025
1336132 66
615905 1135
1172299 477
549711 2069
1499985 2231
1106770 1572
506040 549
1139550 1511
451431 1167
222058 66
1369575 1070
385906 1545
254838 289
1041272 760
200852 796
1008506 112
1074048 503
1205739 513
1303432 17
1074057 2232
713610 31
418708 2116
648086 2233
517016 22
1467289 1948
975773 652
1172384 2234
713633 17
811941 698
1074088 1042
1532842 55
418736 30
287666 712
1237948 581
222141 1756
911694 1757
1467329 96
189389 335
844750 1927
211789 132
1434579 983
386009 256
844762 264
779228 1831
594426 1760
418790 2235
1467371 1541
1106930 1892
484340 271
418805 261
615422 68
763392 355
1467397 184
58377 66
746508 1821
877581 113
713746 1019
287765 2236
222230 1773
746520 1922
1041434 2054
451619 699
615467 1500
1139756 428
779309 1558
463027 1400
910389 1110
1107001 2215
1238077 858
255040 851
752481 1233
713806 84
517209 72
812123 854
287837 1581
1074274 791
222307 1226
1008743 231
713836 138
451697 1172
80745 2020
844924 1312
1041539 799
320646 1167
53231 2093
124042 570
189584 1073
418962 1651
1369235 182
1074333 1585
1008805 2012
1434803 517
25780 2182
1205430 385
1467577 1019
386236 1759
713919 641
91329 261
910530 2180
1008839 116
773379 164
222411 1438
648396 185
222413 66
419023 517
91683 17
320724 197
615639 896
189661 1950
1467617 1222
447132 989
1074405 848
451816 1805
681193 1879
484588 2237
1434864 1689
1172726 11
386301 31
648457 1263
779530 2238
1139979 1150
156945 1318
1205550 185
58676 473
484663 1649
20503 48
451897 1865
25917 1396
779582 534
1303875 2239
1271114 2240
1271118 1211
189776 261
1172823 155
828986 1750
461063 2231
1041771 1093
255344 2064
288118 1278
288127 1401
255360 1330
1172869 207
1041799 112
419224 31
681379 762
1221841 1453
1238446 66
681391 93
878000 640
714161 226
320951 835
583096 409
1162001 980
1533372 663
255422 2202
654240 2231
812484 1683
124362 2123
648651 2241
386512 885
1500625 443
288211 292
878038 2045
255448 988
943580 1705
157149 2100
681440 111
943585 881
1140196 1778
746981 51
681447 2242
1009131 72
157166 2243
321007 31
1369585 1589
517621 2238
1271286 1741
1107456 101
1118464 2170
452182 324
1041928 2029
1500685 17
386575 1743
26140 887
353821 1568
779809 929
714274 1830
1140259 299
779868 2074
26154 76
282887 1379
845358 11
124467 27
1304118 1964
779833 2244
878144 2245
1500737 2246
1041986 1355
321098 137
91724 382
1271374 1578
1533519 443
321104 108
752568 346
1173078 1327
1009244 1718
845409 148
616035 2150
1533541 443
812647 1763
616040 1257
321146 2247
452222 2058
59010 2110
1533577 2171
321162 1361
1271437 1745
714386 711
386707 17
1500825 1791
217370 2107
911006 1721
1238687 150
184605 1525
911031 1963
353977 733
250143 498
747197 771
1210939 1635
779971 777
222923 2009
1402587 317
845434 710
190178 113
190183 1474
321258 2249
583404 1374
583410 1447
222846 113
583419 1774
517887 1921
288514 1392
1140485 1038
943880 641
645736 264
354062 1989
943894 199
943899 710
1206044 1855
119088 1485
255781 902
162780 542
943916 2250
1140526 1049
1468209 916
190258 2174
255807 139
354112 1162
386882 2251
353918 1114
550735 983
1435472 2252
714579 401
1468247 1216
485209 863
649050 444
223068 2253
485217 1827
845668 2254
354153 1851
714604 2182
223085 11
452463 1526
1075057 1333
92018 2255
419700 1246
190326 204
392169 907
550779 714
1238908 31
375786 2256
1271680 854
812934 465
1186227 1132
649103 1480
485265 2257
1206162 1386
1206163 244
1009560 2258
452505 660
681883 69
92062 2002
518048 2175
419757 211
419759 14
26549 260
26553 2024
485309 1363
387010 1800
223175 68
452554 298
1304524 172
452560 2203
747480 1946
304805 626
1632227 892
976869 31
616423 457
122001 1167
878574 2255
387058 278
976883 1555
1304568 1626
681982 1934
354306 64
26627 493
840023 450
190479 1415
157721 2259
518171 91
124963 663
583716 604
343046 675
157741 854
92206 175
288816 2260
813105 161
976950 1812
1271865 2108
157754 152
965642 658
1534015 1852
364896 31
1140803 17
1468484 669
976967 1621
1236048 1364
485449 465
682068 1641
1271897 687
616538 150
419933 1107
1446245 1302
845921 1522
714850 55
1189563 361
1185857 1931
1009768 364
157802 2185
1435759 1282
616565 463
1402998 1914
807274 427
1206399 2261
1501315 17
223366 1340
80919 465
845972 1522
452761 1063
551069 137
1042593 1451
64539 1993
845999 999
846000 999
610834 314
354497 2028
190155 1017
452805 482
26822 2055
1468615 235
59595 1398
1140942 606
485591 874
649434 113
572454 2095
747750 1097
1140967 2262
1075432 1874
1370345 1845
1108203 427
1140973 305
682225 2186
321778 1019
387315 1525
542095 126
92410 1270
1173762 2205
1501445 2263
1009927 1982
387337 913
289034 2136
135555 101
452901 615
223527 2086
190760 1168
715062 18
485687 307
1075512 124
583996 764
944445 1782
387394 286
92489 674
846158 1322
92501 336
904284 2220
911717 324
387431 188
976615 2248
1075564 1445
1075568 337
747892 2264
289143 377
92539 375
485757 273
321921 732
551304 17
190857 608
453005 273
878991 2007
1108369 1933
1009104 55
584086 264
944539 2062
616860 2053
289181 2230
812701 485
190882 1391
27044 350
89282 2137
584107 31
256430 1990
1337782 738
932937 1094
1239481 1993
1042884 1443
1239493 2194
125386 18
1075666 1639
1108437 604
27100 560
256479 113
1534434 103
794154 1786
1413544 234
1436154 422
1305084 856
158206 2037
130133 2039
420358 728
911886 752
59919 832
780821 138
223774 88
92703 47
911904 553
453157 824
1468966 1667
27176 1038
719964 78
879153 1498
944692 199
158263 76
299445 2249
27201 1681
1403458 2121
518726 2201
256583 2079
518728 1452
453199 1353
354897 2078
1043026 31
1043037 2265
1161869 398
649831 1204
649840 181
354932 2266
846458 1304
1305211 1217
911999 1854
256646 337
1337998 1391
289433 461
1272482 1283
780963 1247
1010340 1144
387752 819
1206953 513
561608 456
944822 1980
1206967 1436
27327 2267
1534659 273
1141446 293
780065 55
310391 2066
1534668 953
682701 1308
387796 2126
92887 1658
1174240 2210
453348 1688
223973 733
158441 736
27391 2018
355075 2268
912134 1227
64641 1906
1305353 397
682770 473
256791 800
355099 874
441477 2269
813857 1295
368624 1531
152028 1850
1207087 674
256820 179
715576 2270
977721 937
846650 772
1305406 231
289599 502
224068 800
60230 2267
158546 644
1141587 751
1403734 847
191320 17
1342607 925
1283197 2067
256815 778
322414 66
125808 769
519034 2094
1076097 1079
158597 1670
1108874 863
289675 142
420751 885
27539 35
1141665 981
781222 285
1272751 207
224191 863
224193 31
125896 546
650185 2036
551884 500
1076182 1911
806960 1079
748509 138
125919 2029
453600 401
715745 1574
551906 567
519141 69
486375 2187
60395 1711
60398 1323
421005 2001
257025 1992
257027 1657
650244 1990
748551 859
10741 1220
546486 1680
788717 2199
124761 1913
289827 1788
879683 644
1043527 137
912457 231
1207389 629
987664 2112
584802 532
363179 1672
978029 1330
519282 55
355445 643
1535094 264
781431 1205
93309 185
289921 517
617613 1429
912528 1782
650385 391
191641 1949
650394 140
552095 31
60577 363
1371300 531
650417 1437
27829 1083
1174710 1842
1273018 674
552125 993
847040 1022
847041 1813
650436 706
269345 2271
224461 871
1141966 30
388304 1968
650454 1877
1240279 1119
650461 447
453856 1503
945377 334
650472 685
257259 273
945388 658
1096423 1955
912625 1206
879858 528
552179 1429
781559 2127
584960 1787
421123 1204
736039 1040
388358 375
1305864 1625
453908 4
552217 2272
453914 2273
552220 2142
224543 467
1380912 90
486695 209
945448 462
716073 1363
814379 1041
191792 1565
552242 47
823860 1657
27969 258
126281 1638
1249847 1551
617807 1313
388439 960
519514 34
126299 1931
683358 1076
159071 937
93543 2204
1142122 1772
322925 2154
190355 31
879995 1223
421247 606
283200 1857
191877 58
421255 1222
1338760 588
1502607 2199
322963 1881
1404309 1492
1514123 534
748951 164
1207705 1586
552348 1836
763802 113
1437090 273
388515 2031
847269 1924
355755 69
847285 245
585156 1882
28103 654
224713 857
781772 2274
191954 480
758350 364
126422 790
847322 2243
368332 594
60899 372
716261 1026
159210 264
945643 47
191986 952
323059 367
28151 2073
454136 1149
1347392 2188
978441 1082
1404426 164
912908 179
124845 1855
813830 1841
781843 1031
585240 1733
93721 2118
190383 325
880159 2275
388646 2163
28201 1721
1502763 1740
224828 181
1207871 1633
388674 1406
1502791 1486
257614 263
752909 2235
108472 119
257618 640
485305 448
978522 2252
364287 199
632763 666
1175143 723
1338984 1699
1470057 113
53863 952
421487 931
552563 137
290420 179
1306231 951
1339003 1121
1339007 2276
683649 1741
1306246 324
683655 2277
1371785 471
676461 739
945808 1134
1437332 20
355992 1215
1175198 1112
618143 1365
890763 972
224934 1735
619614 114
1080605 418
192180 1374
458014 1542
257723 2099
519870 324
913092 1509
1217142 337
1371847 1453
159432 1765
290507 2168
880332 69
618189 2217
749267 983
159448 1166
290524 2225
28381 790
716510 260
192224 2278
1306337 1894
421607 110
1273586 1286
257780 1988
454393 2221
782074 1811
1240827 1782
814846 315
159489 197
1240834 1153
585484 66
1371918 176
452568 1032
913181 2019
159275 711
40228 1031
1535788 954
1077039 106
814900 1424
290617 2184
290619 69
290623 1903
28480 324
1470281 1815
716624 1164
1239011 1499
290644 387
1175381 1645
290651 22
487269 1497
356198 602
290664 827
421744 206
683894 98
28542 420
234133 1929
1437571 69
1142666 745
716687 1044
1249945 853
126873 1753
61339 2167
618403 2183
1011622 621
1339305 2135
257965 2048
454574 1789
290740 185
126906 619
1241027 1136
421828 2219
618442 1770
61393 150
1273811 1403
454612 659
1142744 1832
1208294 1069
421863 2279
1339369 113
520173 2280
651247 101
158077 1517
487421 751
61438 856
533426 473
103083 185
421897 2173
323600 430
585751 149
1175588 1225
28714 384
1077293 1947
28718 1728
159794 819
333751 156
594612 672
61501 2281
913470 468
749636 1357
716869 921
946247 112
946260 535
1536089 1523
782426 879
782433 1860
913512 1521
1065901 2265
1175658 2275
1077355 1191
585842 695
159860 641
553078 808
540009 146
553103 625
716953 2012
323743 860
1241249 66
848037 50
1142951 2222
684201 143
889543 31
14089054 2282
1110190 17
1241270 882
1437879 1910
82796 264
1306830 308
123168 177
487633 591
1077467 840
618718 2063
911397 405
94432 35
684260 31
159985 960
192754 644
487681 1060
291075 35
1339653 1263
848136 1831
717070 523
749845 1476
758489 2283
389400 1120
937154 72
1208621 31
291120 2254
1110325 31
684348 1639
651581 2270
1208639 1044
74071 1491
1241416 706
1012048 604
389459 410
422231 885
1208667 971
1239098 2240
29024 637
913763 1113
749924 109
258405 328
455022 997
1110387 2281
520564 1800
979317 367
61822 2131
1339781 331
1532130 138
1237218 1489
1372556 1695
1438093 470
29071 1265
487826 2138
815507 828
913815 1927
160157 790
487839 2200
553381 822
1208748 1804
815537 1618
287159 2284
629460 1776
160181 55
452697 1591
135925 305
651717 1211
520648 649
272460 431
192971 763
815564 854
815565 1833
29134 2120
979419 1873
1274332 470
1208800 498
684513 2236
1274341 1806
1503723 1515
163240 1016
61945 1009
356862 621
1176063 1116
430877 2077
29204 1517
94743 1923
1110552 148
619034 921
225819 948
225820 499
1471005 66
553502 1587
422432 1670
1372710 1105
422440 2189
1503785 31
782891 2113
586289 785
815673 17
979517 602
651842 497
651844 415
32182 1356
127563 2242
649314 138
160338 55
1110623 55
324196 2064
1143403 31
1536620 882
258669 1212
1208942 998
1372790 2216
127607 2176
914042 1347
15807 2163
160385 35
782978 11
118818 107
946822 809
906007 960
62093 2023
717454 1308
160399 243
422544 2129
488083 2246
29333 616
62105 2285
258716 1902
1142299 1520
1438371 526
225961 1974
1012394 514
881327 1254
979633 1104
94898 264
1372861 1756
1307338 1756
1307343 1883
946904 1005
783071 264
455397 400
520935 412
92285 842
1110772 1275
94965 858
1078007 2233
881401 952
29441 491
1471242 104
1110798 110
1212135 1715
193305 2273
1078042 264
37679 1762
324390 2198
357173 641
580372 2141
1340217 1588
783169 207
127817 1529
193356 493
619342 971
586580 55
226133 2286
217913 1928
447291 393
104641 277
1140884 1984
1307514 469
979841 1940
226178 1520
619397 567
1438605 1058
698217 546
534680 301
29587 31
422812 1731
717725 2171
1340319 2263
1274791 684
226218 184
226850 632
693065 1520
357307 674
226236 11
619458 1206
95171 66
1045448 420
1078217 2284
881617 2109
553939 1377
643918 2277
259030 1641
1504215 199
816089 2287
947163 1073
1137945 1931
816095 1517
343547 463
906065 1567
881644 1672
127982 1509
455675 2093
717825 17
947203 137
152406 89
1143814 1602
881671 1319
758615 69
783373 1411
1537045 31
160791 1996
259105 2064
848930 273
160803 103
95273 1081
1012781 2262
95283 437
29753 269
554044 1970
95299 972
95306 1327
200668 860
848977 68
324696 231
95321 540
816222 72
217957 2157
750698 614
1176684 1606
324730 809
627562 1912
1453287 2222
717958 144
488584 324
217037 1859
1143954 762
1370307 1545
1209494 766
685208 256
246498 2119
226463 1284
1537185 1157
816295 1514
521387 800
484365 138
586927 2070
1012923 2042
95426 255
619715 1344
718020 2101
1078469 325
409121 287
376354 1721
1307854 72
1144016 522
226514 2271
357589 53
29911 994
160988 40
193757 1182
802341 546
1438947 465
750821 55
1144043 1398
1504493 2268
619760 1339
718069 554
619774 2084
1078527 1270
390404 55
619781 17
390406 260
947463 401
29960 469
1504525 886
1209617 1987
816402 1323
725891 1468
685336 2234
849178 546
521509 595
1144104 1183
600284 260
193837 1176
1176893 1024
914751 738
1176897 2172
881990 1414
521543 854
423242 66
980301 146
783702 2166
92389 2115
259426 1197
387302 1884
292201 575
324976 150
554354 1234
971667 11
1144184 2192
390521 1062
521595 197
652679 930
580392 49
58832 123
521621 64
62876 815
423325 738
1031749 337
780529 841
554414 1097
488884 2264
1471928 2232
357817 710
641497 2000
1013188 1392
579303 1892
1045972 539
128469 442
914902 465
718295 1114
1272171 992
1439197 46
1439218 2121
128500 1037
521724 1570
226816 331
390660 2278
1408598 55
587277 1580
259603 31
474713 1917
194072 1238
1373721 282
1504794 777
715013 662
980514 1801
259620 1836
1209893 182
882215 66
600327 1090
1373741 1101
325170 1164
292404 1772
1078842 728
620091 17
387338 2096
357954 53
1340997 35
1472072 2226
1111625 627
783946 208
521804 1452
1341013 2159
154858 176
1439322 2106
489055 1231
456293 1958
357990 1326
980585 1837
977171 1904
63092 823
128637 2237
1275518 806
1472129 1663
1537666 1810
458347 1285
633111 1016
1439374 665
1013392 433
1439378 2223
489109 502
423575 1090
933927 2248
685723 1069
325277 2260
128672 1957
1537698 1779
1013416 1066
161451 109
1078959 1868
1514409 1783
849593 208
587450 436
30399 920
1177280 925
227011 338
292558 1180
1504975 2274
980694 2245
947931 264
30430 240
63202 1870
194276 337
338214 502
1013487 407
521982 2261
1439488 14
358146 1487
882438 1446
835729 1578
194320 2206
522001 1314
522003 150
456481 1886
30506 138
816944 1754
824286 2288
30518 1390
849724 179
554816 2184
423747 2195
1372567 1558
1636165 1210
882512 1429
227158 1799
980830 482
1275743 350
63328 1839
1406820 191
784234 761
328357 859
882549 1133
456566 992
391037 101
325504 241
1177475 2106
1144712 279
915339 2071
30605 31
1537936 1119
194462 885
653215 1432
1079215 1204
194481 264
589470 1422
751555 198
260036 35
840694 2251
1406919 393
1537993 2032
114338 2279
26958 558
1177562 1420
686043 759
653276 566
325603 53
849895 1652
54269 2056
423928 1124
260098 504
1243144 1893
1457836 508
129036 113
489487 2287
849940 1311
587801 55
96288 2213
1275948 889
1013805 55
1308725 401
1144887 1598
620600 435
1046587 581
1341503 920
1243202 1067
161871 2162
1177681 2068
161874 2145
161879 691
161884 1718
584037 2229
129123 1248
751721 74
653418 436
878951 1522
1407084 1115
391281 17
1233939 335
998320 1876
159241 2004
1070102 803
1439880 455
1308809 401
882832 31
981139 2080
424085 1444
587927 784
1528859 1792
1210532 72
948389 785
260268 367
653486 87
653492 624
424118 208
424119 113
129209 1841
96446 110
522431 1967
227525 824
489677 2274
188704 759
152612 1301
325850 88
260315 664
1439965 2265
391398 1079
948457 1848
391404 179
981231 31
686331 2002
1014014 519
212693 484
817410 2241
325891 2025
1374472 2158
489738 734
981265 830
260377 2081
391451 1402
96540 1627
1407264 1720
850209 409
786139 1780
555301 101
719142 2289
1472808 1031
948525 885
522546 1375
719157 1060
1014078 2290
194880 1413
92001 1315
424271 2032
1177936 276
620883 926
718997 31
522585 1398
129370 302
1505630 1797
653663 258
96608 1122
850274 811
797073 90
1472873 124
850283 669
1102909 1976
719222 2224
321940 562
686458 2263
1079675 201
522625 1237
752003 1393
31112 1467
1369313 2239
653708 546
955458 357
96656 606
63890 1167
784789 17
1014171 1509
653724 1136
981409 2256
719268 58
686503 1809
96692 1506
620984 982
719292 1226
752069 75
63945 1452
1276362 1464
633250 956
31189 1171
850390 460
1243612 2179
653791 1027
1309153 714
719333 1152
1168465 2240
1440234 96
1145333 101
1505782 958
1538552 1288
293369 2050
786175 324
653822 1103
1026475 2094
260620 1987
327426 1636
1440270 1016
490006 2228
1210910 1686
1309216 1708
588322 264
391721 854
492741 1014
424493 1255
1102941 186
64051 273
1014327 1492
883259 786
457280 2017
540427 409
326212 11
850501 1546
129606 271
555591 1137
817746 429
784979 2
293461 302
293462 1857
1060530 1656
621151 2290
555618 504
391783 279
195182 1019
857192 2178
424562 738
1094356 149
195190 859
1145463 251
424568 42
981628 1756
948868 1937
1342089 1078
5409 185
1075652 1500
227997 2140
522914 1088
1079972 1734
883366 1296
1112744 1276
129718 269
1440443 681
1014470 1527
195272 10
1014476 2259
359117 1114
228047 2098
785104 31
162534 1077
129746 1581
785108 891
883413 982
1430649 2152
802596 517
1178332 2197
654047 1572
31459 88
31460 2087
490214 711
522988 395
752365 416
129775 922
228088 443
654074 1344
588542 2089
1407746 424
621315 2103
97029 71
1538825 578
129802 493
31508 146
1408607 17
228126 2258
424735 155
981801 2247
1342254 1640
129840 913
64305 1212
922761 1196
621370 197
780767 516
523069 201
457535 391
14089030 2291
14089031 2291
999223 519
883534 140
944611 2244
719700 1707
457562 273
162654 1863
14089055 2282
14089056 2282
14089057 2272
228198 2243
31592 2288
949098 1959
1440627 2105
457591 2217
97154 1522
424844 701
139656 1307
719764 17
523166 66
916384 473
1506214 146
129960 1678
1178539 1132
97198 1734
981944 1907
1053855 2266
490429 842
687039 264
850883 305
31685 977
1014728 822
850893 2218
981966 558
228306 31
1047509 2280
130006 162
457692 2059
359393 2177
228322 1119
1014759 555
485884 1002
162800 138
808105 862
752647 1282
392201 1422
293899 687
490517 1648
457755 112
97308 35
818210 881
638811 2113
883749 446
332977 264
523304 2154
818218 113
523314 1612
425011 1127
1375285 568
398516 1399
1309762 126
719940 422
556104 152
1272226 1083
785493 273
162902 113
1244251 1372
1506396 464
556125 1499
195680 454
1145953 146
1113191 1920
687211 69
392304 1993
392305 1760
1408114 234
130169 179
359547 463
228481 2011
1244292 1094
720008 1764
261262 1946
1244303 478
883857 780
130194 479
785561 960
1342632 1049
359593 134
457900 639
1081202 1736
490670 55
720063 1293
851137 2117
621762 654
720068 188
457926 2285
982216 1280
97482 268
720082 1905
556247 329
720090 31
195805 1376
195806 2250
621793 1074
425187 1094
682534 353
1408232 2066
654570 17
195820 2228
523502 2208
326904 1075
1342713 1279
1244418 1132
785672 1786
883980 904
245634 1446
589070 2169
195855 110
621840 44
1244434 574
1408282 1017
130333 1642
130334 2044
556319 743
916768 55
654626 1962
818469 759
359720 547
1080621 975
654638 264
988381 1868
1310000 549
1113393 1614
1506610 2047
687411 342
163124 739
1015097 185
785724 2257
392509 2290
1047870 2175
228672 1016
326979 101
1310025 473
32077 582
163150 936
1211736 1155
1272235 2116
949604 1167
32106 2253
490861 1470
687476 692
621941 88
687480 76
1473915 2156
1539452 2083
621949 1216
949631 1325
1113473 960
64899 906
436801 975
753042 2104
195988 1236
97690 874
720286 958
59974 31
261544 1108
687535 1662
256584 2196
1277366 22
64951 827
261561 1944
1211836 18
327101 236
1234165 318
261568 113
196035 690
130500 179
589256 1237
1119479 1889
196045 17
551002 1523
949718 74
1375707 389
196061 2274
589280 840
720357 1785
97767 2190
556520 214
5372 26
1506794 1569
916972 1193
1179121 2130
753148 2088
1179134 259
370967 11
546639 1832
720393 146
502359 534
1277453 1533
917008 715
359954 512
988419 1712
982554 1851
693509 771
359975 973
523824 2110
491058 66
1539637 451
1211964 2080
261693 264
1015358 1003
1080900 1035
392778 1472
130635 1049
1310284 234
622159 1253
32338 17
654934 417
163418 474
950202 199
687711 2241
1212002 256
228967 843
196201 315
622187 1981
491117 854
228978 889
622197 1179
425594 745
65148 1382
103645 2076
571740 264
622234 1985
196252 150
1414426 1798
327326 1950
327327 2154
715376 1822
229026 2130
1015460 1895
523943 1517
1135901 237
425648 759
1385724 1866
786102 708
1015480 1758
786106 1794
753340 17
294594 586
1474243 674
851654 160
917191 149
589516 551
1179341 2149
840996 1260
982746 683
32475 548
229084 272
977530 194
524005 31
818919 155
1081064 23
327403 35
622323 1562
982773 388
491263 848
753410 622
87339 738
966615 1053
218413 2283
1376018 2269
458528 268
98083 1767
720683 103
965643 207
982833 113
458556 1878
884541 1647
1133678 1496
1048404 1781
879246 2289
884575 820
327525 2286
1507176 140
950122 2292
1277810 17
622456 755
425851 2022
950142 1069
3269 1584
950152 471
1212307 305
622488 1017
918728 706
262051 1953
130980 1897
786342 510
589736 559
1114025 2111
316425 349
1441722 264
65474 1117
393158 1290
622543 1518
760516 2292
65500 55
786406 391
1540077 400
294897 48
