14163968 0
14163969 0
1163268 1
14155782 2
14155783 2
14155784 3
581641 4
374103 5
892940 6
524303 7
81936 8
647185 9
1450004 10
1572885 11
14155798 12
14155799 12
172057 13
98330 14
75098 15
1081374 16
909343 17
507938 18
385062 19
14155815 20
1294376 21
1490986 22
614444 23
14155824 24
14155825 24
1540149 25
14106678 26
14155833 27
14155834 27
14155835 27
14164028 28
14164029 28
14150595 29
303167 30
14155841 31
14155842 31
1605699 32
1597508 12
14164037 33
14164038 33
14164039 33
14155788 34
1163339 35
1181026 3
720979 36
14139478 37
1081432 38
1076175 39
1097822 40
14090335 41
737377 19
1138789 42
14131303 43
1556586 44
1331219 45
532598 46
1073274 47
1403403 113
32895 48
1260224 17
704642 49
42347 50
262276 51
14163990 52
805569 53
647307 54
245901 55
14153069 56
569368 57
1482900 12
114837 58
958614 59
16537 60
14164123 61
14164124 61
14164125 61
1548446 62
663714 63
1114276 64
1196202 65
1548459 66
540845 1
786608 67
1532082 68
278707 69
14164149 70
14164150 70
14164151 70
549048 71
1574260 72
647354 73
434363 74
14164156 75
311487 76
68299 77
120849 78
14164166 79
14164167 79
14164168 79
688329 80
1032394 81
14164171 82
73932 83
491728 84
1368274 85
581848 86
14164186 5
14164187 5
14164188 5
14164189 5
106718 87
14164191 88
14164192 88
508129 89
73955 90
164069 91
573671 92
14106856 93
1260242 94
377070 95
14164207 96
14164208 96
14164209 96
196860 97
1130749 98
98559 99
1212675 100
1556740 101
633558 102
1597702 103
1597703 103
565513 104
803082 64
1597707 1
778511 105
14164241 6
14164242 6
377107 106
14164244 107
303381 108
811289 109
139547 110
1573148 12
120852 111
14164255 112
827680 113
418083 114
1368356 115
14164261 116
1524006 117
82217 118
14164268 119
14164269 119
303407 120
14164272 121
16692 122
14164280 123
14164281 123
875519 124
1270075 125
639293 126
14164287 127
1556802 128
14147909 5
1622344 19
1360202 118
1548619 129
491852 130
547964 131
672078 99
14164303 132
131408 133
368977 134
14164307 135
14164308 136
442710 85
890413 488
14164318 137
188767 138
14164322 139
14164323 139
14164324 139
1180005 140
377190 141
811367 142
1253737 143
1622378 144
958827 95
14164332 145
14164333 145
14164334 146
14164335 146
14164336 146
14164337 146
1212787 48
287094 12
14164343 147
14164344 147
14164345 147
14164346 148
254331 149
663933 150
49537 151
1294723 152
849302 214
606601 133
14164365 153
213390 154
1073551 99
1032592 155
1106321 156
41362 157
14155843 31
14155844 31
1350383 436
14147998 159
1474976 160
1104624 161
1499558 12
246183 162
975287 164
1458619 163
459198 165
1473269 166
377282 67
328132 167
742021 168
860614 43
197065 169
500178 170
783779 769
524759 172
1577517 173
1090014 81
1324453 174
803299 105
680420 68
328165 175
614886 176
1524199 177
590313 178
14157223 179
1196524 180
1556975 182
1368560 183
14158793 184
475640 12
1204729 186
696827 187
623102 188
532993 189
14156292 190
434694 191
1081865 192
1601623 980
729614 194
680463 195
926225 196
535 197
1262104 69
795162 198
1090076 182
328224 199
16932 200
336421 201
893478 202
1557037 203
1393200 204
238129 205
467506 152
688222 207
541239 208
254520 209
1009076 210
14090810 211
696415 212
688703 213
131651 108
787013 214
926278 215
14164065 216
853431 217
57932 185
655950 218
1147472 219
860753 47
1286739 220
858894 605
950872 221
115289 222
1229402 223
1098331 128
1512599 224
14164573 225
14164574 225
14164575 72
14164576 226
14164577 227
1376866 228
14164579 229
14164580 229
14164581 229
82534 168
14164583 230
1303144 231
14164585 232
14164586 233
14164587 170
14164588 234
14164589 234
14164590 235
14164591 235
14164593 236
14164594 236
14164595 237
90740 238
230005 239
14164598 240
967287 241
14164600 242
819835 243
14164604 244
1401469 245
14164606 246
14164607 246
14164608 247
14164609 248
1630850 249
803460 250
14157249 251
156296 252
1491594 253
451214 254
500370 255
156313 115
1122973 256
647840 257
123553 12
1172133 258
1589926 259
1073832 260
1409705 261
148140 262
664238 51
246447 263
1352368 264
1417911 83
1489695 265
1303231 226
99010 266
1431586 267
688836 268
1417925 745
664262 270
14107335 271
671720 272
918220 273
418510 274
639695 106
688849 275
1499864 276
92964 277
1090269 203
221919 13
967392 278
205538 201
131811 279
1611078 1074
246502 280
1442536 282
197353 163
844522 283
14156530 284
14156531 285
14156532 12
14156533 12
14156534 286
14156535 51
14156536 287
14156537 288
14156539 289
14156540 290
1229565 12
14156542 291
14156543 292
533248 79
679229 293
1057538 294
598787 295
504946 163
885514 178
14156556 296
700546 47
1254158 297
1540156 298
1426192 175
14156561 299
14156562 300
49941 301
14156567 302
14156568 303
181017 253
14158804 304
1008411 305
14156572 306
14156573 307
14156574 307
14156575 308
14156576 309
557857 114
836387 310
140068 311
14156581 312
926503 313
14156584 314
377641 315
1221418 316
14156588 317
14156589 318
14156590 319
14156591 320
14156592 320
14156593 321
14156594 322
14156595 277
14156598 65
1606455 323
1213242 324
1065788 325
230206 326
1008447 327
942913 288
525122 116
327819 78
230212 328
738118 260
14156615 329
14156616 329
14156617 329
1491787 330
58188 331
14156621 332
746318 133
664399 206
502584 333
1573715 255
14156632 334
1330139 100
14158805 304
680796 335
14156642 336
1106787 337
14156645 338
14156646 338
14156647 262
9064 339
1362748 15
1622890 340
1385324 341
14156653 342
14156654 167
230256 255
14156657 205
14156658 205
14156661 92
90998 343
779128 344
1090425 345
14156666 346
14156667 346
605579 347
14156669 348
14156670 151
14156673 349
402306 350
664451 305
14156676 351
14166990 352
14156682 353
91019 354
14156685 355
1368580 214
787344 356
754578 357
14156691 358
58862 359
135321 360
361368 361
213914 362
509423 363
14156701 364
14156702 365
574367 335
14156704 366
1590180 367
594424 368
369574 369
336807 370
196764 163
1221546 371
697263 372
14156723 373
1224862 353
14163991 52
1519703 193
14168223 374
14156732 375
82878 376
1336257 351
1106884 377
14156741 378
14156742 378
14156743 378
1205193 99
1532874 379
1566199 380
951245 381
222159 50
1557457 382
377812 383
14156757 384
500694 385
747001 386
1213400 387
41945 388
123866 389
738267 97
14156764 390
14156766 133
811999 391
14156768 392
14156769 393
14156770 393
140259 394
967652 206
33766 395
1232539 934
1311722 144
1360875 396
246769 397
14156786 398
91123 399
156660 400
14156789 133
14209193 163
156666 268
91132 401
926717 402
132096 403
9218 243
852996 404
369672 405
217260 406
81869 407
533516 408
1221649 409
132114 410
766126 411
1131542 412
1131545 413
443419 414
1066015 226
1532968 415
1049641 416
42026 417
99371 39
214060 344
442546 418
246830 419
1041455 420
1098803 263
1156149 421
123958 422
394295 104
353336 30
1403743 294
402498 423
689219 362
386117 214
681030 424
1164360 372
967753 425
386127 426
1139793 427
148565 428
566364 430
1614942 114
1369183 431
1164384 55
1090657 432
664674 110
615526 163
689681 433
483516 434
894061 435
1565810 436
14157331 437
144067 163
1580267 358
287864 206
222329 438
320635 439
1047402 440
14223 441
910470 345
1069249 671
132232 410
1025162 443
1500300 202
14151874 46
1139855 444
697488 445
214161 446
1156242 447
132246 286
50327 448
33945 70
451738 449
1615973 391
672928 450
935074 253
1262759 54
902312 451
14151879 69
14156973 452
14156974 453
1107119 84
14156976 454
14156977 455
14156978 200
689331 456
14156980 457
14156981 458
14156982 458
14156983 459
14156985 460
1164474 159
14156987 461
14156988 461
14156989 462
14156991 463
14157344 120
967874 464
853188 436
443590 465
14156999 466
1057994 467
443595 468
566479 380
826232 363
148696 399
1311963 469
25410 470
14165214 471
1631459 188
148708 472
296165 473
1254632 474
1025257 55
83180 163
1188050 475
1254640 476
681203 214
1565941 477
685805 478
1172729 479
492797 480
1108864 481
263426 482
14117629 483
476425 485
1443082 486
902412 121
1006466 487
722191 970
1205523 489
484628 447
14140695 490
34072 491
1180954 492
1619503 216
607516 206
1237210 452
1066271 494
296225 133
206114 111
50468 495
402725 163
1418535 496
1102044 122
50474 497
42284 163
1606957 289
959791 498
402736 499
991063 328
14157363 500
1402164 501
1392862 502
476472 340
14148921 126
1058106 503
1172796 459
689469 504
14165310 505
304693 506
230720 507
99650 508
1211275 64
14165316 509
14165317 509
1426758 467
975073 510
34120 24
14165321 511
14165322 512
943671 513
1434960 514
386385 264
148818 515
1548515 516
214357 517
615766 518
738647 260
722264 519
1093860 520
140634 521
1426779 522
1607005 523
14116191 163
14116193 163
66914 328
525667 524
14124395 525
238957 167
14116206 526
1009007 380
58738 496
378227 240
230772 527
517694 90
320887 490
14148986 214
14161471 528
1123708 529
247165 498
281493 163
14157376 530
1328517 531
353671 213
378248 532
1605389 691
1402255 216
837008 133
14164206 96
1344921 12
820638 79
83359 467
14116260 10
1074758 533
411046 73
206247 534
14157224 179
14150556 535
1260693 214
14157233 189
452018 536
69875 23
1344948 188
222646 537
959927 141
1148344 275
1610 538
1230270 539
173505 436
14157250 360
206275 436
419270 25
148936 540
976332 541
34253 542
14150563 173
148953 543
50651 343
34270 544
378336 545
1492449 87
304611 546
673252 547
14165478 421
14165479 421
681449 548
14157290 501
976363 549
14206446 177
1533423 104
697840 550
14157297 124
14157298 551
14157299 552
14157300 553
14157301 553
14157302 402
869879 270
1172985 476
14157306 554
14157309 555
14157314 556
14157315 481
562681 297
1341014 124
1172998 557
1607175 558
14157320 559
435721 560
14157322 561
14157323 562
14157325 828
14157326 563
14157327 563
14157328 564
1091089 136
14157330 437
1607187 163
14157332 565
14157333 566
575000 567
14157337 568
14157338 568
14157339 569
14157340 569
14157341 569
75294 162
14157343 570
337440 15
14157345 8
14157346 261
157221 571
14157350 572
943607 573
14157352 574
14157353 7
755242 409
14157357 526
14157358 556
132655 17
149040 575
149042 576
984627 183
14157364 577
14157365 578
443958 579
14157367 578
14157369 580
1605378 201
1205822 581
14157375 582
493120 583
1336898 584
335184 408
14166966 585
443974 356
42569 387
1631818 351
14166967 586
943692 587
271949 588
1046375 919
14166968 188
1361492 590
1058391 591
34394 592
14166970 492
132703 593
353888 99
14124644 594
14124645 594
377105 539
14166972 436
108142 595
280175 596
14164243 107
14150590 163
1212692 256
14166975 597
132736 35
14150592 359
1582722 598
1582723 598
902789 599
1238662 163
239239 197
1107593 12
1574540 61
1394320 189
14166979 323
14097429 758
712985 600
370329 289
755355 601
542365 310
1173151 546
14116514 556
1599139 522
14130191 931
274716 602
1599146 603
14150599 604
14165677 186
108206 464
14165680 379
624305 115
14165682 115
657075 188
1173172 602
14165687 605
14165688 606
14165689 607
14116538 577
1016095 608
116412 19
1059786 158
542400 609
647456 550
304835 203
206532 610
1615559 611
14166988 612
1219077 753
943820 206
878286 221
689871 613
1320656 22
1468113 19
42707 614
895950 55
1615574 272
14164260 615
14166991 352
820957 617
829150 185
14150608 616
1541858 570
14092004 618
1033958 619
14150609 451
1369833 89
870122 620
919275 83
14166994 456
1214190 610
706288 621
14165745 410
14166995 354
1042164 597
345845 113
157431 361
14166996 354
1517309 214
14166997 386
1189632 110
14166998 623
1369867 196
1632013 624
1484558 25
509711 625
1107731 626
531116 188
894746 627
14165788 609
1476381 347
419614 628
14165791 629
919328 630
1181474 51
14150619 631
14116644 632
108326 473
182057 633
1386282 353
304775 635
116524 440
436013 636
452403 637
902965 638
501560 639
870201 640
1541946 328
411454 641
870212 391
124743 642
1492808 12
1312593 136
960338 521
91987 643
427866 645
771935 646
780131 394
1050469 648
1124198 649
354153 19
980932 650
1436647 525
1140294 510
1245501 188
1361779 651
1255289 652
1271680 653
1318679 7
10116 655
386951 656
1055724 657
206730 658
1214347 162
1492877 659
1599374 16
14158829 255
1034129 660
550806 661
960407 662
436120 663
1099679 664
732144 78
1279415 637
305065 665
845738 666
1443758 667
354225 58
313267 392
689823 503
1312700 628
886717 48
542654 422
534464 668
860422 669
419781 670
1017798 463
14116810 442
878539 143
796620 671
223187 672
1558484 673
370645 288
1402840 674
1031163 325
993252 465
1091559 95
1206250 675
215019 676
715773 677
14135635 7
296949 674
763894 132
411639 599
780281 643
1484795 71
43005 678
1009662 12
1577302 299
14166025 679
14166026 680
624652 133
1099792 681
113523 318
223251 438
1165334 133
731164 264
14157854 683
1075232 684
14165681 379
2090 685
1615915 391
1435692 12
1411117 328
501806 686
641077 687
84022 688
1189943 689
1026105 19
139615 259
452668 278
124990 691
698433 692
1574979 209
1550404 693
366262 694
510022 48
788551 575
944203 495
1542224 187
1542225 187
1542226 187
927827 679
927832 539
1575001 188
67674 695
1542235 163
1542237 159
1296478 628
780383 652
67680 192
14125153 696
714853 436
100028 697
886891 698
2156 699
731247 700
354417 220
1050136 783
1580301 273
124188 493
804984 240
1181817 189
903293 696
1239166 316
1083519 507
477313 701
845955 702
1099909 703
1149062 704
501895 616
223368 586
1346132 787
116278 401
14125196 705
706701 706
1345682 149
1493141 707
1551385 596
329880 709
255684 312
74095 580
1255585 231
49521 710
698540 711
1607853 712
1247407 713
592048 186
1550513 113
673970 463
854200 469
10426 714
1460411 613
1575103 715
1231045 130
1083590 716
714951 108
739528 717
82295 114
84176 19
180600 268
469202 718
14091983 720
14133469 721
1132766 73
1091808 663
411873 480
338146 722
370917 283
813287 543
903403 723
510188 672
362733 311
1542383 494
461040 724
583921 631
14138667 401
76026 725
461053 510
100606 726
706818 727
1612843 728
567556 729
285680 730
1113575 731
919818 732
715019 733
428306 464
796953 397
14149919 113
423643 339
43300 631
403749 706
690470 304
567592 75
1345834 268
133420 466
1222957 89
575197 583
1419569 735
494643 723
354612 614
51509 736
1591607 737
256313 738
993595 660
403773 739
14152854 740
1075520 533
1583426 474
84291 63
747844 417
158021 695
59718 274
985415 537
248136 741
469322 742
1239372 539
26960 743
354643 744
674133 745
18776 163
59748 268
837989 470
272744 436
1075561 378
1389907 709
870764 476
14166381 746
1395056 747
14166385 748
14166386 749
870771 750
461172 313
1427830 326
14166391 651
838009 751
14166394 752
510331 753
14166396 754
14166397 754
14166398 755
14166399 755
706945 756
674181 163
477574 757
51592 758
86826 536
805262 478
546541 71
14209432 206
174485 271
1223062 12
848281 691
960922 759
264605 591
18849 692
1526181 760
749980 159
14199212 113
313776 83
838068 19
1417630 534
51639 761
1329593 653
388170 743
198389 113
1092038 268
772553 763
1418999 487
543184 14
985555 606
1321428 764
1329624 19
338394 680
305627 458
1332987 765
1583588 766
1419750 190
190954 457
1337835 222
592369 355
543224 767
14158329 728
14158330 728
14158332 467
805373 174
14158334 467
1247743 768
272896 769
14165760 76
1198595 770
14199300 113
1010181 771
584203 352
1611522 715
14141969 497
1174034 99
1231380 772
1100309 549
18967 413
100890 773
1198620 656
1272349 774
707102 148
1624607 775
1583650 648
240164 536
641573 68
911911 776
84524 777
338479 540
272944 778
1231410 582
1159603 779
14117982 780
1550905 644
395834 781
14117983 273
780861 735
1578134 503
14209461 758
845579 782
338502 783
830023 784
1239625 255
127477 785
305747 786
43604 682
1419022 74
780887 757
567896 788
1236068 789
436826 370
666203 255
1411677 790
469599 134
354912 791
346721 753
723555 781
14117990 282
690792 52
543338 793
1162343 187
1133164 761
298088 43
1591922 601
1264245 270
14117993 510
43640 795
944762 796
1583739 568
1583740 568
100989 797
1550974 61
1403521 723
445547 358
174729 798
76427 99
1411727 51
412304 799
141970 800
420499 440
84630 801
281239 412
1182360 802
1313433 163
846490 506
928411 297
1619738 126
641694 385
428703 803
813729 157
1378984 373
502442 804
682667 760
871085 163
535214 805
1424834 710
92850 806
14165790 629
1369887 500
567997 418
592577 714
2755 417
14152867 1066
1059527 113
527051 163
370466 807
781006 424
355026 163
1092307 748
174806 758
436957 456
1100512 353
14165798 331
789224 70
953065 808
14117611 378
862956 224
1262034 809
191217 610
1247986 266
871157 673
1444599 386
1092344 810
125690 656
1616635 189
494332 128
1632042 634
977662 811
609027 755
764678 812
666376 813
862987 64
1075980 814
1182850 311
68369 815
1288989 510
1542942 774
1452831 532
14169237 502
682785 268
477988 79
297767 617
1518727 42
1133360 303
1543304 806
109362 706
1116979 816
397790 817
1452856 188
1627956 818
846650 819
1192415 103
486204 160
14156690 820
903999 315
559938 819
191305 821
551755 288
440640 822
281427 179
237458 1004
14169239 502
14165818 53
1543007 823
35680 427
1190753 824
748389 704
1018726 110
863080 815
747794 825
14152167 182
756588 128
576365 35
912238 731
60563 362
633716 826
232311 52
576383 604
134016 827
43908 344
699269 98
527239 796
1051529 829
838547 494
437141 830
1362838 831
1575832 114
927556 832
1403804 233
14150557 751
14150558 704
14150560 659
68515 410
14150564 633
14150565 833
14150566 613
1166247 834
14150568 613
14150569 818
14150572 835
256942 464
14150813 836
1272752 12
14166961 837
14166962 837
14166963 838
14166964 839
14166965 585
14150582 840
14150583 840
1526712 92
14166969 164
895930 432
14166971 841
14150588 842
14166973 597
1592254 539
1182655 163
14166976 843
14166977 435
14166978 677
1338307 844
14166980 845
14166981 210
14166982 188
14166983 188
14166984 188
14166985 573
1117130 351
14166987 738
14150604 846
14158797 621
14158798 621
14150607 616
14166992 66
14166993 456
14150610 451
912339 847
14150612 848
14150613 849
14150614 849
172537 850
699352 717
14158810 220
1592283 489
14150620 90
14150621 847
14158815 851
14150626 474
14150628 822
14150629 429
14150630 429
1559527 221
453608 852
356860 70
14158828 255
1436653 853
14158830 467
1577469 854
371696 47
1035249 73
1371122 35
945142 855
1019049 746
527355 666
14150652 806
14150653 806
994302 531
543744 648
14150659 567
527370 368
844292 80
1002528 856
1182755 857
68645 218
912435 487
805941 313
14167098 811
14167101 666
1062752 19
1463037 14
937028 343
1526853 858
461898 855
14117963 15
1619285 187
781391 217
1248336 113
519250 78
740435 565
822359 93
52314 639
14117979 65
14117980 859
14117981 109
1158238 860
1133663 182
14117984 695
14117985 861
14117986 862
14117987 863
14117988 477
14117989 15
14150758 864
14117991 282
14150760 865
1543273 301
14150762 32
14150763 327
14117996 866
14117997 81
14142579 867
207990 868
608105 143
1494136 764
1241620 560
1035388 869
826765 1138
1551489 870
117890 536
461956 871
1543301 679
1526919 587
3208 872
1363081 739
434711 761
355469 202
1117331 140
298132 873
190319 527
14134428 188
806045 874
568517 369
1619824 214
1543330 668
1461412 875
308781 686
598556 501
44205 420
14158339 876
1395890 877
272243 649
28718 878
404661 711
85177 204
14152223 879
601280 706
847041 198
715970 113
928963 268
1043653 47
675014 499
462023 863
437451 880
14152226 792
14159055 371
14152227 529
814292 161
957647 882
453853 883
1543390 571
1109216 49
205350 859
494822 360
601322 884
838891 885
945393 744
340521 886
486648 39
1330425 113
929023 780
14118144 269
666884 383
1109254 67
888073 460
699658 271
52495 887
560400 396
290065 321
14150931 22
14150932 888
14150933 889
183574 163
14150936 168
3353 890
404766 280
552224 891
322849 308
716066 600
757028 800
14156979 892
347430 893
51079 894
372012 786
355629 115
1248561 776
14160485 387
14169018 1048
773433 748
1330491 895
101315 128
330976 566
437570 896
14126403 897
511302 268
11592 313
1016375 129
1469772 485
396622 475
1600847 167
200017 122
1191250 898
875747 240
85333 899
134486 252
355673 900
3419 901
626012 12
37434 756
278819 902
14126433 333
1109347 60
1346917 903
1576297 599
44395 896
93549 894
1346926 268
265583 904
1428850 196
1109364 905
1617273 163
961917 439
85377 106
654571 260
14159236 539
404870 906
650633 163
1174444 332
1248653 693
975427 866
14155816 20
14151063 908
14151064 908
14151065 908
1600925 581
847262 898
224671 7
650660 909
1543589 159
1592075 14
282028 41
372147 759
1256884 910
14175670 182
699838 863
421311 533
1390496 911
1413707 574
1607079 105
110027 631
593356 680
14123978 795
380152 188
1568210 630
1568211 630
200151 285
232920 912
339420 401
44511 913
888292 478
1101285 893
806374 268
503271 914
1617384 187
1617389 187
775321 1065
781809 780
1518699 819
1173417 916
863738 386
372219 304
1617405 182
77310 524
216575 238
126464 245
650753 328
478307 51
683524 917
503304 918
151050 26
372236 288
224782 919
642575 920
749072 35
306705 1087
167881 962
372243 921
1576468 26
790037 922
14164569 916
1355290 626
822811 923
1371678 370
328283 803
503333 108
560678 924
704445 925
1551914 223
1360487 590
134700 818
14160477 955
1355312 446
402475 280
868958 383
429623 478
1035833 504
962107 927
879572 214
1125953 40
14155079 926
1224259 322
1576516 928
1576517 928
1576518 928
344673 405
14164578 750
1560143 825
1322577 274
527955 290
1027668 929
282201 845
14150927 18
462430 910
14135909 930
14150928 18
364130 858
14164582 416
1494631 688
937576 671
1101417 539
233067 376
200300 876
14164584 232
1289845 931
1535607 869
240916 881
260031 932
1027710 163
460736 180
620431 609
14150934 889
51134 908
1286764 395
151179 436
1045972 357
370079 14
880272 679
1133848 860
1240722 499
716436 881
446104 933
741017 165
1543255 913
1461915 503
519841 36
1511074 935
1560227 822
17009 359
1494697 183
735274 936
1281719 937
814777 621
1552059 360
839358 62
11967 938
1027779 939
1374404 900
224966 163
798407 830
454344 326
1543882 215
14164599 242
777506 940
1437391 313
175832 163
118490 274
14151391 3
1616636 189
14151398 555
470762 64
1277022 713
265966 47
406141 865
77556 428
1167093 367
1052407 941
1568627 161
978685 415
421632 942
1088811 860
756281 58
913158 902
504449 75
1236268 943
653271 909
14164610 248
388878 269
945936 637
626450 944
487191 945
167705 135
1625882 127
1494811 77
1109790 946
1618565 28
1000772 947
1416143 596
249639 948
1101609 129
192298 611
287367 57
413484 949
180073 317
1085230 399
1396529 64
14143283 950
954165 841
14160521 951
687412 946
1568570 564
1019707 880
14160522 951
1486654 161
667456 623
986957 868
14209677 126
1101650 479
1191764 731
148797 664
14155065 395
1191768 278
986969 953
487260 137
1568606 11
14156998 954
14160528 955
342473 66
16993 467
14126949 488
14126950 488
454504 138
14155068 591
14126955 375
1052524 631
316050 683
675694 536
204093 956
692083 149
14155070 175
118646 706
733047 804
706661 789
1544057 294
14118778 697
413567 210
1085312 877
1052547 243
725654 227
1167240 310
14143372 678
1413005 285
94095 109
99971 126
257941 260
14117992 957
954270 570
1036191 539
552864 958
552865 67
880546 507
315303 641
1527721 660
621895 67
1011628 706
1322856 115
1052594 959
989171 309
556361 960
577467 413
643005 839
274367 961
1404867 264
61382 702
405448 692
847817 708
307146 963
413644 953
307149 163
159699 828
14117994 732
1437655 844
1093592 964
389083 965
954332 535
258014 621
978911 110
1363937 785
14155093 966
823271 158
946152 668
518695 967
1499621 419
14135276 968
1019885 270
1609710 969
1574909 332
1626564 890
14117995 669
14134362 927
215038 12
14168054 699
14168055 253
14168056 544
184314 642
372731 193
331772 163
1457493 23
493327 152
356355 971
176132 443
20485 972
1091041 506
1527820 973
1529901 195
667663 471
200722 179
1175571 251
651288 934
1339417 967
874704 685
356380 803
318810 686
585758 743
1134627 667
36905 352
103795 974
938674 295
1544238 110
539997 90
604168 19
479283 530
340021 633
1239049 975
430138 976
528443 399
1503292 446
444426 695
12352 749
86084 633
315462 837
14118984 977
656055 978
708694 979
14127191 647
1601624 980
397404 981
404016 805
6959 84
594019 982
569444 574
14161937 448
14135400 983
372841 743
299114 505
659566 65
651376 1
1121640 782
350227 342
1118329 775
397435 909
879864 671
14161941 250
1298561 885
577666 707
14161942 886
1552520 19
1552521 19
1306765 502
553104 220
701123 189
69780 984
877137 323
225431 125
536728 720
995481 784
692378 985
14161946 705
397470 858
688837 269
14168224 374
471201 862
815267 986
323748 386
1536165 258
14168230 298
364711 185
14209192 163
1601705 411
14209194 214
397483 779
995500 987
14209197 214
14209198 182
14209199 126
1618097 34
14151858 300
1601716 988
14150584 840
1216699 989
295559 257
602303 540
14102720 838
4289 284
1544386 442
14151875 990
14151876 990
14094535 1
471240 991
14151883 992
14151884 992
14161954 603
364753 924
1628195 338
315604 133
598734 562
118998 214
383012 267
82639 993
676060 855
381149 163
979166 481
14161957 213
144080 211
643299 994
1151204 471
14094566 995
1569001 931
659690 47
1609968 125
1495281 12
1552627 628
700661 809
1429750 953
1347834 859
676093 722
110846 264
12544 372
1593602 23
1184007 66
14119176 576
504074 376
14164169 82
14138754 107
14161965 996
106296 997
660184 163
822659 186
78102 970
528667 813
610588 875
381213 798
14127397 76
1208615 162
1315113 829
4394 177
1164382 998
989234 810
1577265 300
14161971 383
28980 114
474995 386
1478969 218
1586377 1050
471356 163
47157 876
921922 726
179595 349
987461 765
201031 649
487755 766
930124 483
14166393 330
934627 17
1577301 299
1462614 660
1577309 29
1286863 917
790880 444
1626465 186
176482 999
927803 94
1118565 48
1003880 176
1247292 792
1593707 729
848237 1000
1413486 850
1012079 836
209265 599
1480766 1001
61815 814
823673 687
1577339 1002
536956 102
1442538 1003
86621 163
782720 1005
14209410 163
14209411 163
14209412 163
14209413 163
14209414 163
14209415 163
14209416 163
921993 341
766346 950
119182 893
856463 364
14209424 13
14209425 214
14209426 344
14209427 344
1429908 644
14111125 225
14209430 19
14209431 47
455064 906
14209433 47
14209434 182
14209435 182
14209436 113
14209437 113
14209438 159
14209439 159
14209440 159
14209441 214
14209442 214
14209443 126
14209444 126
123448 67
889256 780
4522 699
1364395 812
1044909 47
1546424 1006
971185 830
676274 864
643507 517
14152116 1007
29109 64
14209462 758
1356216 1008
1200570 527
823741 188
422336 21
1257922 514
1626563 890
463300 907
905669 35
158638 1009
1520074 592
164599 852
594381 238
356825 910
1020382 290
315871 12
553440 1010
1520103 268
1307115 529
930284 907
618989 399
1352445 503
1601659 1011
848373 895
14158799 621
1208824 660
1577465 657
414204 444
225789 831
1446399 357
4610 583
29188 978
1577477 415
509984 643
815626 694
1577483 1012
1552908 163
676368 723
14160403 1013
14160404 1013
561694 414
209439 1014
1372704 1015
14152225 792
1577506 306
1339939 428
14152228 1016
14152229 921
14152230 529
774695 801
1380905 185
14152234 1017
946731 302
242220 266
1339949 344
684592 831
1495601 527
242226 643
14168627 883
119348 272
698462 1018
193289 17
1544760 54
864826 1019
45628 763
533258 939
873023 1020
14168641 787
14160452 1021
14160453 1021
602892 1022
373322 183
643659 539
602700 1023
1413709 595
725585 715
1299027 436
250452 1024
14160469 1025
14160470 1025
45655 948
389720 246
299609 448
14156559 309
1544797 718
4702 468
954975 654
1200736 65
1077858 800
14135908 930
1348197 260
1072572 110
1086059 686
406124 586
1539196 454
14118334 51
583785 55
14160505 1027
1618555 829
14160509 1028
14160510 1028
14156565 1029
1086081 1030
201349 324
14209671 19
14209672 420
14209673 313
1299082 836
14209675 113
14209676 539
897677 479
234126 888
1553039 51
1249936 574
14160529 955
291474 708
176788 807
676501 615
1618582 5
1053335 467
850967 478
62105 53
250524 30
217758 600
152224 882
651940 575
971430 82
1495719 1031
1527741 730
594602 687
725675 382
996016 188
209586 436
1458974 1032
573821 736
1542199 110
520890 265
1520316 599
111298 513
307907 645
14209674 47
1508129 159
692937 961
1241807 969
889552 1033
78546 141
910115 400
1184468 1034
1561304 607
357156 1035
140098 1036
1585886 478
1585887 478
111334 743
1585902 539
504559 260
307952 539
373491 1000
1618676 28
766710 737
74537 1037
1120383 1029
1577724 644
14156586 1132
234244 86
1089464 1038
881417 339
627468 436
1225485 885
938766 682
1176336 389
37649 352
660243 288
1177219 1037
443182 333
340758 942
152346 350
1334342 275
291632 975
1291042 628
1577764 935
340774 975
127783 1011
1544385 442
1528620 1039
135983 181
1086256 256
426803 1040
1266484 963
332597 281
226104 214
1119033 1041
1528634 326
275265 1042
381762 44
1545030 12
1577801 967
14144334 1043
873296 297
1299281 231
324436 637
275285 922
1102688 163
78690 710
14157305 554
529259 1063
226156 133
70514 406
684915 572
234356 752
1577846 901
799610 287
14152572 826
1094525 452
1442625 964
131906 188
1258382 959
1618832 163
1618833 163
1426243 336
1325901 1016
422806 949
185240 667
996254 56
1225632 707
283553 1045
496548 1046
234405 769
1138161 269
14150589 842
1008455 156
1086380 371
14169007 936
14169008 936
1618865 163
14169010 513
14169011 1047
14169012 1047
14169013 1047
14169014 1047
496567 361
840632 952
14169017 1048
1446842 99
14169019 1048
406462 800
638439 478
1139308 445
228842 516
813217 737
5066 1050
635851 51
1004495 958
807889 442
14165765 76
439253 539
267223 1051
467791 63
37855 152
750560 947
14152673 87
14152675 272
1086439 1033
373336 12
59559 832
14136300 231
832496 12
668661 222
1364987 693
1545213 370
1158656 737
342187 125
562181 404
956546 949
783369 1052
1430539 313
556546 982
14168222 374
373775 1053
840724 971
1160214 704
906266 47
1561628 881
332829 638
414751 586
1307680 189
594977 470
381987 35
1283108 327
611367 991
961730 897
300076 660
1618989 829
1553455 536
1250354 405
668724 1054
594999 331
914488 356
668731 24
14128188 1055
420803 419
390207 51
755780 457
1438560 507
14103619 581
1457104 857
947273 177
784567 1056
521292 768
688994 1057
1430608 1058
668753 623
463956 163
275541 1059
221127 60
1381464 547
1160281 599
767066 290
406619 646
14152797 884
14152798 884
14152799 884
14152800 884
177249 733
824418 546
14169187 506
14169188 442
14169189 442
14152806 1060
14152807 1060
639576 743
1365099 188
14152812 830
1201261 693
14152814 963
1610863 284
14152816 484
14152817 484
14152818 484
14152819 484
14152820 484
14152821 484
1365110 701
14156649 262
14163861 1061
267388 630
1344362 1062
14152830 589
14152831 589
14152832 821
627841 861
1043295 83
14152835 622
14152836 873
14152837 873
955526 775
14152839 208
14152840 208
324745 482
14152842 249
511511 486
14152844 479
14152845 479
1201294 733
14152847 923
234640 123
14169235 698
14169236 15
14152853 1064
14169238 502
14152855 740
14169240 35
709785 804
14152860 593
14152861 593
14152862 593
1111199 314
14152864 1066
14152865 1066
14152866 1066
1004707 190
758951 112
341162 183
14152875 57
324781 163
382126 449
1244701 1051
685237 281
1545400 794
512884 454
1545402 794
1545403 794
611520 894
1004737 644
840898 337
548385 944
750792 579
259273 163
1242314 296
1062091 561
87245 1067
1307854 806
1177805 769
677073 228
519828 89
1580579 388
390359 1067
406745 956
795514 987
70879 579
1149136 1013
128227 618
14158800 621
1373414 616
1578216 375
1578217 375
914666 81
264402 995
1406190 264
1250543 681
1365236 943
767223 144
1587412 861
14103809 831
865539 238
234758 489
79111 131
898312 866
1437863 152
161041 159
668950 230
439576 425
1553413 1068
1568303 630
1004829 309
1013023 1069
169248 1019
1166598 1070
750886 1071
1471783 1072
832817 108
324914 1021
972085 867
849206 915
164123 523
13630 1073
1527349 721
480551 386
1414466 297
1021251 479
14157321 950
734533 177
644422 638
243015 1030
1571042 662
595278 645
849231 478
955731 979
472404 165
598926 1038
1619286 187
1619287 187
62811 371
1144157 1075
169310 251
750943 214
1611104 788
1601083 1076
587109 420
734573 467
359997 1045
1512818 712
1611123 539
931189 803
1357175 1039
587131 87
415101 60
808320 693
193925 788
1291654 1077
21895 370
934807 623
226700 650
1627534 1042
1627535 1042
14169489 1039
1021331 188
14169492 19
357781 1078
14156648 262
511556 138
13722 289
677279 912
79265 437
1545635 281
1250724 545
46501 533
267686 10
677292 444
316845 981
660910 344
14156779 446
103857 352
14161962 477
38324 40
1291701 19
14156703 365
781707 50
505277 650
1086912 310
1390019 163
192770 979
873932 790
366030 35
1588813 823
882130 834
194004 101
1250775 286
890328 206
808410 676
1562076 658
153054 90
185824 536
513505 619
1521123 158
644581 544
1398248 438
407017 1079
14209428 344
800235 331
30193 472
497139 539
1283573 478
828329 448
71160 891
579065 1080
546300 103
95742 1001
810087 794
144898 434
562692 59
1144327 446
14209429 19
1013259 78
644620 889
1414670 1081
644624 493
14128658 819
767510 708
1357338 63
1234460 588
14128671 538
366113 1082
1177124 806
562725 130
448038 258
1021480 1065
1103402 114
1177131 1013
1618866 163
1127983 539
986025 495
287429 887
1556959 186
237510 1083
300603 264
14161468 856
14161469 856
480830 627
1504831 647
14161472 1084
595521 934
489026 1085
1381958 12
407112 258
161354 470
1406539 655
923212 777
304056 19
1373779 918
530005 252
1562198 190
37817 1065
906843 1083
1349212 1086
996282 383
1547413 4
177083 381
259686 1005
726636 919
1349229 883
71280 743
775795 1043
37017 1087
185983 189
14169024 1049
192107 175
14156737 446
554638 1088
358033 46
1611412 176
685719 1089
554649 369
834907 975
982639 1090
181189 1091
669350 1092
93809 966
1480360 890
1087772 199
194218 610
1578668 1093
603821 984
489134 163
1407261 550
620214 1012
14156745 937
79544 1094
14156746 1095
685760 1096
349131 9
202437 265
562887 109
95947 378
183020 104
784088 478
1152731 344
1324764 948
1384566 77
448222 161
452901 681
489185 713
63202 187
1578724 1097
1242065 1098
1021675 313
1439123 776
726765 612
1300209 307
694004 791
1414902 578
14156756 384
1578746 34
95995 81
283344 1099
14165792 629
22274 746
1529605 206
14157336 568
61057 941
289068 985
1169164 868
702221 180
770807 905
628496 948
807360 1075
1414933 325
1128214 570
14156761 390
669464 581
1619737 126
1611546 539
1619739 126
637144 352
702237 613
767776 1044
587554 1100
14156763 390
1038952 1101
939813 315
848278 478
309031 1102
128808 722
1156060 591
333613 1103
1242927 35
1472308 387
1627958 785
1013559 821
14152671 516
1627969 818
800578 617
446091 733
448324 364
997189 590
537569 1104
63304 901
1603401 1079
546643 115
1242964 1031
1431382 311
186203 1016
1062748 1046
710493 900
612192 1063
441834 86
451927 478
448356 693
784230 620
415591 60
517395 1075
14155069 591
14156695 205
1548513 1100
554860 188
388754 347
653166 1014
346429 341
874352 420
14196 456
997239 1105
1619833 260
707525 19
14154047 670
14156778 446
79742 186
1349503 642
1005441 268
173035 539
382853 407
14168621 595
595852 543
497550 706
317327 274
1603475 523
808852 559
833433 726
972698 762
880743 536
227228 76
628638 159
1087392 567
724635 673
1357733 188
292370 99
1473864 739
276400 216
14156787 825
595270 1089
620470 541
464824 462
14156788 133
513979 512
55229 386
1013 1106
14104907 260
497604 746
735173 295
1537992 634
906659 851
210896 433
1439700 182
604119 667
636890 826
980955 44
1038300 442
1057786 664
145377 968
587747 1097
456678 449
727021 693
1308656 394
260081 634
92499 693
284660 403
14152233 1017
1236649 1107
88056 1082
14154068 808
997372 214
989181 114
563205 684
14161927 37
14161928 37
14161929 37
14161930 37
735246 622
14161936 814
1103889 90
14161938 798
14161939 371
14161940 1105
366613 320
1464342 214
14161943 942
14161944 154
391193 417
1415194 515
14161947 191
926302 926
14161949 964
14161950 1035
383007 871
14161952 983
14161953 983
1185826 435
14161955 30
14161956 367
1102247 335
14161958 995
14161959 958
14161960 150
14161961 1108
170026 675
14161963 417
14161964 893
1013805 961
14161966 996
14161967 996
14161968 996
14161969 624
14161970 198
251955 119
14161972 858
14161973 430
14161974 430
14161975 885
14161976 1109
14161977 1109
14161978 1109
14161979 364
14161980 364
14161981 1110
14161982 1110
14161983 1110
14161984 510
284738 220
1628227 886
1160078 744
161863 12
1022026 292
14096460 272
1374287 436
268368 296
1072824 780
727125 1018
186458 794
170075 758
14154074 1111
14150597 240
1235040 259
73403 1112
14118067 944
161894 47
1013868 1044
456814 184
1452392 805
937489 1113
866421 825
479760 571
22650 268
563323 418
1446979 539
907390 47
1546367 133
874624 1062
1136770 702
391299 12
112775 431
14161945 669
604300 666
219278 163
786195 1114
48836 917
727194 131
161949 1109
915616 1115
14166384 997
1570978 995
1480867 1116
1570980 430
700102 700
235689 671
1502919 860
735404 805
260271 878
432311 12
1104056 521
51572 60
297121 91
71871 618
1601227 632
571588 640
14166390 1117
1620166 297
481483 890
1571020 882
1562829 410
1307262 1113
1284303 288
1120464 870
1587409 781
814740 915
212709 1118
1104084 479
145621 214
1292502 919
149881 528
14153944 113
817371 163
1571037 1119
219361 24
1259746 479
1104099 989
47332 370
628969 1093
456938 1098
1587408 81
1259760 163
1194225 319
522482 113
1505528 47
1161468 892
333150 839
1013041 972
1448194 21
1079555 892
841988 1055
1317129 37
1349901 169
891151 431
14610 1056
399635 647
1328174 290
235799 237
637212 775
1429210 182
862597 1073
602245 898
80164 19
751909 1120
188707 511
1259818 99
112941 849
1546542 113
145712 77
1440136 1028
817459 263
6452 905
1318622 314
14166974 597
121144 155
746275 1063
14154044 748
14154045 722
1577643 806
779317 921
637248 205
14154050 925
522564 759
14156854 1121
14154054 520
1256106 1052
1096008 627
14154057 929
1251659 287
399695 1097
14154066 1122
809300 503
833877 288
173477 618
1415512 899
14154073 1091
956762 805
334173 22
1210718 41
14113119 1111
1483835 833
457061 1103
1333607 1030
342013 1123
252270 241
1325423 564
514417 60
521278 1054
711030 214
1428105 1074
14145923 1071
899460 399
891269 641
792967 599
31112 588
47497 313
465290 1124
129421 965
145806 1070
407951 1049
195530 551
1242179 194
1292693 722
1195696 1106
186778 85
641434 1035
449491 229
14156869 518
342432 694
555425 406
14154146 911
14149167 1125
207806 1090
301481 929
14209460 297
1366075 364
375216 933
1497529 328
14151873 267
6591 799
14156541 39
580037 697
580038 113
948641 602
448968 12
743881 953
1193405 989
367053 495
706181 126
940497 496
298644 268
14164170 82
14157360 219
14153477 5
817627 64
834016 439
1595874 1096
154083 347
1169455 1001
301541 292
817639 214
629226 1126
1319397 443
1120756 508
1374710 863
14840 990
14096891 878
23036 426
39421 560
606617 1006
465410 473
121348 1127
1350149 195
563718 35
506377 862
653834 419
932363 709
1543274 301
1499029 172
1399313 608
227858 1113
1620500 297
1512537 960
645659 1094
1276445 735
1321392 874
1227300 370
1432103 494
178728 12
1287260 212
1432109 789
80431 524
277040 693
424497 738
105010 197
162355 956
88628 478
113205 818
399698 394
891454 367
14164605 244
14152801 1128
1178184 399
559543 395
14161948 1068
995085 896
204811 359
1284691 1073
858708 163
64085 639
1188465 631
14166989 817
14152804 1060
72282 294
252508 810
14121565 638
14152805 1060
653923 1118
279827 264
1394962 829
14169191 1129
6765 861
14121584 719
14105202 47
14105203 47
399989 793
711288 183
932473 1092
1276539 214
14121596 1013
850560 1130
776834 359
1555077 214
1440390 165
732134 539
1329768 5
14157366 578
744077 450
13575 952
768656 782
14160530 778
119918 2
47768 456
14152815 484
1530309 222
735906 1131
490147 813
588453 540
88743 733
1047211 1057
1030828 789
1063597 690
1456815 1129
957106 521
14209196 214
1227445 17
47561 12
456844 99
686778 716
563899 954
1440446 726
326335 691
326336 539
137925 445
1018798 876
14152823 484
1424077 1056
867022 797
1577482 1012
907984 855
1530578 1013
1145557 734
1194712 344
14154461 677
910315 1077
244453 574
613094 254
621287 858
14152829 589
1161968 1133
1063667 68
350965 81
293626 998
1022720 1058
31490 957
1068843 806
1374980 933
1293061 588
14152833 622
113416 440
14152834 622
587804 652
899856 214
1178385 291
464003 758
1489684 655
405294 614
752406 60
1080087 355
1561732 742
1334044 12
383775 361
146208 823
1047330 171
1395163 419
14152838 208
211752 504
1563434 163
670511 354
572208 806
1522482 368
1625874 127
14152841 249
990009 737
1389205 973
1227581 819
56127 1072
619994 130
276960 32
1325890 700
14152843 927
368438 344
435340 886
1325898 1094
891362 661
1039182 111
506703 435
1555281 400
182755 156
14152846 923
578259 207
1090703 962
14121823 955
480876 735
949090 289
121703 977
47977 998
129898 1134
858599 158
324983 734
1342318 990
1211247 214
195442 385
14152851 125
555893 206
473975 19
916344 1075
14152852 1064
14157374 1124
1578133 503
1325952 555
1014658 478
195459 12
1506181 273
768902 1127
14155076 932
1096587 1135
703372 481
1227661 1075
1622383 508
744337 1078
949141 284
1006486 386
14169241 907
834459 962
1252254 791
261957 1117
654240 1022
400291 539
195492 1038
14105514 182
14105515 182
785324 28
768942 503
703407 966
97200 444
1407921 163
883635 1073
121782 240
1604536 816
1211322 973
14152863 441
375741 348
768959 942
1285059 1076
1162180 788
285637 468
14159286 542
1227722 1054
1194955 90
1571788 1023
926882 806
1183565 952
1047504 13
14158328 345
121810 761
136355 1102
891861 38
236502 284
637911 952
1530840 1059
1105175 423
809951 478
1234653 924
170901 223
613349 222
14156762 390
447601 1132
228332 113
973805 912
1063918 985
14158333 467
1219568 224
433137 199
1375218 757
1620979 109
375798 186
1096695 635
14161470 181
261116 783
14152874 57
302079 163
359424 719
244224 770
1471659 134
14097414 504
261131 887
56332 829
571906 459
343054 1059
14161951 1035
408595 754
146453 903
1072150 951
1078003 511
14156975 453
892750 11
1577468 854
97311 60
629797 250
1489959 1136
1375275 214
14099550 945
1293358 838
1334323 361
146485 640
1457207 1133
1203259 47
14097471 442
1157293 188
1285185 942
1600011 1027
1205430 625
418962 444
1580104 182
138318 922
1530959 665
14152822 484
14161473 1084
1545401 794
506253 1099
1277018 778
679004 275
14156986 1130
22337 915
89184 63
892002 827
1397947 586
441444 977
965735 1085
1547368 1050
768999 313
105580 690
1178130 1017
1342576 519
438331 658
605299 1040
883828 966
982133 605
744566 1081
679031 834
14166986 738
179321 820
588924 1009
1605295 342
1153840 739
1244288 673
1545408 709
244866 860
1542078 1053
490630 756
1340609 814
1023115 366
1085293 104
965779 501
842901 306
99524 1137
153024 557
474267 904
1424543 436
425121 584
1326242 741
1366066 1071
107387 1075
335013 1107
1039527 1004
1178797 163
867503 295
97456 1138
1005955 503
1490102 126
840905 675
361436 200
1105014 583
294591 403
414923 572
683894 833
1621190 767
425161 275
113866 1081
318668 572
649762 151
989082 51
1359055 1069
128365 47
1070183 316
662739 810
14122197 518
790393 662
1382948 167
720090 1015
949472 656
1391841 1095
867554 1123
1481955 1139
1416421 988
613607 588
1498344 503
122090 763
138475 759
14130415 766
539888 482
1432104 337
351475 381
14150567 613
47657 698
1577268 173
1514752 426
1424643 764
1613060 163
1580293 654
474374 229
14156569 303
14150605 846
1449233 287
957716 1032
513241 161
630042 17
449822 835
1620528 19
302370 672
654627 748
14155046 988
1407537 55
14155048 1026
1001633 1001
14155050 1026
14105899 5
130348 265
14155053 1009
14155054 1140
14155055 1140
720176 1088
14155058 380
14155059 380
14155060 380
14155061 380
14155062 380
14155063 395
14155064 395
425273 214
14155066 21
974140 570
1015101 1014
539966 993
14155071 548
433472 182
14155073 1131
14155074 1131
499011 528
253252 63
14155077 708
14155078 721
32071 868
14155080 656
14155081 656
14155082 204
14155083 443
14155084 1
14155085 1137
687438 221
14155087 469
826704 389
635833 539
14155092 966
965973 872
14155095 1004
1473880 398
14164190 88
14196058 313
343387 58
556381 12
1006943 899
736609 111
14138726 121
425320 140
14138730 172
1217679 443
81261 1141
859502 12
666173 914
926267 1080
933233 594
261490 177
1178174 315
1547638 991
707135 328
1351024 711
1367422 19
1023359 182
316679 239
261506 675
14138755 107
14138756 107
1598700 634
1064331 551
210567 1036
523571 276
1514895 489
1078834 917
73108 848
1482134 992
14163865 1061
569822 1101
425376 811
1098992 1116
14138786 884
261544 645
1344423 1120
753067 398
409004 293
14158803 140
327089 1123
97716 1126
720798 1142
1138104 945
155067 158
1367484 1097
192565 163
891989 238
36768 1141
310722 19
813691 1106
620561 636
1359301 1098
1211847 188
14138827 145
1217955 171
867795 700
802261 1002
507350 247
1228247 1143
392665 985
1070653 255
1457630 993
409056 646
442278 374
417254 556
335335 304
14130664 685
957293 869
69543 600
1318381 485
618663 191
146929 370
383571 268
1523191 1114
142227 629
1179129 837
1293850 307
835068 882
1564157 1116
351745 19
720386 100
14150576 1144
499205 683
294408 194
147373 1135
937537 733
1618675 28
310808 63
998938 1145
254217 959
1305178 667
1291668 1139
14150577 1144
1559131 686
499241 725
1572394 473
507435 571
712236 741
141917 552
1244722 560
753207 400
73274 499
155195 475
943370 706
14150578 1146
196160 1057
345055 19
1354337 452
908872 50
1302090 689
1375819 81
24141 350
14122574 71
130921 679
253520 699
163768 1007
1384020 35
800172 491
1408598 575
14156580 854
619202 1012
761433 144
769626 7
222479 1145
14150579 1146
835171 688
466535 183
1573123 360
603279 394
1539694 860
613999 935
360048 297
1026664 1008
1375859 488
384630 1075
14091414 9
1568703 767
133738 51
204416 220
318348 802
150124 940
384651 926
1572802 1010
14163947 1125
794256 12
139061 592
1433238 886
835223 43
1343128 19
681973 35
470265 738
56990 1122
442015 19
285296 1142
1037595 1041
1089188 771
843429 668
689436 442
880752 350
14122667 994
433837 818
409263 558
351920 266
220849 404
1212082 981
1228467 808
1613493 780
14156609 334
1179320 614
1253049 610
7866 313
881951 776
638652 863
122826 803
7627 826
261823 125
1588928 853
155329 297
1572546 942
1588932 142
376517 973
188106 214
573131 585
236492 737
638669 708
89806 694
1236687 19
114384 938
14122705 450
1269710 688
875129 1034
859255 996
589533 117
859870 1121
810722 1123
392931 260
1315183 920
1605349 15
645394 279
745195 238
32495 67
106227 218
1318644 377
1539831 274
65273 214
458493 843
1109125 277
963732 999
1326854 231
196359 748
204552 444
1023754 583
728843 491
1583767 1134
817794 706
1335055 686
1089296 784
14150585 840
1146642 728
540435 763
610752 123
605974 153
1605399 1079
360216 437
14152222 879
942183 1023
524553 262
827165 457
622482 19
14164193 88
155425 19
204578 727
1441571 113
1376037 875
955697 455
1159132 665
671531 1147
764473 166
131037 590
1284253 272
1179442 431
1572659 575
337425 731
167902 599
436284 19
139063 806
1015608 770
476468 1108
368445 45
1238325 986
1056578 596
674750 16
1556293 772
696136 228
597835 160
712524 705
499534 1090
975737 773
466769 747
185759 974
14152224 792
14155748 1138
491354 976
574966 1148
1113952 240
507745 914
892771 1148
409444 339
14155750 1138
384870 536
1326951 1031
214332 1136
950122 802
40811 183
393068 1045
14155629 870
982894 1112
974703 35
745329 177
1572723 981
14098387 556
1064824 442
450428 948
1122174 1128
1212287 636
1597312 214
188290 1143
794499 620
319364 1032
342065 703
34912 673
704394 536
1133207 1143
622476 940
999310 354
393103 927
229266 489
14163860 1061
200686 90
14163862 1061
14163863 1061
14163864 1061
999321 762
225042 547
356335 731
442268 983
1122206 816
1548191 252
14165320 1020
630691 539
14165318 166
1154982 952
14163880 829
14163881 1031
14163882 1031
1406279 291
14163885 5
14163886 5
14163887 5
14163888 5
14163889 38
14163890 38
14163891 724
14163892 724
14163896 630
1211039 1104
73661 447
245697 1003
1171394 1115
450500 942
14150591 359
868294 584
982983 948
1310666 288
1358546 534
1572814 1024
482005 1147
712659 801
114644 443
868310 375
24537 524
303066 297
14138666 401
958011 1116
294907 436
14155049 1026
14155749 1138
113531 255
14155775 1086
14155752 1097
237546 733
1572843 912
396204 487
212973 433
543382 824
745456 237
237553 852
368627 725
14155774 1086
14155770 78
14155771 78
14155772 78
327677 1119
14163966 1031
14163967 0
