278108 625023
224176 582483
224176 1354849
582483 1354849
36018 49062
36018 70003
36018 103257
36018 121484
36018 196793
36018 290619
36018 587712
36018 800610
36018 877928
36018 1520544
36018 1521621
49062 70003
49062 103257
49062 121484
49062 196793
49062 290619
49062 587712
49062 800610
49062 877928
49062 1520544
49062 1521621
70003 103257
70003 121484
70003 196793
70003 290619
70003 587712
70003 800610
70003 877928
70003 1520544
70003 1521621
103257 121484
103257 196793
103257 290619
103257 587712
103257 800610
103257 877928
103257 1520544
103257 1521621
121484 196793
121484 290619
121484 587712
121484 800610
121484 877928
121484 1520544
121484 1521621
196793 290619
196793 587712
196793 800610
196793 877928
196793 1520544
196793 1521621
290619 587712
290619 800610
290619 877928
290619 1520544
290619 1521621
587712 800610
587712 877928
587712 1520544
587712 1521621
800610 877928
800610 1520544
800610 1521621
877928 1520544
877928 1521621
1520544 1521621
716275 1002498
3094 608079
3094 1349493
608079 1349493
169128 305999
447341 618447
351345 902203
206918 1040923
1182049 1417902
317016 442176
317016 822796
442176 822796
121484 507331
1291443 1442374
60074 710334
290619 800610
1005357 1016998
36018 902203
47853 217178
73536 411296
73536 411296
376386 590293
376386 1385871
590293 1385871
737555 1442549
753734 981348
722321 851153
706686 1470383
477562 1337628
770501 786335
106076 432887
453217 602046
493541 1222632
433885 944585
433885 1527232
944585 1527232
357257 488428
507776 546028
365632 398084
743808 1010532
512406 1354849
125783 977988
125783 1487441
977988 1487441
907817 1215625
176115 948272
728359 816569
45649 115361
45649 1131119
115361 1131119
289761 829855
1137840 1223117
1137840 1498311
1223117 1498311
1278458 1442374
745254 1607464
1607488 1607489
