309284 708916
103854 179290
663012 796302
320981 1052701
74308 179290
453528 714177
106458 256711
106458 609025
106458 798154
256711 609025
256711 798154
609025 798154
181664 738365
539872 1192408
298627 1427394
187396 702246
57547 610654
876376 1127975
524242 567309
970105 1163450
417506 520347
417506 707411
417506 708007
417506 815504
417506 1049553
417506 1204803
520347 707411
520347 708007
520347 815504
520347 1049553
520347 1204803
707411 708007
707411 815504
707411 1049553
707411 1204803
708007 815504
708007 1049553
708007 1204803
815504 1049553
815504 1204803
1049553 1204803
499145 1270493
407396 786880
407396 921455
407396 1142165
786880 921455
786880 1142165
921455 1142165
57560 1086478
881386 1468598
161999 601136
897759 1068369
897759 1128341
1068369 1128341
13327 211601
13327 241357
13327 305999
13327 622069
13327 998232
13327 998342
13327 1265836
13327 1463866
211601 241357
211601 305999
211601 622069
211601 998232
211601 998342
211601 1265836
211601 1463866
241357 305999
241357 622069
241357 998232
241357 998342
241357 1265836
241357 1463866
305999 622069
305999 998232
305999 998342
305999 1265836
305999 1463866
622069 998232
622069 998342
622069 1265836
622069 1463866
998232 998342
998232 1265836
998232 1463866
998342 1265836
998342 1463866
1265836 1463866
324210 511344
479251 593499
67377 1370040
889969 1047770
853437 1490368
680555 833084
302510 1431638
1074280 1443703
213923 352826
213923 854201
352826 854201
173286 578815
173286 886794
173286 957956
578815 886794
578815 957956
886794 957956
578815 744855
578815 860372
578815 943950
744855 860372
744855 943950
860372 943950
119046 247528
95913 270266
95913 459657
270266 459657
554549 717116
554549 944402
554549 1195641
717116 944402
717116 1195641
944402 1195641
343138 503802
343138 724908
503802 724908
119942 284797
290619 982064
52125 438465
52125 834292
438465 834292
216187 257441
216187 313338
257441 313338
124362 265618
124362 361854
124362 554190
124362 1105804
124362 1231169
124362 1265836
124362 1384058
265618 361854
265618 554190
265618 1105804
265618 1231169
265618 1265836
265618 1384058
361854 554190
361854 1105804
361854 1231169
361854 1265836
361854 1384058
554190 1105804
554190 1231169
554190 1265836
554190 1384058
1105804 1231169
1105804 1265836
1105804 1384058
1231169 1265836
1231169 1384058
1265836 1384058
199510 351345
566603 1255976
294874 1095825
562158 621192
247955 376974
247955 376974
324239 398082
324239 636899
398082 636899
557118 776685
187396 702246
527 550722
527 800906
550722 800906
196648 518220
121484 1354849
6709 49257
6709 784659
6709 1034752
49257 784659
49257 1034752
784659 1034752
337475 557524
239097 696198
65631 718053
429152 595552
429152 1191948
595552 1191948
205 1417902
205 1417902
205 1417902
695363 1294815
459524 1046883
459524 1046883
459524 1046883
459524 1046883
459524 1046883
459524 1046883
459524 1046883
30156 402979
30156 1466300
402979 1466300
22694 796326
22694 1010456
796326 1010456
231381 981920
4294 556726
981081 1516279
17665 298815
17665 738790
298815 738790
33151 589573
996581 1539623
157111 161999
1048359 1441734
1048359 1441734
101167 1006309
101167 1045910
1006309 1045910
4785 398960
121631 432785
288771 1258575
404325 869177
532640 1441734
532640 1441734
628453 927682
253015 778694
168575 1172777
365126 597849
365126 937058
597849 937058
365126 900321
365126 1338813
900321 1338813
120660 1511213
36018 215060
179984 443076
536448 794324
309250 1536924
945461 1099121
821810 1197914
477351 833335
255892 374825
255892 466592
255892 762269
255892 878860
255892 1060102
374825 466592
374825 762269
374825 878860
374825 1060102
466592 762269
466592 878860
466592 1060102
762269 878860
762269 1060102
878860 1060102
15458 1161704
22986 1016112
383892 1222765
280378 700405
495799 593819
694626 1072737
180 640237
180 663537
640237 663537
224176 582483
224176 1354849
582483 1354849
151389 330777
73536 963812
460612 1270388
280094 870217
270255 1377716
705268 991266
705268 991266
95818 469188
99828 441922
289761 829855
503077 1378340
956117 1351560
142294 557486
295163 1435509
36831 155581
136347 320302
76156 332882
76156 794827
332882 794827
187495 1074280
187495 1146223
1074280 1146223
1096000 1255754
491006 696118
491006 1521112
696118 1521112
