424351 527025
320981 1052701
145551 796302
450055 533965
75924 681252
75924 1225019
681252 1225019
36018 49062
36018 70003
36018 103257
36018 121484
36018 196793
36018 290619
36018 587712
36018 800610
36018 838718
36018 877928
36018 1520544
36018 1521621
49062 70003
49062 103257
49062 121484
49062 196793
49062 290619
49062 587712
49062 800610
49062 838718
49062 877928
49062 1520544
49062 1521621
70003 103257
70003 121484
70003 196793
70003 290619
70003 587712
70003 800610
70003 838718
70003 877928
70003 1520544
70003 1521621
103257 121484
103257 196793
103257 290619
103257 587712
103257 800610
103257 838718
103257 877928
103257 1520544
103257 1521621
121484 196793
121484 290619
121484 587712
121484 800610
121484 838718
121484 877928
121484 1520544
121484 1521621
196793 290619
196793 587712
196793 800610
196793 838718
196793 877928
196793 1520544
196793 1521621
290619 587712
290619 800610
290619 838718
290619 877928
290619 1520544
290619 1521621
587712 800610
587712 838718
587712 877928
587712 1520544
587712 1521621
800610 838718
800610 877928
800610 1520544
800610 1521621
838718 877928
838718 1520544
838718 1521621
877928 1520544
877928 1521621
1520544 1521621
119942 284797
119942 1371058
284797 1371058
903497 939699
286269 321794
286269 1330537
321794 1330537
312383 771882
565156 1488504
797931 895895
797931 1081232
895895 1081232
32899 470528
525081 1199402
443737 1269317
622404 1222397
51236 470209
52592 149553
52592 290619
52592 800610
149553 290619
149553 800610
290619 800610
621930 1016525
919167 1326894
1032343 1403068
695363 877927
695363 889056
877927 889056
30009 567309
30009 847882
30009 1126220
30009 1380761
567309 847882
567309 1126220
567309 1380761
847882 1126220
847882 1380761
1126220 1380761
42644 67823
1222138 1442358
350778 1194229
149125 881386
149125 979703
881386 979703
37017 1081285
37017 1081285
37017 1081285
1032343 1294815
289027 1354311
909052 930414
909052 1399806
930414 1399806
131510 841467
1102113 1197432
1102113 1396266
1197432 1396266
38138 1231572
38138 1520548
1231572 1520548
513087 963580
58344 866262
398298 432785
1382108 1463866
552669 1194397
552669 1396266
1194397 1396266
851067 1265226
371885 1465557
30009 242626
279003 902203
1124143 1387597
684000 1323393
457170 575200
457170 1224188
575200 1224188
802597 1055390
802597 1055390
124362 626166
735516 1413576
71505 1393639
536448 794324
289103 563810
289103 1176407
289103 1309125
563810 1176407
563810 1309125
1176407 1309125
1260423 1276921
394892 448208
394892 464744
394892 689424
394892 1175189
394892 1492153
448208 464744
448208 689424
448208 1175189
448208 1492153
464744 689424
464744 1175189
464744 1492153
689424 1175189
689424 1492153
1175189 1492153
896798 1268834
305815 370509
305815 570484
370509 570484
764295 793201
241406 414965
286506 945298
286506 945298
540829 1533400
94103 244918
94103 560917
94103 587487
244918 560917
244918 587487
560917 587487
150919 181303
150919 672383
181303 672383
269436 1036155
381036 531704
381036 1458374
531704 1458374
187185 1254968
187185 1473294
1254968 1473294
1228760 1229918
341879 943706
341879 943706
254028 1047642
548432 1174570
548432 1488525
1174570 1488525
478378 1236482
478378 1538948
1236482 1538948
654310 1013971
75117 953788
456592 1367255
99828 365791
99828 365791
99828 556247
151479 1441230
69452 407957
69452 407957
478378 1051492
659609 804988
294607 710301
1040129 1437391
361186 1063323
207199 470896
240372 1516909
557486 1008834
295163 1435509
329677 544181
329677 679972
544181 679972
616124 719420
239985 320876
320122 1191050
320122 1300258
1191050 1300258
435561 962486
435561 1518581
962486 1518581
285831 1313227
