472888 511002
111310 874041
99828 556247
699399 806065
677251 1340245
536448 794324
1236461 1295759
536448 794324
256925 1131119
256925 1538017
1131119 1538017
481092 574805
119942 271696
119942 1371058
271696 1371058
924145 1526457
119942 519503
119942 1183869
519503 1183869
117981 322598
117981 413917
117981 457924
117981 664341
322598 413917
322598 457924
322598 664341
413917 457924
413917 664341
457924 664341
269111 569153
46099 889056
451886 976589
337913 703648
483321 1285464
299780 522281
253028 896862
631108 754671
46711 305029
247012 823189
206259 625840
206259 1196743
625840 1196743
196648 518220
744234 1354849
744234 1354849
495462 1221996
473021 505836
695363 877927
695363 889056
695363 1295213
877927 889056
877927 1295213
889056 1295213
695363 877927
695363 889056
695363 1295213
877927 889056
877927 1295213
889056 1295213
7875 667800
910046 989911
444135 1476032
37017 967343
107107 264156
107107 877076
264156 877076
878657 1079717
1169919 1440545
454379 859575
454379 970536
859575 970536
454379 859575
454379 970536
859575 970536
513087 963580
513087 1341858
963580 1341858
366100 1268259
35139 121484
676588 829068
660549 1045973
555196 867988
329671 992950
279782 648776
220130 790476
220130 1496177
790476 1496177
747787 792901
28067 46971
28067 373869
28067 493896
46971 373869
46971 493896
373869 493896
539725 705288
2086 383507
244088 834060
243781 1208991
253734 290647
962216 1464590
590293 658026
536448 794324
309250 1536924
1252139 1253990
188165 1486013
477351 833335
619089 1122642
143467 877368
15458 60096
15458 1161704
15458 1477087
60096 1161704
60096 1477087
1161704 1477087
182311 563810
182311 1309125
563810 1309125
450557 1015478
450557 1244845
450557 1518696
1015478 1244845
1015478 1518696
1244845 1518696
537542 896798
15458 1398812
880251 1102687
880251 1464561
1102687 1464561
738019 1482670
729009 1197497
729009 1365694
1197497 1365694
98980 1204708
540229 1509334
6586 152004
252088 453528
252088 569435
252088 912034
453528 569435
453528 912034
569435 912034
401919 423493
401919 560370
423493 560370
75117 953788
482685 582621
1089135 1340247
663012 796302
620034 796302
56676 697614
61907 463826
61907 1143866
463826 1143866
715044 964107
99828 727467
196548 540682
478378 1538948
1236616 1288041
398298 432785
56517 1519145
137301 398604
137301 909250
137301 1264038
398604 909250
398604 1264038
909250 1264038
270652 1216129
301949 1085033
470896 855017
470896 1261527
855017 1261527
418803 433862
320302 1266144
60313 182332
60313 1142746
182332 1142746
