511002 581821
397438 771045
459747 910932
459747 916768
459747 977162
459747 1512923
910932 916768
910932 977162
910932 1512923
916768 977162
916768 1512923
977162 1512923
778396 1405980
99828 108166
99828 285859
108166 285859
127982 405937
127982 877800
127982 1225696
405937 877800
405937 1225696
877800 1225696
82504 570104
320981 1349745
46913 963489
46913 1439304
963489 1439304
536448 1052701
710301 1086348
160992 534615
111310 862469
269505 270652
4785 284622
4785 1337628
284622 1337628
205237 989963
24273 769343
322598 413917
322598 1372322
413917 1372322
662737 807087
57188 1331303
430153 528572
440196 758247
525544 889649
926017 1316159
926017 1492614
1316159 1492614
133722 275206
189279 200403
181679 274329
56572 617799
697359 1364788
697359 1364788
478378 714046
17830 194598
17830 588807
194598 588807
377016 981920
377016 1514890
981920 1514890
442745 703662
43957 1223136
371935 800507
371935 951001
800507 951001
93359 1048359
24273 194320
24273 194320
24273 194320
115222 856184
138973 1007817
138973 1447780
138973 1470476
1007817 1447780
1007817 1470476
1447780 1470476
643270 1270574
423454 799999
423454 940533
799999 940533
153323 1532210
872609 1440229
790377 1226721
93048 984961
373869 844213
206505 799045
600126 806672
303361 356110
149125 1294943
57833 149125
57833 149125
49062 877928
58207 1001320
58207 1138212
1001320 1138212
424351 500043
923552 1039776
137657 452404
137657 1206554
452404 1206554
1052729 1301893
12661 856396
99828 108166
99828 108166
99828 365791
104764 285859
53214 884142
309250 1536924
81560 241099
81560 589614
241099 589614
276331 313937
123166 941109
268430 314289
762923 920392
122924 450557
651202 878904
34395 176920
34395 1133983
34395 1209385
176920 1133983
176920 1209385
1133983 1209385
936167 1112653
554553 781969
554553 923181
554553 989337
781969 923181
781969 989337
923181 989337
310115 332042
310115 592805
332042 592805
555196 1311972
853938 881480
699584 853938
699584 1149103
853938 1149103
211526 569153
896926 916848
242245 319137
242245 571743
319137 571743
614851 1249252
1091524 1328907
479671 994785
749497 1263006
224176 840768
224176 1034390
224176 1354849
840768 1034390
840768 1354849
1034390 1354849
792446 1509105
870217 1081213
99828 889042
99828 889042
1288606 1366140
323399 536448
727467 889042
53214 791871
402579 708916
402579 1322244
402579 1338634
708916 1322244
708916 1338634
1322244 1338634
521847 1303679
550375 814657
594358 1208991
140335 582621
166978 520321
42133 465660
22247 1093341
22247 1320697
1093341 1320697
558998 994629
1437391 1500917
80040 372424
796302 1040129
291134 799767
259892 567087
1188070 1351509
113128 468835
113128 1123341
468835 1123341
765437 1147960
56676 714177
127828 322598
127828 413917
322598 413917
72693 710092
1091524 1328907
1569267 1569268
927050 145181
1193725 474515
1193725 541913
474515 541913
839305 1245617
1569273 1569274
470993 1569276
1346795 1569277
39639 1569281
39639 1569282
1569281 1569282
1135417 1569285
195289 1569287
1636733 168194
1636733 1191102
168194 1191102
378393 14130207
469430 324239
