17534 269505
17534 270652
269505 270652
215312 862897
215312 1117664
862897 1117664
105965 1125879
105965 1450985
1125879 1450985
48278 97373
48278 1513951
97373 1513951
511002 581821
511002 1063848
511002 1076787
581821 1063848
581821 1076787
1063848 1076787
511002 581821
511002 1063848
511002 1076787
581821 1063848
581821 1076787
1063848 1076787
127982 1229250
82504 762539
82504 1359393
762539 1359393
460468 476597
460468 1368728
476597 1368728
99828 108166
412623 46913
412623 963489
46913 963489
412623 46913
412623 963489
46913 963489
402579 708916
376419 527025
376419 1404068
527025 1404068
346758 445716
460468 476597
460468 1368728
476597 1368728
264583 720060
169304 518888
169304 1268445
518888 1268445
121653 610253
564394 46913
564394 963489
46913 963489
165064 284622
197518 340686
197518 1204599
340686 1204599
149553 206241
149553 1191996
149553 1515819
206241 1191996
206241 1515819
1191996 1515819
117981 322598
117981 413917
322598 413917
483321 900436
314336 1336343
728409 1098537
728409 1098537
228526 1060438
126676 640994
126676 878767
640994 878767
27067 606552
94103 470528
62157 1044256
151048 247955
151048 719169
247955 719169
1874 475962
314336 1236631
719795 1354849
60899 1323173
14401 91115
14401 998746
91115 998746
161999 886316
640535 1233637
806104 1508005
121484 1354849
85566 270030
230660 896862
1323333 1456380
472142 963455
179469 194320
179469 194320
24273 194320
878657 1079717
632373 1027648
32475 576588
728359 1391292
1117687 1133940
81104 233828
81104 1521387
233828 1521387
332812 681026
332812 681026
243961 1062311
32475 576588
488747 1160061
488747 1331303
1160061 1331303
163978 1239042
163978 1371058
1239042 1371058
562465 1309125
42133 465660
24273 194320
115222 856184
274236 297741
274236 1173209
297741 1173209
800507 815422
2086 383507
202872 1486062
37936 632287
37936 1087202
37936 1503555
37936 1526606
632287 1087202
632287 1503555
632287 1526606
1087202 1503555
1087202 1526606
1503555 1526606
509175 553771
447919 542084
111813 478982
111813 1362803
478982 1362803
932358 1158906
369051 851460
668318 862003
478982 862003
287435 706611
69744 88391
69744 368982
88391 368982
73536 277419
259105 1019335
179984 1182799
39639 62491
39639 62491
104764 285859
104764 711859
285859 711859
889969 1249705
91115 377857
320981 1067096
320122 1300258
429176 1188293
429176 1385871
1188293 1385871
117573 596592
51395 656229
369056 527158
6714 179984
356787 618923
356787 1248073
618923 1248073
478078 489046
579873 747787
87380 747787
368982 502940
368982 833230
502940 833230
368982 502940
368982 833230
502940 833230
402761 584889
17534 270652
936167 1060993
936167 1412108
1060993 1412108
671211 1237797
671211 1414555
1237797 1414555
1301151 1324775
193384 1051477
193384 1128965
1051477 1128965
89449 971439
2562 1073956
1019068 1080329
383892 1222765
177840 630407
177840 702538
177840 1145606
630407 702538
630407 1145606
702538 1145606
786139 909052
709059 1379347
141647 1189211
880572 1267428
198916 1092671
119836 484133
476597 1304812
617343 1333734
490750 701532
490750 1415583
701532 1415583
702931 1439893
228368 1512749
356787 779559
214747 438789
753237 1535642
99828 108166
99828 285859
108166 285859
99828 108166
99828 285859
108166 285859
676355 1091760
402579 708916
402579 1322244
708916 1322244
905157 1294815
490750 1415583
39890 924082
39890 1061137
924082 1061137
484593 705268
615995 705749
166978 520321
106451 855112
224389 331150
224389 511196
224389 1099271
331150 511196
331150 1099271
511196 1099271
478192 912273
298953 617555
298953 875752
617555 875752
162633 203557
162633 1284416
203557 1284416
99828 285859
472888 794324
412623 46913
412623 963489
46913 963489
1063662 1413295
12709 81560
12709 241099
81560 241099
910932 1512923
81560 241099
81560 1041193
241099 1041193
546093 1197029
546093 1197029
429127 796825
1144712 1402330
39654 404359
56592 489287
56592 692619
56592 1419238
489287 692619
489287 1419238
692619 1419238
245593 380991
1125001 1236048
99653 1006147
1125001 1236048
276663 1125001
1199166 1374775
81560 241099
81560 1041193
241099 1041193
81560 241099
81560 1041193
241099 1041193
304832 778137
117981 322598
117981 413917
322598 413917
13431 1288802
77802 867160
77802 1328907
867160 1328907
867160 1328907
119790 638198
119790 638198
867160 1328907
867160 1328907
74912 741613
283356 1238700
1371669 1411834
1569272 844940
1569278 944659
1058829 1569280
1058829 859848
1569280 859848
1569283 248980
49506 659229
49506 852920
659229 852920
14130209 14130210
14130214 14130215
14130307 14130308
