952337 963580
176332 439088
223220 1111197
681784 816610
681784 1482074
816610 1482074
73399 1148432
19361 1068751
35318 463038
35318 614467
35318 683726
463038 614467
463038 683726
614467 683726
1039696 1041158
155366 821274
179493 1227150
455277 591710
455277 743193
455277 1168869
455277 1432840
591710 743193
591710 1168869
591710 1432840
743193 1168869
743193 1432840
1168869 1432840
166010 212956
166010 489969
212956 489969
468781 1380518
752201 995281
912606 1049016
912606 1282793
1049016 1282793
1063662 1413295
244366 804848
118111 750620
43490 532370
591408 1295678
1101418 1142979
441835 501441
441835 1020726
501441 1020726
13143 24707
13143 382666
13143 661292
13143 1043865
24707 382666
24707 661292
24707 1043865
382666 661292
382666 1043865
661292 1043865
16703 929403
305689 540763
305689 1416998
540763 1416998
440601 1386181
81714 393075
699399 1007228
699399 1240191
1007228 1240191
652225 1022476
561401 1455357
81466 190996
81466 911725
190996 911725
195110 1201444
102992 547344
596554 1007174
319913 412623
319913 862439
412623 862439
242799 449277
242799 1515762
449277 1515762
511002 581821
460468 744233
476597 794324
476597 1513951
794324 1513951
99828 963489
99828 46913
963489 46913
99828 556247
794324 46913
794324 963489
46913 963489
17534 94281
109163 370350
476597 1368728
910932 1512923
544417 733632
544417 1343599
733632 1343599
169304 518888
536448 1052701
16102 215312
16102 1117664
215312 1117664
412623 564394
239571 391878
239571 517479
391878 517479
735516 1413576
767019 768574
582384 1384536
189313 663537
189313 1263424
663537 1263424
298117 416041
298117 1337758
416041 1337758
889056 1007174
49716 1029362
49716 1238142
1029362 1238142
129655 626769
437500 799959
1015121 1279262
431978 983587
315652 916325
221310 898629
166871 878305
613757 956791
728320 1507682
134589 1026602
505382 877368
505382 1380414
877368 1380414
729246 1510929
1302984 1509358
209732 456721
505953 1245890
180801 353560
611999 733621
38138 338606
595209 655400
324124 1230860
324124 1387422
1230860 1387422
479013 1037756
80823 1048051
60899 1323173
98124 541173
98124 694942
541173 694942
815650 1247321
193146 884439
193146 1495943
884439 1495943
201787 965680
201787 1326898
965680 1326898
121821 801271
743808 1096480
203867 1515721
108166 963489
127848 627840
561938 1142136
343741 854893
120277 977644
120277 994077
120277 1335366
977644 994077
977644 1335366
994077 1335366
543113 1064115
387806 741977
788304 947560
788304 1042040
947560 1042040
438835 1230004
9002 576766
9002 998746
576766 998746
1335782 1410696
31982 374403
31982 1211701
374403 1211701
68655 614637
352826 684957
352826 805122
352826 1270385
684957 805122
684957 1270385
805122 1270385
590469 850348
1017688 1209563
100074 314487
27067 1501668
65948 307470
65948 825437
65948 866806
65948 1244418
307470 825437
307470 866806
307470 1244418
825437 866806
825437 1244418
866806 1244418
33174 1255622
219530 1088702
710301 1511494
827184 1198216
85831 1457352
56349 1486517
354877 825437
592749 606225
606225 1288873
55414 1333614
134426 207133
134426 1127170
207133 1127170
172373 834060
202328 538863
37017 234902
4785 96342
4785 266658
96342 266658
267886 731306
267886 996795
731306 996795
363436 569597
363436 1185576
569597 1185576
289154 755293
438924 1355603
278493 348827
257637 477321
257637 602952
477321 602952
91831 148736
110893 191564
110893 247194
191564 247194
420402 899567
71963 910327
71963 1490255
910327 1490255
167984 213047
167984 591842
213047 591842
1026648 1334807
44220 1217882
93309 104049
93309 1062858
104049 1062858
20875 485000
20875 517479
485000 517479
18703 302655
854920 916781
682378 1201816
307101 608375
307101 887489
307101 944566
307101 1069862
307101 1343718
307101 1430477
608375 887489
608375 944566
608375 1069862
608375 1343718
608375 1430477
887489 944566
887489 1069862
887489 1343718
887489 1430477
944566 1069862
944566 1343718
944566 1430477
1069862 1343718
1069862 1430477
1343718 1430477
570420 979838
213047 591842
723532 1482428
71983 293419
18661 432785
438333 1029362
438333 1219908
1029362 1219908
124845 1297028
660909 1181164
165064 284622
165064 935030
284622 935030
165064 284622
49716 1048018
736950 1293773
417051 961377
124367 293418
124367 376884
124367 478378
124367 481092
124367 488428
124367 574805
124367 819972
124367 897196
124367 1295759
124367 1344255
124367 1486244
293418 376884
293418 478378
293418 481092
293418 488428
293418 574805
293418 819972
293418 897196
293418 1295759
293418 1344255
293418 1486244
376884 478378
376884 481092
376884 488428
376884 574805
376884 819972
376884 897196
376884 1295759
376884 1344255
376884 1486244
478378 481092
478378 488428
478378 574805
478378 819972
478378 897196
478378 1295759
478378 1344255
478378 1486244
481092 488428
481092 574805
481092 819972
481092 897196
481092 1295759
481092 1344255
481092 1486244
488428 574805
488428 819972
488428 897196
488428 1295759
488428 1344255
488428 1486244
574805 819972
574805 897196
574805 1295759
574805 1344255
574805 1486244
819972 897196
819972 1295759
819972 1344255
819972 1486244
897196 1295759
897196 1344255
897196 1486244
1295759 1344255
1295759 1486244
1344255 1486244
85566 300192
85566 300192
66565 117981
66565 322598
66565 413917
117981 322598
117981 413917
322598 413917
659709 683402
659709 889258
683402 889258
483321 628142
483321 900436
70508 600171
454379 531049
478761 1288123
8477 1413295
133722 485029
346120 1127726
346120 1453058
1127726 1453058
60899 1323173
206241 899567
324932 717620
1119182 1242847
435368 1354849
635497 885962
100955 1305490
100955 1537452
1305490 1537452
1018869 1248781
601136 1085641
601136 1209747
1085641 1209747
348900 785709
348900 974158
785709 974158
899448 1002377
202548 343821
202548 392897
202548 1033532
343821 392897
343821 1033532
392897 1033532
161999 601136
836116 1501087
788304 947560
788304 1042040
947560 1042040
1117687 1133940
454379 859575
68607 170719
17617 507180
17617 746043
17617 886088
17617 1125042
17617 1131177
507180 746043
507180 886088
507180 1125042
507180 1131177
746043 886088
746043 1125042
746043 1131177
886088 1125042
886088 1131177
1125042 1131177
546955 601260
49677 1008586
327770 1008323
327770 1167431
327770 1504398
1008323 1167431
1008323 1504398
1167431 1504398
276721 996590
740898 1140833
432785 897599
248546 482851
575253 988627
575253 1170162
575253 1470811
988627 1170162
988627 1470811
1170162 1470811
215436 644415
215436 988627
215436 1470811
644415 988627
644415 1470811
988627 1470811
352645 522914
352645 1519145
522914 1519145
508635 1220182
926467 943169
791083 1441713
369051 1455895
354959 734947
311514 411296
311514 1337628
411296 1337628
377107 1113068
412623 862439
412623 963489
862439 963489
121653 1200681
107178 127823
923552 1039776
270840 821276
421846 1024612
421846 1206811
1024612 1206811
1235028 1411839
230433 775697
359123 720057
37098 1292113
39639 62491
99828 285859
99828 365791
121653 1200681
285859 711859
412623 963489
52098 240568
52098 1471314
240568 1471314
93052 995154
1148482 1510184
58084 100135
31281 1304155
801327 1335817
825705 1061704
51817 1350519
1191102 1265942
396955 478074
396955 478074
116388 1312174
196119 1425930
134409 650580
134409 1261621
134409 1477674
650580 1261621
650580 1477674
1261621 1477674
72873 602451
1155180 1464590
269505 270652
278324 376386
91247 896779
2256 607645
547507 748335
547507 881723
748335 881723
282203 547507
122328 421086
122328 534891
122328 939771
122328 1185213
421086 534891
421086 939771
421086 1185213
534891 939771
534891 1185213
939771 1185213
34213 176619
669275 821218
426833 967993
426833 979214
967993 979214
666918 1059264
1218468 1495643
21457 1037106
324209 371343
324209 1375146
371343 1375146
441971 1114622
441971 1301055
1114622 1301055
171834 314145
669458 897759
669458 1300357
897759 1300357
238741 724706
635190 865242
635190 1056756
865242 1056756
484847 560918
94103 244918
94103 560917
244918 560917
49908 470674
49908 585955
470674 585955
46888 176301
777967 879611
683509 1142122
566824 637675
319447 562925
351345 571805
351345 686273
571805 686273
65727 322598
867160 1328907
496844 1267428
94148 341132
137045 422285
137045 422285
621902 1322184
621902 1337961
1322184 1337961
1201923 1512749
1063662 1413295
698935 1211729
621902 1322184
121561 1354311
99828 285859
241555 896862
794324 1324013
412623 963489
412623 963489
490750 1415583
137511 441704
137511 1095094
441704 1095094
536448 1052701
705749 1459914
191811 582022
259030 474770
683509 1142122
721810 811162
87864 514790
721346 734198
490009 569190
490009 629880
490009 1496127
569190 629880
569190 1496127
629880 1496127
460468 476597
104764 112261
104764 218413
104764 285859
104764 303646
104764 628542
104764 983033
112261 218413
112261 285859
112261 303646
112261 628542
112261 983033
218413 285859
218413 303646
218413 628542
218413 983033
285859 303646
285859 628542
285859 983033
303646 628542
303646 983033
628542 983033
99828 556247
412623 963489
625023 1208991
169304 518888
44255 1208795
365632 1191335
698935 1211729
372424 1036881
1109645 1304517
1109645 1479806
1304517 1479806
567087 1536728
381287 581214
515064 1407358
515064 1407358
412623 862439
75873 1490626
460468 476597
460468 1368728
476597 1368728
460468 744233
99828 556247
200186 882464
795544 1312196
337475 785361
179984 1144712
190821 981920
190821 1514890
981920 1514890
533965 625231
213123 600668
42133 465660
103589 741613
284066 1147960
35539 763761
484935 939515
271144 662139
13431 1288802
13431 1288802
161137 430512
1636725 673550
14130296 14130297
14130296 14130298
14130297 14130298
14130301 14130302
14130301 14130303
14130302 14130303
