13044 850537
703109 708916
511002 581821
511002 1056387
581821 1056387
17263 665557
819820 1413295
829093 1076787
206241 373293
206241 1364314
373293 1364314
397438 920807
68974 372163
68974 744230
68974 1368728
372163 744230
372163 1368728
744230 1368728
62491 731705
62491 1386776
731705 1386776
1540 360361
1540 1285858
360361 1285858
402579 963489
524907 555772
524907 821276
555772 821276
68974 372163
68974 744230
68974 1368728
372163 744230
372163 1368728
744230 1368728
822858 1067613
377155 763876
169369 377155
523192 1292558
552095 604016
257259 681731
97671 819387
97671 1450230
819387 1450230
224176 1183300
224176 1354849
1183300 1354849
242433 374355
738750 898239
738750 1315922
898239 1315922
557132 1312024
150184 774738
150184 1097258
150184 1365952
774738 1097258
774738 1365952
1097258 1365952
88078 1537132
53352 877368
276627 352352
276627 403041
276627 1040091
352352 403041
352352 1040091
403041 1040091
628538 737631
628538 931038
737631 931038
1403 66419
1403 774379
1403 1115074
66419 774379
66419 1115074
774379 1115074
285705 1017800
285705 1448006
1017800 1448006
686711 890433
213249 454660
213249 496875
213249 1171293
213249 1337758
454660 496875
454660 1171293
454660 1337758
496875 1171293
496875 1337758
1171293 1337758
582222 592284
128324 501009
367489 394721
367489 554051
367489 1105767
367489 1379699
394721 554051
394721 1105767
394721 1379699
554051 1105767
554051 1379699
1105767 1379699
20875 214045
20875 787908
214045 787908
176732 274520
501238 569744
501238 1135417
569744 1135417
355077 1413295
223085 572240
65110 343457
65110 368299
65110 749045
65110 843699
65110 922293
343457 368299
343457 749045
343457 843699
343457 922293
368299 749045
368299 843699
368299 922293
749045 843699
749045 922293
843699 922293
338214 705268
40201 694766
18712 744298
18712 890049
18712 1182977
18712 1190125
18712 1289809
744298 890049
744298 1182977
744298 1190125
744298 1289809
890049 1182977
890049 1190125
890049 1289809
1182977 1190125
1182977 1289809
1190125 1289809
810851 1268538
611999 613831
611999 655775
613831 655775
1000835 1381497
823362 999486
823362 1227068
999486 1227068
289154 1266022
82196 101507
82196 770321
101507 770321
456530 1227864
162933 450862
662985 668768
662985 981389
668768 981389
335203 615497
19863 997872
19863 1437527
997872 1437527
88882 268707
88882 923436
268707 923436
59056 398703
59056 611176
59056 970984
59056 1249133
398703 611176
398703 970984
398703 1249133
611176 970984
611176 1249133
970984 1249133
84261 871308
911577 1138378
519406 534437
608447 1088040
303051 625049
303051 753782
303051 981663
303051 1285668
625049 753782
625049 981663
625049 1285668
753782 981663
753782 1285668
981663 1285668
815334 1251668
336092 1385038
66618 178127
66618 642678
66618 670333
178127 642678
178127 670333
642678 670333
691818 705268
691818 791495
691818 1504542
691818 1513461
705268 791495
705268 1504542
705268 1513461
791495 1504542
791495 1513461
1504542 1513461
788304 947560
788304 1042040
947560 1042040
41770 74831
41770 963489
74831 963489
137460 229060
137460 1204253
229060 1204253
302225 859156
302225 1120055
859156 1120055
764617 1526695
180 351362
139388 1351137
538515 1386986
248809 561854
248809 1226617
561854 1226617
1402722 1424631
205746 583782
205746 1063662
583782 1063662
821304 911006
249069 1181719
586584 620497
586584 1199252
620497 1199252
909052 983017
154998 545406
154998 827184
545406 827184
331459 538275
331459 727162
331459 962335
331459 1306081
538275 727162
538275 962335
538275 1306081
727162 962335
727162 1306081
962335 1306081
411140 503199
411140 893152
411140 1515715
503199 893152
503199 1515715
893152 1515715
261148 323713
261148 1008507
261148 1257095
323713 1008507
323713 1257095
1008507 1257095
165237 205466
165237 461133
165237 1118549
205466 461133
205466 1118549
461133 1118549
154943 427189
357132 1081285
137795 535198
815161 893799
372666 962806
42133 846693
23478 123822
765825 1081283
516758 1247877
41170 569131
802535 1182877
667586 1317853
56754 149553
56754 708252
56754 742301
56754 1048359
56754 1133966
56754 1227068
56754 1442253
149553 708252
149553 742301
149553 1048359
149553 1133966
149553 1227068
149553 1442253
708252 742301
708252 1048359
708252 1133966
708252 1227068
708252 1442253
742301 1048359
742301 1133966
742301 1227068
742301 1442253
1048359 1133966
1048359 1227068
1048359 1442253
1133966 1227068
1133966 1442253
1227068 1442253
447330 1308060
461603 526733
461603 530321
461603 671160
526733 530321
526733 671160
530321 671160
452404 945679
427189 1499405
147192 681308
147192 1160528
147192 1399305
681308 1160528
681308 1399305
1160528 1399305
177162 647762
177162 831725
177162 1053185
647762 831725
647762 1053185
831725 1053185
528952 561007
528952 1194840
561007 1194840
49716 518062
192960 843997
192960 1490811
843997 1490811
96696 226836
96696 249077
226836 249077
218934 606354
458470 1471103
811162 1345293
375272 1099631
803425 829403
82339 1205977
57468 130013
57468 239457
57468 351609
57468 453568
57468 561007
57468 569597
57468 899567
57468 1124107
57468 1322808
130013 239457
130013 351609
130013 453568
130013 561007
130013 569597
130013 899567
130013 1124107
130013 1322808
239457 351609
239457 453568
239457 561007
239457 569597
239457 899567
239457 1124107
239457 1322808
351609 453568
351609 561007
351609 569597
351609 899567
351609 1124107
351609 1322808
453568 561007
453568 569597
453568 899567
453568 1124107
453568 1322808
561007 569597
561007 899567
561007 1124107
561007 1322808
569597 899567
569597 1124107
569597 1322808
899567 1124107
899567 1322808
1124107 1322808
325714 605168
325714 861197
605168 861197
822361 1063826
75966 324780
75966 580996
75966 680453
324780 580996
324780 680453
580996 680453
1403 224218
84502 133495
84502 1286655
133495 1286655
393901 445015
191571 687612
191571 1442615
687612 1442615
44524 989883
764368 1109425
582374 827940
582374 1424240
827940 1424240
148286 396756
256793 1365166
256793 1411621
1365166 1411621
200412 263600
200412 384486
263600 384486
223085 572240
223085 702246
572240 702246
408205 544649
408205 719912
408205 772957
408205 927813
544649 719912
544649 772957
544649 927813
719912 772957
719912 927813
772957 927813
130013 239457
130013 453568
130013 561007
130013 569597
130013 899567
130013 1322808
130013 1510066
239457 453568
239457 561007
239457 569597
239457 899567
239457 1322808
239457 1510066
453568 561007
453568 569597
453568 899567
453568 1322808
453568 1510066
561007 569597
561007 899567
561007 1322808
561007 1510066
569597 899567
569597 1322808
569597 1510066
899567 1322808
899567 1510066
1322808 1510066
453568 899567
269345 430550
398703 778129
294607 920073
294607 1336851
920073 1336851
317016 391037
317016 822796
317016 915137
391037 822796
391037 915137
822796 915137
256793 1411621
745814 802631
745814 1159417
745814 1302979
802631 1159417
802631 1302979
1159417 1302979
25914 105219
25914 582374
105219 582374
879627 961341
879627 1429383
961341 1429383
288445 707666
288445 923626
707666 923626
541422 751317
364527 428424
561007 569597
235846 935723
235846 1123722
935723 1123722
89316 1188871
1188871 1391091
56909 268283
56909 1283926
268283 1283926
383694 659611
592 38040
592 27000
236196 1225882
317016 503253
745814 1032547
133493 393710
166299 1186468
91888 303051
91888 680418
91888 709839
91888 1520614
303051 680418
303051 709839
303051 1520614
680418 709839
680418 1520614
709839 1520614
40443 68031
1007444 1258459
355589 816569
76104 498065
76104 725598
76104 738323
76104 1149291
498065 725598
498065 738323
498065 1149291
725598 738323
725598 1149291
738323 1149291
182712 677440
182712 771185
677440 771185
24369 1476712
24369 1476712
575200 1473909
1334285 1536687
93309 424458
99732 178216
459353 818210
761193 901175
761193 901175
720865 835257
619121 1413295
363154 915894
483321 500988
483321 737572
483321 900436
500988 737572
500988 900436
737572 900436
57922 1247922
57922 1525115
1247922 1525115
338606 1165896
96633 339224
608784 654905
608784 777693
654905 777693
412623 862439
373293 927373
373293 794324
99828 1454952
470814 1118593
470814 1248073
1118593 1248073
437964 904153
1247877 1530532
4397 1105875
4397 1447803
1105875 1447803
284622 1000239
284622 1312526
1000239 1312526
488489 683498
34294 587554
642686 1455898
432785 1413295
34885 461978
595851 939610
705546 710181
705546 1173914
710181 1173914
514790 1461898
269345 430550
624132 848675
656263 1349442
301949 430550
317016 503253
317016 822796
503253 822796
133493 393710
245661 1314376
349450 389934
349450 842421
389934 842421
55606 105466
55606 161334
55606 270249
105466 161334
105466 270249
161334 270249
52125 677251
1119950 1399487
637895 1293181
422852 469658
54935 256360
54935 569387
54935 989302
256360 569387
256360 989302
569387 989302
54935 989302
54935 989302
762533 888567
762533 1359393
888567 1359393
72442 95421
72442 139912
72442 742301
72442 789216
72442 831118
95421 139912
95421 742301
95421 789216
95421 831118
139912 742301
139912 789216
139912 831118
742301 789216
742301 831118
789216 831118
715707 862732
95993 1409410
342181 1372790
342181 1443216
1372790 1443216
122905 566822
854908 1314441
854908 1444382
1314441 1444382
201892 1470087
532375 1063232
144399 628542
616203 1513566
109437 970102
52872 227057
19669 289027
19669 1404581
289027 1404581
29165 128328
93309 224182
93309 644941
224182 644941
843997 1315922
442176 483118
218920 955980
218920 955980
420402 452713
431166 488428
431166 1066884
488428 1066884
478761 1093222
26822 158206
230433 975770
234461 667587
234461 1534542
667587 1534542
353542 514790
431721 514790
879321 1442374
331185 430153
331185 1022469
331185 1190302
430153 1022469
430153 1190302
1022469 1190302
136210 382248
70508 222722
451706 603140
724706 1136826
27126 112731
276619 1255366
73816 1102523
494453 540162
494453 684100
494453 1000766
494453 1012562
494453 1069151
540162 684100
540162 1000766
540162 1012562
540162 1069151
684100 1000766
684100 1012562
684100 1069151
1000766 1012562
1000766 1069151
1012562 1069151
497375 1508879
205367 331157
205367 399766
205367 1204047
331157 399766
331157 1204047
399766 1204047
105469 707339
105469 734653
707339 734653
319377 326584
449737 783028
500850 654667
932947 1366375
672473 1170403
318637 491065
14801 1195797
607645 863562
332961 1294943
756708 1162003
1082068 1284991
1082068 1536143
1284991 1536143
450629 478761
734921 1130159
384472 449737
81678 981168
157218 1139467
65895 1247829
165064 284622
3505 121012
3505 391878
121012 391878
927004 1298152
293285 570109
469671 1197161
1270391 1491559
1270391 1502768
1491559 1502768
1206233 1260827
13848 290703
13848 534576
13848 835189
290703 534576
290703 835189
534576 835189
202034 376977
202034 417115
376977 417115
165064 284622
165064 874267
284622 874267
165064 284622
165064 874267
165064 1312526
284622 874267
284622 1312526
874267 1312526
957070 1069999
297978 1247321
533397 808473
533397 1413295
808473 1413295
478982 1081447
478982 1362803
1081447 1362803
1236615 1518899
1397795 1450631
228083 443088
228083 443088
412623 862439
390404 593879
259105 291982
66883 314291
66883 651673
314291 651673
490934 821276
216559 343181
505723 1484759
80419 1517556
482685 730914
783169 788383
88066 1492352
72693 248994
431721 1461898
51817 1350519
227851 491198
227851 491198
825705 1159502
315039 744824
175477 576650
194828 267354
194828 578081
267354 578081
216559 995173
861687 1073955
319775 670847
319775 840656
319775 850390
319775 1181940
670847 840656
670847 850390
670847 1181940
840656 850390
840656 1181940
850390 1181940
603576 919319
41599 266518
41599 461043
266518 461043
89756 462852
89756 1192582
89756 1462630
462852 1192582
462852 1462630
1192582 1462630
43347 130043
43347 154873
43347 394944
43347 573871
43347 1230343
130043 154873
130043 394944
130043 573871
130043 1230343
154873 394944
154873 573871
154873 1230343
394944 573871
394944 1230343
573871 1230343
461544 767898
461544 1343723
461544 1399971
767898 1343723
767898 1399971
1343723 1399971
291671 701266
29229 105694
29229 462080
29229 863562
29229 922623
29229 1254876
105694 462080
105694 863562
105694 922623
105694 1254876
462080 863562
462080 922623
462080 1254876
863562 922623
863562 1254876
922623 1254876
206612 495853
206612 1525881
495853 1525881
195996 1122497
355018 966094
202382 289134
202382 338733
202382 441347
202382 443492
202382 717076
289134 338733
289134 441347
289134 443492
289134 717076
338733 441347
338733 443492
338733 717076
441347 443492
441347 717076
443492 717076
249113 487796
249113 759453
249113 911698
487796 759453
487796 911698
759453 911698
689779 1331454
317159 585112
317159 900583
317159 1013188
317159 1173209
317159 1463529
585112 900583
585112 1013188
585112 1173209
585112 1463529
900583 1013188
900583 1173209
900583 1463529
1013188 1173209
1013188 1463529
1173209 1463529
613486 786139
196045 763876
266121 1117756
266121 1324918
1117756 1324918
957070 1069999
16958 806659
74831 963489
881433 1294815
42133 846693
957070 1069999
384472 449737
384472 1302661
449737 1302661
955320 1157706
9198 209762
1175964 1457010
157218 267240
452288 606712
257965 1000148
534355 1243110
723580 881804
723580 932261
881804 932261
42316 494739
321778 349462
603409 899681
603409 1108605
899681 1108605
252944 1185266
175018 1097743
417905 1329069
589421 1272210
363154 412623
363154 862439
412623 862439
112927 371925
776995 889969
718888 1099153
35076 1421113
150398 254909
514790 1461898
421897 1409063
924082 1168636
666 285859
794324 963489
3474 808354
747974 1135406
352707 1016487
786139 924082
276737 537077
276737 537077
243474 1502833
431721 455525
42133 157352
1164048 1207311
1164048 1489463
1207311 1489463
861687 1139250
202062 511002
202062 829093
511002 829093
733632 910932
733632 1343599
733632 1512923
910932 1343599
910932 1512923
1343599 1512923
511002 581821
511002 1076787
581821 1076787
385252 433819
385252 459747
385252 755951
385252 839205
385252 916768
385252 1277156
433819 459747
433819 755951
433819 839205
433819 916768
433819 1277156
459747 755951
459747 839205
459747 916768
459747 1277156
755951 839205
755951 916768
755951 1277156
839205 916768
839205 1277156
916768 1277156
88745 1244418
88745 1384289
1244418 1384289
924575 949897
924575 1521879
949897 1521879
99828 556247
794324 992596
303646 628542
37411 992596
898239 1315922
212559 412685
484913 889042
503742 1254948
95037 183626
95037 289635
183626 289635
549243 1227157
51167 181981
399439 435258
399439 1538598
435258 1538598
2679 1334019
51619 741984
51619 1159948
741984 1159948
413295 890169
413295 1336757
413295 1350188
890169 1336757
890169 1350188
1336757 1350188
289635 1334660
869968 1318556
1112506 1495566
483775 1304812
267837 1197060
310367 491543
310367 1303289
491543 1303289
414475 1149980
461247 1509810
109179 543611
744415 800061
208759 434849
226816 813851
191420 392575
392595 1040129
54269 1394543
641792 830099
412623 862439
99828 963489
23805 447465
365108 636371
365108 664656
636371 664656
33120 362490
271376 958119
271376 1194383
958119 1194383
116650 229254
116650 981920
229254 981920
273727 283929
74334 651247
324780 605114
324780 1442522
324780 1519915
605114 1442522
605114 1519915
1442522 1519915
260076 754333
260076 1389425
754333 1389425
592 906007
1097556 1105541
235877 1391091
57750 327571
714491 796871
714491 1458129
796871 1458129
176301 864742
160568 819002
160568 1126252
819002 1126252
1476712 24369
452620 1555540
846543 1607498
565128 918720
565128 14088693
918720 14088693
319664 14088694
319664 14088695
14088694 14088695
359573 710092
1047212 129567
1315922 843997
