363154 1413295
377155 499903
18030 570501
18030 969113
570501 969113
304734 609776
41170 103520
41170 1487648
103520 1487648
183208 1322707
812473 1153575
812473 1373481
1153575 1373481
191034 796818
191034 919574
191034 1041695
191034 1226666
191034 1323808
796818 919574
796818 1041695
796818 1226666
796818 1323808
919574 1041695
919574 1226666
919574 1323808
1041695 1226666
1041695 1323808
1226666 1323808
97373 694714
97373 1399175
97373 1513946
694714 1399175
694714 1513946
1399175 1513946
39919 71128
39919 851695
71128 851695
13437 1357197
282887 938702
35222 334413
35222 363808
35222 442577
334413 363808
334413 442577
363808 442577
285859 321586
1341437 1436154
1198969 1508669
502870 569505
20044 628080
68974 275057
68974 372163
68974 744230
68974 1368728
275057 372163
275057 744230
275057 1368728
372163 744230
372163 1368728
744230 1368728
56205 610253
552095 604016
120738 1444269
37080 245827
37080 450146
37080 1041539
37080 1227280
245827 450146
245827 1041539
245827 1227280
450146 1041539
450146 1227280
1041539 1227280
387380 935628
387380 1375664
935628 1375664
394630 1087318
394630 1479310
1087318 1479310
605918 1076075
56754 145609
56754 166485
56754 1149869
145609 166485
145609 1149869
166485 1149869
877751 1423905
432607 1289312
241149 1053823
272391 641215
899435 1007171
607772 766193
607772 982023
766193 982023
363808 895860
566985 805009
911066 1003094
216230 706911
690306 917091
690306 1046076
690306 1339971
917091 1046076
917091 1339971
1046076 1339971
360698 371806
360698 1246031
360698 1328826
371806 1246031
371806 1328826
1246031 1328826
110101 461039
110101 740149
110101 850148
461039 740149
461039 850148
740149 850148
53153 399987
53153 642777
53153 1202228
53153 1308836
399987 642777
399987 1202228
399987 1308836
642777 1202228
642777 1308836
1202228 1308836
72361 547711
54275 1029661
87343 622429
87343 1433556
622429 1433556
1188025 1453708
307491 412782
307491 598334
412782 598334
66311 1117991
129775 1475683
257780 439331
130742 1010869
1218770 1283648
1218770 1350346
1283648 1350346
116137 993165
468379 600415
468379 707973
468379 722238
600415 707973
600415 722238
707973 722238
356047 1217279
656006 1473498
1175900 1367383
2682 967591
2682 1292116
967591 1292116
39005 785755
568060 937887
933840 1072654
933840 1175900
1072654 1175900
1078 433352
1078 1287745
433352 1287745
438925 732284
516120 679719
516120 1324776
679719 1324776
250385 1023146
213773 923213
213773 1466037
923213 1466037
117276 1306767
474302 1424283
78831 79917
78831 1141199
79917 1141199
22906 945762
372470 1205035
417363 462408
125344 845326
125344 938675
845326 938675
453778 1104595
300833 748730
300833 820378
300833 1206215
748730 820378
748730 1206215
820378 1206215
839559 1322808
275781 345100
275781 399766
275781 508122
275781 572522
275781 869980
275781 1011161
275781 1204047
345100 399766
345100 508122
345100 572522
345100 869980
345100 1011161
345100 1204047
399766 508122
399766 572522
399766 869980
399766 1011161
399766 1204047
508122 572522
508122 869980
508122 1011161
508122 1204047
572522 869980
572522 1011161
572522 1204047
869980 1011161
869980 1204047
1011161 1204047
177441 295799
177441 314288
177441 679159
177441 722677
177441 777956
177441 981618
295799 314288
295799 679159
295799 722677
295799 777956
295799 981618
314288 679159
314288 722677
314288 777956
314288 981618
679159 722677
679159 777956
679159 981618
722677 777956
722677 981618
777956 981618
384486 1529675
200412 1397426
223085 621370
424420 482542
424420 1188225
424420 1513699
482542 1188225
482542 1513699
1188225 1513699
240060 428161
275781 1468521
658906 741101
658906 1465081
741101 1465081
356497 1018102
705546 1516286
4556 14989
4556 70317
4556 490264
14989 70317
14989 490264
70317 490264
294607 561007
294607 920073
294607 1217187
561007 920073
561007 1217187
920073 1217187
42058 138446
42058 189584
138446 189584
48279 219179
48279 593857
219179 593857
9361 9561
244513 1248073
229040 845542
898239 945024
898239 1278132
898239 1315922
945024 1278132
945024 1315922
1278132 1315922
179857 1439297
25914 105219
25914 582374
105219 582374
521246 525111
471633 584065
471633 746625
584065 746625
462791 636899
462791 1154903
462791 1212135
636899 1154903
636899 1212135
1154903 1212135
137795 535198
137795 1399445
535198 1399445
325118 736264
325118 1476712
736264 1476712
336280 537077
336280 639399
336280 894403
537077 639399
537077 894403
639399 894403
201142 805651
55797 118976
55797 1528199
118976 1528199
1322808 1481879
262363 1206554
22990 1128136
22990 1128141
1128136 1128141
871268 1027809
4556 57010
4556 70317
4556 490264
4556 748102
57010 70317
57010 490264
57010 748102
70317 490264
70317 748102
490264 748102
76627 91724
15412 411323
15412 555301
15412 892009
411323 555301
411323 892009
555301 892009
446520 466821
320585 954103
879354 1043409
268283 1361883
268283 295640
268283 1538552
295640 1538552
247328 1217187
1123757 1516286
1033704 1408594
1033704 1421150
1408594 1421150
963580 1123757
963580 1516286
1123757 1516286
235877 1391091
235877 1468584
1391091 1468584
317016 503253
317016 822796
503253 822796
171504 805233
662688 899567
216033 995757
21384 598334
307491 412782
58871 990679
58871 1190156
990679 1190156
254319 582472
896000 1250572
896000 1482242
1250572 1482242
173154 270255
173154 704635
270255 704635
598334 1516694
280181 747251
312471 939910
186916 989255
51459 412900
266608 1517352
563530 590105
563530 828647
563530 1273089
590105 828647
590105 1273089
828647 1273089
755679 838536
378353 770287
378353 1198458
770287 1198458
502717 820932
254057 945808
254057 1262563
945808 1262563
294607 920073
382251 580796
285473 378353
285473 838536
285473 898990
378353 838536
378353 898990
838536 898990
356179 945808
14454 655317
449581 526519
122226 463038
594671 659538
945808 1262563
945808 1538796
1262563 1538796
346719 1086204
36708 782310
13057 436801
13057 616393
436801 616393
460970 1339467
535198 727869
570501 969113
975258 1146103
162651 1353714
725264 1020720
912474 1077887
248242 1201043
207695 1381925
604016 674176
70003 623962
181082 412623
181082 862439
181082 1135406
412623 862439
412623 1135406
862439 1135406
360127 744231
285859 321586
348242 488393
412623 583884
48279 219179
48279 282822
48279 335913
48279 593857
48279 973798
48279 1023971
219179 282822
219179 335913
219179 593857
219179 973798
219179 1023971
282822 335913
282822 593857
282822 973798
282822 1023971
335913 593857
335913 973798
335913 1023971
593857 973798
593857 1023971
973798 1023971
356198 1126733
291207 1124207
291207 1126733
1124207 1126733
37483 222344
843997 1240191
141790 381647
141790 488839
141790 1317196
381647 488839
381647 1317196
488839 1317196
842123 1303149
474663 891708
786590 957035
616540 786590
88521 411846
88521 1142122
411846 1142122
254057 945808
254057 1262563
945808 1262563
17830 512053
17830 787961
512053 787961
1110905 1221585
363154 388304
363154 784376
388304 784376
378353 488839
378353 1474574
488839 1474574
355077 827558
355077 1413295
827558 1413295
80540 336061
80540 1155180
336061 1155180
141246 418905
141246 505683
418905 505683
626013 866482
245199 1093941
421688 422665
337364 815503
337364 1187181
815503 1187181
412623 862439
412623 46913
412623 963489
862439 46913
862439 963489
46913 963489
8854 310334
169369 744230
334822 747972
334822 786232
334822 1135406
747972 786232
747972 1135406
786232 1135406
46913 963489
46913 1516992
963489 1516992
536448 1052701
536448 1281750
1052701 1281750
1212681 525075
1212681 744230
1212681 1368728
525075 744230
525075 1368728
744230 1368728
68973 169369
68973 1368728
169369 1368728
188102 564394
188102 1074048
564394 1074048
583684 946344
643214 1069028
643214 1479693
1069028 1479693
681443 761499
49716 1205739
154998 256003
154998 257400
256003 257400
240987 308356
240987 673550
308356 673550
240987 673550
121653 829093
707973 739505
707973 1077034
707973 1094356
707973 1200346
739505 1077034
739505 1094356
739505 1200346
1077034 1094356
1077034 1200346
1094356 1200346
705218 954924
149125 1294943
73314 765637
175477 1026582
325118 736264
325118 1476712
736264 1476712
812240 1505314
56909 183008
56909 268283
183008 268283
528967 1309853
765785 1205052
44341 815140
101759 242310
139188 302508
796664 1007755
377091 1366542
886316 1439297
483321 593879
249250 1501456
1180788 1318062
649834 665557
649834 904708
665557 904708
178403 726959
230660 874351
230660 896862
874351 896862
470528 664040
104114 692316
104114 876697
104114 1270874
692316 876697
692316 1270874
876697 1270874
73342 363154
204735 366849
173641 949309
175541 249070
175541 773246
175541 1063058
249070 773246
249070 1063058
773246 1063058
124024 899567
28356 560266
546431 1024577
546431 1115354
1024577 1115354
202173 206372
203931 1093303
582483 1383507
582483 1434512
1383507 1434512
57073 930192
57073 1036221
930192 1036221
74683 664182
52872 624697
52872 1030082
624697 1030082
74831 963489
385084 452924
323549 635750
323549 1195567
635750 1195567
1436406 1514638
50638 1344761
50638 1438219
1344761 1438219
92989 347966
553194 606552
1107371 1186976
908926 974079
291510 928621
263872 651219
66095 482542
73314 291606
73314 403403
73314 1315922
291606 403403
291606 1315922
403403 1315922
697656 1121883
42133 504514
198160 475176
255285 502870
255285 569505
502870 569505
392695 821304
1013364 1188293
1013364 1293608
1013364 1385871
1013364 1404326
1188293 1293608
1188293 1385871
1188293 1404326
1293608 1385871
1293608 1404326
1385871 1404326
6375 474635
313804 1406678
1025843 1154146
263301 750397
234461 1534542
321749 1216528
707992 720865
496770 514790
127982 378353
42133 1238342
81847 854046
163235 933717
171182 731705
171182 1457893
731705 1457893
37943 219822
37943 547542
219822 547542
1077138 1218334
1077138 1222082
1218334 1222082
141493 360592
208287 458453
1272533 1322002
203627 371059
203627 790145
203627 942185
371059 790145
371059 942185
790145 942185
84500 718172
48996 1320380
672873 1084050
49716 385625
49716 385625
59089 1184956
45110 272039
45110 1479443
272039 1479443
194320 740002
194320 959115
740002 959115
1052906 1112744
949450 1046432
1290473 1536143
825593 835619
301332 398936
301332 786723
398936 786723
310479 359914
8465 261104
83822 103944
83822 874903
103944 874903
83822 103944
83822 874903
103944 874903
249802 632249
249802 977162
632249 977162
560918 1207054
62391 920775
62391 1239829
920775 1239829
846298 1239450
312962 1101594
160395 394811
160395 568421
394811 568421
130683 500850
669664 996372
120243 447198
17002 721180
598466 1108686
957070 1069999
154998 432785
972991 1502378
1051831 1121882
229779 618938
32899 258065
94103 146278
406727 1323393
457878 746213
457878 1024527
746213 1024527
191767 766735
191767 862003
191767 1257318
766735 862003
766735 1257318
862003 1257318
13558 1431625
568176 978480
568176 1337231
978480 1337231
369056 527158
74921 1530207
74921 1530207
194828 267354
194828 578081
267354 578081
9865 896091
412623 1112987
538764 1049460
73979 347887
260836 368438
192206 214773
592436 746094
570501 969113
121994 568029
263882 1354513
99828 1454952
65661 1353714
269953 1290969
87931 211614
98083 842291
98083 1454814
842291 1454814
433614 821889
838721 1523307
7671 1385978
910932 1523070
228250 293421
135605 1086465
107178 752003
107178 890228
752003 890228
99156 722289
429838 1525597
583630 1138966
706611 731607
259105 394224
405115 422056
405115 488839
405115 678581
405115 1078721
422056 488839
422056 678581
422056 1078721
488839 678581
488839 1078721
678581 1078721
447487 1502607
762923 920392
880251 1464561
145551 223378
145551 882653
145551 1193003
223378 882653
223378 1193003
882653 1193003
128157 536288
973606 1007378
268361 926407
784 1105901
825478 1202712
1260176 1392943
921767 1426345
305432 1194089
514190 608116
448095 494873
2276 850760
985339 1233491
1112257 1263231
676142 1173209
9512 13615
9512 464694
9512 1062858
13615 464694
13615 1062858
464694 1062858
9512 13615
9512 464694
9512 1062858
13615 464694
13615 1062858
464694 1062858
9512 13615
9512 464694
9512 1062858
13615 464694
13615 1062858
464694 1062858
148323 343825
1337131 1444793
248994 570501
248994 969113
570501 969113
1145116 1259871
175477 1004691
86047 881434
166819 705179
183694 1064786
457625 555055
457625 1318523
555055 1318523
300733 405390
22247 41275
22247 1054818
41275 1054818
183694 698918
183694 563359
356716 818469
42133 846693
41170 268430
945643 1413235
209762 773780
209762 1498304
773780 1498304
105109 122339
105109 278408
105109 388646
105109 454318
105109 509230
105109 824079
105109 904111
122339 278408
122339 388646
122339 454318
122339 509230
122339 824079
122339 904111
278408 388646
278408 454318
278408 509230
278408 824079
278408 904111
388646 454318
388646 509230
388646 824079
388646 904111
454318 509230
454318 824079
454318 904111
509230 824079
509230 904111
824079 904111
321794 451919
321794 1022405
451919 1022405
836305 1171809
581863 690367
581863 1000521
690367 1000521
538275 1440760
803197 1120004
310869 1493116
521226 1516119
560918 1207054
560918 1538536
1207054 1538536
321794 336597
782074 921677
308004 340566
413917 1320831
780128 884176
824480 1244734
1056797 1114975
458389 636351
122797 830363
122797 1001536
830363 1001536
37643 570104
157445 1113070
273581 961656
22247 41275
22247 1054818
41275 1054818
315039 744824
693278 698935
693278 772190
698935 772190
256652 1326391
961656 1052045
205432 1081806
271215 1511528
439337 962798
264033 1354137
22247 41275
22247 378652
22247 1054818
41275 378652
41275 1054818
378652 1054818
570104 1039652
442719 888085
442719 970682
888085 970682
50490 733299
718741 1280448
606850 1194090
788190 1340484
44272 821335
44272 1272046
821335 1272046
8429 858642
8429 1131499
858642 1131499
164984 1002100
433819 738750
433819 1315922
738750 1315922
109177 128749
41009 1413295
200642 1223522
108372 695753
896862 957635
104764 285859
331191 368851
34885 415002
527340 1530480
103519 323312
92192 210318
41170 569131
79709 1203454
128909 807054
135085 1037915
241486 537077
870914 1207311
870914 1489463
1207311 1489463
602831 792956
151958 1330874
41170 1322456
22247 41275
22247 660439
22247 1054818
22247 1353534
41275 660439
41275 1054818
41275 1353534
660439 1054818
660439 1353534
1054818 1353534
301949 557523
74831 402229
74831 510588
74831 628080
74831 881426
74831 1513946
402229 510588
402229 628080
402229 881426
402229 1513946
510588 628080
510588 881426
510588 1513946
628080 881426
628080 1513946
881426 1513946
481757 727256
829093 1076787
628542 1511130
99828 108166
285859 1381925
689546 794324
74831 46913
74831 963489
46913 963489
76714 993522
984485 1350519
534615 608784
254909 369056
236196 820080
236196 842676
820080 842676
377155 763876
788408 1393215
663012 1077727
758508 926464
572658 1124207
1439771 1445906
738271 805088
104710 554968
350843 841131
300382 1452718
529115 922628
298953 683774
549243 898040
440295 530620
440295 756607
440295 1150848
440295 1155180
440295 1476170
530620 756607
530620 1150848
530620 1155180
530620 1476170
756607 1150848
756607 1155180
756607 1476170
1150848 1155180
1150848 1476170
1155180 1476170
1218528 1476170
680418 874479
289635 860337
817088 1116872
530077 1361072
456843 1122603
537581 816909
537581 1488511
816909 1488511
537581 1193446
530620 1114799
469188 1222208
1254606 1300333
503742 1370891
310973 976869
100135 433614
100135 1339692
433614 1339692
141425 198886
1257062 1419777
172325 1407201
29170 1035398
29170 1216155
1035398 1216155
298506 775691
298506 1035398
775691 1035398
413295 1425254
470359 1304812
1345277 1513951
813851 817088
744415 800061
744415 800061
142294 712609
275057 434849
470359 1135800
636371 1046401
636371 1143674
1046401 1143674
865240 1303289
18030 969113
412623 862439
232510 823664
223993 1124632
620052 1180041
216559 1503102
564394 1474574
205213 584045
501635 581164
501635 735316
581164 735316
358453 443657
358453 988741
443657 988741
1086411 1194383
705749 885548
128280 286426
128280 305734
128280 1056858
286426 305734
286426 1056858
305734 1056858
496584 1039913
164146 413468
164146 471797
164146 1092541
164146 1160412
413468 471797
413468 1092541
413468 1160412
471797 1092541
471797 1160412
1092541 1160412
352277 654240
220594 617845
157352 847250
1378223 1505314
545716 1188871
465778 570834
465778 838400
465778 915032
570834 838400
570834 915032
838400 915032
1257555 1337596
412623 862439
431721 1010586
431721 1461898
1010586 1461898
160054 230660
786139 1168636
7018 46452
719386 731588
402579 963489
963489 1516992
74831 963489
412623 963489
255053 783169
1232170 1448804
191192 569131
169369 377155
302353 720224
300812 434156
282990 424079
282990 868113
424079 868113
520288 733271
520288 1050044
733271 1050044
428918 796871
438931 896933
45710 620035
332861 1012937
266523 528952
154059 574164
376977 417115
376977 1180535
417115 1180535
517851 1014510
5970 228970
594408 1325745
272374 1483614
156703 268617
156703 452620
156703 602451
268617 452620
268617 602451
452620 602451
141790 488839
689043 1518080
595281 988741
595281 988741
1636735 1636736
1636735 1607497
1636736 1607497
1636737 91115
1636737 21080
91115 21080
1461898 431721
