412623 862439
412623 963489
862439 963489
810293 1065128
460619 1039665
628542 1307791
829093 1022250
90841 175477
90841 1004691
175477 1004691
175477 1004691
175477 1004691
559659 1026582
683377 708941
90841 175477
75742 770131
75742 978379
75742 1320344
770131 978379
770131 1320344
978379 1320344
683803 905000
683803 1177849
683803 1345740
905000 1177849
905000 1345740
1177849 1345740
204222 1097664
640918 1003094
640918 1354660
1003094 1354660
199445 635892
199445 1034353
635892 1034353
121653 377107
121653 880331
377107 880331
121653 880331
121653 880331
121653 880331
121653 880331
310334 976335
275781 1144712
228484 442577
334413 442577
334413 648977
442577 648977
428027 1034312
124285 718069
236797 288875
83378 973606
141790 381647
141790 488839
141790 1317196
381647 488839
381647 1317196
488839 1317196
176908 888567
176908 1137748
888567 1137748
310154 1246981
424072 575319
669664 996372
57722 707994
412623 519573
412623 862439
519573 862439
108166 910932
108166 1343599
910932 1343599
99828 895559
99828 969113
895559 969113
508780 637037
508780 1144712
508780 1402330
637037 1144712
637037 1402330
1144712 1402330
230303 255653
230303 985236
255653 985236
794324 1463304
120738 412623
120738 844075
412623 844075
16786 1164203
541900 657153
541900 1050833
541900 1271153
657153 1050833
657153 1271153
1050833 1271153
536448 1052701
536448 1281750
1052701 1281750
148086 148093
148086 747197
148093 747197
1188293 1404326
1188293 1520521
1404326 1520521
446089 452691
446089 724918
446089 1526274
452691 724918
452691 1526274
724918 1526274
303659 1468084
449409 1224251
68228 676997
257247 274122
82112 414934
82112 480461
82112 627327
82112 810525
414934 480461
414934 627327
414934 810525
480461 627327
480461 810525
627327 810525
80800 1230371
1026420 1099510
1026420 1250753
1099510 1250753
593601 1197560
194713 323300
194713 1278237
194713 1380086
323300 1278237
323300 1380086
1278237 1380086
794324 1463304
726391 824964
1312735 1336026
8404 432607
8404 1289312
432607 1289312
605809 1320344
687711 810525
687711 1085604
687711 1241606
687711 1354162
810525 1085604
810525 1241606
810525 1354162
1085604 1241606
1085604 1354162
1241606 1354162
1199936 1222581
172073 325723
172073 335557
172073 558420
172073 1035820
325723 335557
325723 558420
325723 1035820
335557 558420
335557 1035820
558420 1035820
731628 946663
731628 1267375
946663 1267375
139912 935628
114779 192409
114779 1195939
192409 1195939
890941 1007171
798 89275
798 214676
89275 214676
271777 426240
271777 1528289
426240 1528289
79395 240987
662737 719149
73314 253907
73314 1061022
253907 1061022
99828 969113
724888 829093
495945 719149
9481 368495
175477 1004691
476597 583313
975258 1146103
285859 321586
285859 488393
321586 488393
618547 794324
911904 1205052
137795 535198
334554 482870
315114 334117
315114 1262902
334117 1262902
126689 443677
156043 863168
501232 573724
501232 648269
501232 868600
501232 1017987
501232 1167822
501232 1411297
501232 1452454
573724 648269
573724 868600
573724 1017987
573724 1167822
573724 1411297
573724 1452454
648269 868600
648269 1017987
648269 1167822
648269 1411297
648269 1452454
868600 1017987
868600 1167822
868600 1411297
868600 1452454
1017987 1167822
1017987 1411297
1017987 1452454
1167822 1411297
1167822 1452454
1411297 1452454
77978 361615
64139 106602
64139 346385
64139 571696
64139 693065
64139 1161434
106602 346385
106602 571696
106602 693065
106602 1161434
346385 571696
346385 693065
346385 1161434
571696 693065
571696 1161434
693065 1161434
571805 1304271
40201 207078
40201 419706
40201 694766
40201 768439
207078 419706
207078 694766
207078 768439
419706 694766
419706 768439
694766 768439
517470 536391
517470 627349
517470 828542
517470 953206
536391 627349
536391 828542
536391 953206
627349 828542
627349 953206
828542 953206
82286 212824
82286 254563
82286 554147
82286 630230
82286 706234
82286 1020079
212824 254563
212824 554147
212824 630230
212824 706234
212824 1020079
254563 554147
254563 630230
254563 706234
254563 1020079
554147 630230
554147 706234
554147 1020079
630230 706234
630230 1020079
706234 1020079
108472 912506
216083 338723
216083 736953
216083 937453
216083 1317679
338723 736953
338723 937453
338723 1317679
736953 937453
736953 1317679
937453 1317679
411535 1008827
67355 449695
176732 1173807
176732 1468456
1173807 1468456
470 377604
39889 695202
39889 851145
39889 866651
695202 851145
695202 866651
851145 866651
355077 827558
355077 1413295
827558 1413295
16020 1170395
16020 1447803
1170395 1447803
40201 357148
141790 488839
141790 602451
488839 602451
32899 94103
32899 470528
94103 470528
113038 857947
113038 1429493
857947 1429493
1057096 1277686
523329 636482
523329 684648
636482 684648
349305 1054102
349305 1333141
1054102 1333141
305734 1056858
196245 476337
7227 22539
7227 145181
7227 343457
7227 368299
7227 749045
7227 922293
7227 1227082
22539 145181
22539 343457
22539 368299
22539 749045
22539 922293
22539 1227082
145181 343457
145181 368299
145181 749045
145181 922293
145181 1227082
343457 368299
343457 749045
343457 922293
343457 1227082
368299 749045
368299 922293
368299 1227082
749045 922293
749045 1227082
922293 1227082
243284 497017
9512 311514
285853 362278
76528 124342
76528 569032
76528 1249411
124342 569032
124342 1249411
569032 1249411
154659 540682
165214 593113
686438 1499939
474977 1493436
241352 336092
241352 604040
241352 1385038
336092 604040
336092 1385038
604040 1385038
53534 1238762
638243 1015334
978376 1052775
344378 665423
344378 761517
665423 761517
18406 71899
18406 73314
71899 73314
412572 958286
470814 1248073
219530 281330
496875 1171293
345224 367506
209732 251369
209732 1112987
251369 1112987
705218 1312735
249250 957004
103519 295844
120041 348831
120041 770344
120041 892189
348831 770344
348831 892189
770344 892189
505376 1501412
427939 998721
427939 1376357
998721 1376357
60218 815161
60218 974092
815161 974092
166076 531000
166076 832284
166076 1296781
531000 832284
531000 1296781
832284 1296781
339751 1133413
339751 1483781
1133413 1483781
57010 252967
758489 1439081
174270 269497
174270 839321
174270 1005213
269497 839321
269497 1005213
839321 1005213
340364 1482113
44785 1525115
312504 870726
312504 906589
870726 906589
480579 629775
528194 1239450
303531 1506516
284186 660893
339692 1399036
127209 939551
88521 749278
88521 1142122
749278 1142122
370859 680703
370859 812723
680703 812723
292122 757715
292122 973925
292122 1214932
757715 973925
757715 1214932
973925 1214932
927 720865
1222115 1354893
268283 295640
230935 504066
819387 951662
219174 345437
261154 1304505
196888 1295759
1412835 1524998
633003 656519
99775 1306600
591415 614905
40986 298560
40986 599333
40986 752481
298560 599333
298560 752481
599333 752481
59004 1022466
210560 1055843
2682 378660
2682 961661
2682 1431431
378660 961661
378660 1431431
961661 1431431
406423 446163
440877 1039726
140432 715576
873891 1219112
644388 998324
644388 859265
207993 983526
236458 831904
411589 1129104
78796 220553
78796 502155
78796 684727
220553 502155
220553 684727
502155 684727
435045 877921
435045 1470071
877921 1470071
582576 670727
197003 960766
598334 1516694
499332 1292116
720763 1162196
807252 1143479
807252 1143479
807252 1478072
1143479 1478072
759712 1323239
760315 1085570
433352 1450143
145857 150061
27365 1137017
524737 1217994
479105 1002994
178769 238463
178769 662328
178769 1517325
238463 662328
238463 1517325
662328 1517325
945808 1247938
31208 161223
133722 991593
540096 1063081
285853 362278
188889 361174
167948 838536
33730 1114202
165641 1127387
570202 1106066
1102255 1465777
945808 1299927
945808 1538796
1299927 1538796
433710 436801
433710 466570
433710 1259122
436801 466570
436801 1259122
466570 1259122
523496 543792
593325 602540
221640 540096
221640 1063081
540096 1063081
714005 728875
183407 479105
150184 187262
270652 511002
78325 252965
179984 508780
179984 826879
179984 1144712
508780 826879
508780 1144712
826879 1144712
940670 1056502
1067367 1397175
243315 500816
404821 1429493
154998 382809
154998 396772
154998 432785
382809 396772
382809 432785
396772 432785
496875 1171293
4402 272135
4402 721180
272135 721180
37080 245827
37080 450146
37080 1041539
37080 1227280
245827 450146
245827 1041539
245827 1227280
450146 1041539
450146 1227280
1041539 1227280
359776 727869
132485 182961
349016 1201190
315114 334117
315114 1262902
334117 1262902
488081 725264
488081 769749
725264 769749
17091 247275
662737 719149
662737 1164482
719149 1164482
280288 1095825
122769 311524
73314 1061022
113038 857947
113038 1429493
857947 1429493
243284 497017
282822 843997
292532 414608
53528 1136364
48279 129891
48279 219179
48279 282822
48279 335913
48279 593857
48279 1023971
129891 219179
129891 282822
129891 335913
129891 593857
129891 1023971
219179 282822
219179 335913
219179 593857
219179 1023971
282822 335913
282822 593857
282822 1023971
335913 593857
335913 1023971
593857 1023971
945222 1064292
201464 475962
201464 914923
475962 914923
1089797 1269213
122905 513087
55651 67282
55651 416810
55651 882153
55651 1379441
67282 416810
67282 882153
67282 1379441
416810 882153
416810 1379441
882153 1379441
535434 826353
281740 524827
397118 469661
247206 349535
247206 1087318
349535 1087318
516278 725968
476131 930492
476131 1378121
930492 1378121
491846 1323804
491846 1356749
1323804 1356749
268119 535434
231182 388500
231182 496493
231182 530957
231182 1236374
388500 496493
388500 530957
388500 1236374
496493 530957
496493 1236374
530957 1236374
266472 964724
266472 1482695
964724 1482695
179088 252333
179088 252656
179088 362254
179088 890312
252333 252656
252333 362254
252333 890312
252656 362254
252656 890312
362254 890312
69255 844834
640708 667495
640708 1229401
667495 1229401
453757 1539163
230433 791189
230433 838984
791189 838984
514699 679765
1144918 1258734
16436 962325
21078 447333
21078 1228577
447333 1228577
796036 1029832
796036 1049369
1029832 1049369
648269 868600
363650 447411
363650 570637
363650 673759
447411 570637
447411 673759
570637 673759
898971 1102698
119431 786325
217757 501331
217757 927333
501331 927333
607772 766193
157680 200729
108564 637965
326611 998526
60206 443164
140119 570637
810525 820578
892367 1022382
295263 724835
880624 960674
165576 961807
103523 1078502
274988 339895
82803 819699
82803 1110360
819699 1110360
1017119 1514315
284913 838574
20899 88121
20899 431768
20899 964250
88121 431768
88121 964250
431768 964250
274988 314961
285688 775697
71749 289843
52346 886936
591880 775697
391499 394240
391499 419682
394240 419682
770034 1173396
338289 1052775
191986 1124218
367230 446809
367230 986902
367230 1187181
446809 986902
446809 1187181
986902 1187181
238113 307025
220233 235565
9512 311514
366902 664361
366902 785429
664361 785429
184393 447492
184393 1008153
447492 1008153
141790 488839
452620 901175
254057 1262563
452620 901175
947451 1054091
254057 923151
254057 980927
923151 980927
177207 348623
72733 93309
72733 214810
93309 214810
469430 1026085
351562 424460
366902 1054091
67377 169968
67377 311730
169968 311730
897510 1495936
620506 1393603
366902 1024576
368754 377155
368754 390404
368754 673550
368754 1053981
377155 390404
377155 673550
377155 1053981
390404 673550
390404 1053981
673550 1053981
196045 250930
196045 481751
250930 481751
250927 481757
250927 727256
481757 727256
250928 827558
73314 480045
73314 1061022
480045 1061022
8854 541900
545723 1004691
9387 80540
9387 107881
9387 169369
80540 107881
80540 169369
107881 169369
259080 46913
259080 963489
46913 963489
844075 1281750
18406 71899
18406 73314
71899 73314
467471 819820
9786 387302
9786 1212681
387302 1212681
169369 628080
169369 1040129
628080 1040129
123716 167753
123716 471619
167753 471619
586858 614006
1117010 1204599
1117010 1290869
1204599 1290869
806654 831705
64057 232852
175477 1004691
418744 545782
418744 707973
418744 1178547
545782 707973
545782 1178547
707973 1178547
763128 1339007
308560 549053
80540 1155180
468379 600415
468379 707973
600415 707973
274827 896862
147092 1294943
251961 711859
301949 433983
301949 1467233
433983 1467233
392695 821304
601297 957004
433819 1315922
175477 187833
175477 235711
175477 1523070
187833 235711
187833 1523070
235711 1523070
175477 187833
175477 235711
175477 1523070
187833 235711
187833 1523070
235711 1523070
296427 1347392
593879 1242185
384486 1529675
662688 899567
332492 823558
332492 1424689
823558 1424689
555301 892009
1033704 1408594
843997 1240191
171504 805233
490690 839306
292145 511203
292145 775697
511203 775697
238837 555034
1436406 1514638
854619 1145586
225142 704978
225142 1239450
225142 1403159
704978 1239450
704978 1403159
1239450 1403159
271865 560918
271865 815069
271865 1538536
560918 815069
560918 1538536
815069 1538536
110293 130981
264340 954461
355077 827558
355077 1413295
827558 1413295
267618 274586
267618 276565
267618 658637
267618 969909
274586 276565
274586 658637
274586 969909
276565 658637
276565 969909
658637 969909
86501 119923
86501 234323
86501 593524
86501 1086156
86501 1535547
119923 234323
119923 593524
119923 1086156
119923 1535547
234323 593524
234323 1086156
234323 1535547
593524 1086156
593524 1535547
1086156 1535547
1034108 1112086
888077 1221347
237256 583096
658026 687056
658026 1089863
687056 1089863
50052 703910
50052 875921
703910 875921
210318 391037
210318 844438
391037 844438
12713 548937
613751 786232
171787 1540831
417576 1523658
821304 1150035
7451 129686
7451 331150
7451 537662
7451 932870
129686 331150
129686 537662
129686 932870
331150 537662
331150 932870
537662 932870
564195 1066088
564195 1436406
564195 1514638
1066088 1436406
1066088 1514638
1436406 1514638
50638 1344761
50638 1438219
1344761 1438219
948765 1004235
37124 596430
431721 843997
431721 1461898
843997 1461898
63288 231199
63288 846298
231199 846298
583096 850209
468154 844438
267594 1186974
103505 413645
103505 1263394
413645 1263394
626013 866482
32203 803863
26513 644594
245199 1093941
608179 1026366
37506 594607
220844 967652
235446 629773
602451 694423
439122 572022
155891 990325
373869 844213
206438 871710
238234 601260
70508 76516
70508 113778
70508 231618
70508 312799
70508 440332
70508 489576
70508 510745
70508 628259
70508 1055057
70508 1100234
70508 1457662
76516 113778
76516 231618
76516 312799
76516 440332
76516 489576
76516 510745
76516 628259
76516 1055057
76516 1100234
76516 1457662
113778 231618
113778 312799
113778 440332
113778 489576
113778 510745
113778 628259
113778 1055057
113778 1100234
113778 1457662
231618 312799
231618 440332
231618 489576
231618 510745
231618 628259
231618 1055057
231618 1100234
231618 1457662
312799 440332
312799 489576
312799 510745
312799 628259
312799 1055057
312799 1100234
312799 1457662
440332 489576
440332 510745
440332 628259
440332 1055057
440332 1100234
440332 1457662
489576 510745
489576 628259
489576 1055057
489576 1100234
489576 1457662
510745 628259
510745 1055057
510745 1100234
510745 1457662
628259 1055057
628259 1100234
628259 1457662
1055057 1100234
1055057 1457662
1100234 1457662
124132 1218528
82335 235187
82335 370147
235187 370147
166583 1294815
192409 634701
192409 733868
634701 733868
620203 630712
620203 1436627
630712 1436627
506718 659806
506718 1023440
659806 1023440
898590 1221349
352275 890382
45110 272039
45110 1479443
272039 1479443
360361 910485
190812 754931
277230 338219
57412 87441
428732 756640
489100 1392533
176301 350568
436837 1136094
69147 200348
138675 178216
138675 514951
178216 514951
136922 1239450
175477 1393215
676728 1440919
819387 1055410
428732 756640
364794 1188259
166165 376982
743375 1308663
38371 1220886
641441 1510178
225925 462273
552030 931031
4687 807946
495809 699939
217999 882257
217999 1327179
882257 1327179
385797 1039904
385797 1525262
1039904 1525262
171602 894120
658184 999051
898345 1097517
651810 682894
307924 1289723
307924 1319810
1289723 1319810
556426 858491
508665 906794
508665 1139261
508665 1496056
906794 1139261
906794 1496056
1139261 1496056
23061 440354
23061 1025114
440354 1025114
952849 1054786
952849 1089928
952849 1427804
1054786 1089928
1054786 1427804
1089928 1427804
335495 1094327
335495 1235567
1094327 1235567
5277 381884
5277 1238775
381884 1238775
1125232 1295921
747970 862439
483321 1285464
143297 421818
453568 540697
453568 601260
540697 601260
246259 414163
246259 639476
414163 639476
3711 244960
565657 1406186
758216 959043
223362 404303
447919 1408266
1056502 1362804
1274050 1368636
666940 789211
449797 1218777
940670 1056502
323996 1246565
861687 1039264
158662 194828
158662 267354
194828 267354
29700 350067
18030 570501
18030 969113
570501 969113
175477 1004691
506993 753239
99828 797989
65661 1353714
124477 405756
124477 628542
124477 973744
405756 628542
405756 973744
628542 973744
783169 1179875
436801 475490
73979 519687
200991 282887
200991 938702
282887 938702
768603 1202475
436674 1449937
436674 1457522
1449937 1457522
751584 1221209
660546 790739
752003 890228
140210 211731
140210 754643
140210 1146628
211731 754643
211731 1146628
754643 1146628
133288 153245
133288 720115
153245 720115
309284 1185582
29229 145600
29229 341430
145600 341430
239460 1112987
520558 681432
520558 848409
520558 1101296
681432 848409
681432 1101296
848409 1101296
1202712 1446466
1291616 1413692
126026 395061
126026 400998
126026 1180438
395061 400998
395061 1180438
400998 1180438
193262 1336986
762923 920392
7869 269437
7869 921126
269437 921126
12484 268617
12484 424901
12484 558478
12484 625175
12484 1005073
12484 1027609
12484 1157522
12484 1381806
268617 424901
268617 558478
268617 625175
268617 1005073
268617 1027609
268617 1157522
268617 1381806
424901 558478
424901 625175
424901 1005073
424901 1027609
424901 1157522
424901 1381806
558478 625175
558478 1005073
558478 1027609
558478 1157522
558478 1381806
625175 1005073
625175 1027609
625175 1157522
625175 1381806
1005073 1027609
1005073 1157522
1005073 1381806
1027609 1157522
1027609 1381806
1157522 1381806
53328 203457
53328 939952
53328 1421267
203457 939952
203457 1421267
939952 1421267
177275 415030
177275 1223929
415030 1223929
12484 327234
12484 1202702
12484 1340598
327234 1202702
327234 1340598
1202702 1340598
376751 569529
56834 365601
56834 511033
56834 651673
56834 834297
56834 860612
365601 511033
365601 651673
365601 834297
365601 860612
511033 651673
511033 834297
511033 860612
651673 834297
651673 860612
834297 860612
786139 924082
786139 1168636
924082 1168636
311514 1062858
19962 940170
527340 810851
256392 1078743
256392 1317196
1078743 1317196
248530 336575
248530 660894
336575 660894
336575 660894
191873 963955
342858 858101
365601 511033
365601 651673
365601 834297
511033 651673
511033 834297
651673 834297
54433 130911
162780 511033
162780 651673
511033 651673
268617 277484
268617 1463670
268617 1501065
277484 1463670
277484 1501065
1463670 1501065
361523 648009
361523 1196881
361523 1482719
648009 1196881
648009 1482719
1196881 1482719
59886 500457
59886 981139
59886 1461200
500457 981139
500457 1461200
981139 1461200
991913 1241073
991913 1296841
991913 1423097
1241073 1296841
1241073 1423097
1296841 1423097
136344 141424
136344 392936
136344 1477816
136344 1496097
141424 392936
141424 1477816
141424 1496097
392936 1477816
392936 1496097
1477816 1496097
82143 526055
82143 536644
82143 769839
82143 944525
82143 1276022
526055 536644
526055 769839
526055 944525
526055 1276022
536644 769839
536644 944525
536644 1276022
769839 944525
769839 1276022
944525 1276022
280290 644447
394892 464744
861616 1054240
861616 1202738
861616 1294462
1054240 1202738
1054240 1294462
1202738 1294462
563083 940170
88987 248980
88987 770303
248980 770303
621090 1082993
621090 1144494
1082993 1144494
1349890 1383305
1252852 1450096
660097 1006920
516448 587547
40063 142436
40063 593833
142436 593833
953699 1126622
220138 330644
220138 331920
220138 632674
220138 804266
220138 809772
330644 331920
330644 632674
330644 804266
330644 809772
331920 632674
331920 804266
331920 809772
632674 804266
632674 809772
804266 809772
223946 1370040
139712 683703
92989 347966
495625 946421
1387345 1412049
635750 1195567
635137 1071823
635137 1335166
1071823 1335166
654240 668977
342181 622746
342181 1372790
342181 1443216
622746 1372790
622746 1443216
1372790 1443216
237601 1520531
167628 1294815
167628 1294815
90841 175477
29204 1124218
255393 945643
103025 432645
103025 1414385
432645 1414385
138675 181690
561645 631586
561645 949861
631586 949861
63128 1503239
583431 818432
430278 992010
1180447 1366204
323869 328404
317281 1003074
317281 1503239
1003074 1503239
202328 538863
418418 521226
322344 657665
322344 1255051
657665 1255051
67377 203582
67377 1203993
203582 1203993
279205 1422357
308004 340566
341166 1182619
243609 1277882
544493 702554
249802 632249
249802 977162
632249 977162
122797 830363
257431 964368
569363 710724
569363 1346097
710724 1346097
710724 1446645
1321168 1490477
106749 737756
106749 1432249
737756 1432249
15889 223041
1055631 1312449
1141862 1381857
175018 1504491
360978 364067
439788 789767
106749 1109630
166520 416772
1163644 1412805
225142 704978
225142 1239450
225142 1403159
704978 1239450
704978 1403159
1239450 1403159
409473 645404
527065 877244
527065 1068045
877244 1068045
943172 1234708
122557 314290
39524 732539
89365 888976
89365 888976
88745 1244418
198763 359425
198763 636899
198763 1356251
359425 636899
359425 1356251
636899 1356251
434064 647844
99828 202062
557639 1513946
211096 1153009
285859 1381925
412623 583884
331150 932870
74831 963489
747197 1285858
542187 1258258
129266 254909
336221 1150309
254909 369056
516322 1225671
35076 619774
1413295 1470226
331157 382276
21080 443092
21080 1446807
443092 1446807
35076 353552
1004229 1245566
744231 975335
842095 954468
41170 1131379
390404 709908
108473 397764
108473 984087
397764 984087
196045 379487
196045 752413
379487 752413
570501 969113
570501 1361249
969113 1361249
667762 1335736
169369 372163
169369 744230
372163 744230
476597 938589
745601 753239
99828 365791
99828 556247
65661 1353714
984485 1350519
536448 1052701
536448 1281750
1052701 1281750
434274 1212681
769484 832372
1307556 1378938
212559 412685
83378 1032068
71918 954237
1029945 1503130
436550 487388
436550 1113294
487388 1113294
636371 1004691
549243 1227157
34263 377514
34263 778229
377514 778229
825346 961122
20828 595327
469188 1222208
34885 461978
285365 985544
495109 1525420
530620 1513630
389383 1384702
577327 1169544
1135800 1304812
470359 1304812
690879 1311128
125386 1125821
968974 1304517
968974 1394543
1304517 1394543
297533 676875
297533 991424
676875 991424
63389 779222
643469 744187
707514 1135800
34467 52058
34467 767294
34467 830724
52058 767294
52058 830724
767294 830724
456579 820487
9786 819820
142294 813851
125265 365632
1233179 1368728
365606 530046
365606 753713
365606 915891
530046 753713
530046 915891
753713 915891
698402 771035
470896 1011231
1032683 1273628
950129 1403631
601660 650191
326119 1017348
660546 790739
276935 426893
350871 705749
722452 798376
283305 417324
586933 1138737
431721 514790
431721 1461898
514790 1461898
87486 1303206
639571 831856
214110 522130
214110 1190638
522130 1190638
377155 390404
377155 673550
390404 673550
677251 681075
606039 1415259
7018 46452
9387 80540
9387 397055
9387 412623
9387 1155180
80540 397055
80540 412623
80540 1155180
397055 412623
397055 1155180
412623 1155180
583782 1482113
349175 929862
645878 683244
263229 795666
263229 870903
263229 921153
795666 870903
795666 921153
870903 921153
302353 720224
393789 774894
339374 1394365
714046 1103387
77141 152849
911178 1312336
383507 1052906
383507 1072070
1052906 1072070
30316 346120
30316 562635
30316 622991
30316 1445533
346120 562635
346120 622991
346120 1445533
562635 622991
562635 1445533
622991 1445533
313032 516819
243284 849748
267666 399690
267666 574238
399690 574238
212494 494481
509503 836305
562635 862666
876601 1181505
871710 887681
13848 57750
337364 815503
337364 1187181
815503 1187181
73816 119307
871710 1185153
214440 933717
452620 901175
418174 1409200
1241674 1450791
1365570 1373019
683649 766753
763876 928294
836559 1526267
5919 583771
274568 335091
824601 900240
454931 1068120
418174 1409200
67914 132923
1205 1492342
776845 1525550
744343 1393063
744343 1434048
1393063 1434048
130273 179859
130273 243487
130273 957348
130273 1186245
179859 243487
179859 957348
179859 1186245
243487 957348
243487 1186245
957348 1186245
714706 1086096
714706 1262949
1086096 1262949
593113 598069
243871 420587
243871 807971
420587 807971
1071088 1285994
1071088 1415152
1285994 1415152
556726 598422
556726 857635
556726 1123061
598422 857635
598422 1123061
857635 1123061
10316 61907
10316 136299
10316 709951
10316 786215
10316 848468
10316 895660
10316 1308130
61907 136299
61907 709951
61907 786215
61907 848468
61907 895660
61907 1308130
136299 709951
136299 786215
136299 848468
136299 895660
136299 1308130
709951 786215
709951 848468
709951 895660
709951 1308130
786215 848468
786215 895660
786215 1308130
848468 895660
848468 1308130
895660 1308130
654661 743445
3476 686030
3476 872929
686030 872929
133534 626013
40436 149249
40436 160667
40436 261473
40436 306851
40436 465642
40436 466868
40436 535380
40436 543780
40436 852444
40436 1537054
149249 160667
149249 261473
149249 306851
149249 465642
149249 466868
149249 535380
149249 543780
149249 852444
149249 1537054
160667 261473
160667 306851
160667 465642
160667 466868
160667 535380
160667 543780
160667 852444
160667 1537054
261473 306851
261473 465642
261473 466868
261473 535380
261473 543780
261473 852444
261473 1537054
306851 465642
306851 466868
306851 535380
306851 543780
306851 852444
306851 1537054
465642 466868
465642 535380
465642 543780
465642 852444
465642 1537054
466868 535380
466868 543780
466868 852444
466868 1537054
535380 543780
535380 852444
535380 1537054
543780 852444
543780 1537054
852444 1537054
1392148 1418414
902638 1062201
364269 663720
364269 1480314
663720 1480314
220148 1019374
220148 1210507
220148 1309639
220148 1386574
1019374 1210507
1019374 1309639
1019374 1386574
1210507 1309639
1210507 1386574
1309639 1386574
220148 321138
220148 796169
220148 875533
220148 921590
321138 796169
321138 875533
321138 921590
796169 875533
796169 921590
875533 921590
150399 338938
150399 484393
150399 532961
150399 854849
150399 921590
150399 1011237
338938 484393
338938 532961
338938 854849
338938 921590
338938 1011237
484393 532961
484393 854849
484393 921590
484393 1011237
532961 854849
532961 921590
532961 1011237
854849 921590
854849 1011237
921590 1011237
126100 555700
126100 621276
126100 675749
126100 1432288
555700 621276
555700 675749
555700 1432288
621276 675749
621276 1432288
675749 1432288
152707 269212
152707 677325
152707 790684
152707 905472
152707 1274038
269212 677325
269212 790684
269212 905472
269212 1274038
677325 790684
677325 905472
677325 1274038
790684 905472
790684 1274038
905472 1274038
282887 938702
225324 237209
225324 824158
225324 1131968
237209 824158
237209 1131968
824158 1131968
266601 743445
55852 301263
55852 1158308
55852 1367119
301263 1158308
301263 1367119
1158308 1367119
720224 1024959
230433 791189
1031073 1455169
235423 1385188
12713 70508
12713 270750
12713 424540
12713 716078
12713 886936
12713 1009520
12713 1084684
12713 1293660
12713 1438464
70508 270750
70508 424540
70508 716078
70508 886936
70508 1009520
70508 1084684
70508 1293660
70508 1438464
270750 424540
270750 716078
270750 886936
270750 1009520
270750 1084684
270750 1293660
270750 1438464
424540 716078
424540 886936
424540 1009520
424540 1084684
424540 1293660
424540 1438464
716078 886936
716078 1009520
716078 1084684
716078 1293660
716078 1438464
886936 1009520
886936 1084684
886936 1293660
886936 1438464
1009520 1084684
1009520 1293660
1009520 1438464
1084684 1293660
1084684 1438464
1293660 1438464
625734 1142389
625734 1514238
1142389 1514238
210236 601260
248546 267796
248546 280735
248546 387779
248546 516547
248546 699258
267796 280735
267796 387779
267796 516547
267796 699258
280735 387779
280735 516547
280735 699258
387779 516547
387779 699258
516547 699258
252336 291222
252336 463826
252336 647944
252336 956029
291222 463826
291222 647944
291222 956029
463826 647944
463826 956029
647944 956029
1452457 1538014
212798 354650
212798 423083
212798 455737
212798 486034
212798 731589
212798 745832
354650 423083
354650 455737
354650 486034
354650 731589
354650 745832
423083 455737
423083 486034
423083 731589
423083 745832
455737 486034
455737 731589
455737 745832
486034 731589
486034 745832
731589 745832
95243 297049
95243 506031
95243 974063
297049 506031
297049 974063
506031 974063
285853 1195611
65110 371150
287373 940376
275080 1486432
38694 562616
38694 1299852
562616 1299852
5014 95667
5014 104657
5014 218068
5014 1371925
95667 104657
95667 218068
95667 1371925
104657 218068
104657 1371925
218068 1371925
279102 602490
279102 694000
279102 730963
602490 694000
602490 730963
694000 730963
16339 266601
16339 315595
16339 725518
16339 743445
266601 315595
266601 725518
266601 743445
315595 725518
315595 743445
725518 743445
309230 662469
309230 1413247
662469 1413247
70508 626013
70508 653287
70508 750499
70508 980124
70508 1094037
70508 1531266
626013 653287
626013 750499
626013 980124
626013 1094037
626013 1531266
653287 750499
653287 980124
653287 1094037
653287 1531266
750499 980124
750499 1094037
750499 1531266
980124 1094037
980124 1531266
1094037 1531266
750397 1330638
81832 267263
81832 299008
81832 1024414
267263 299008
267263 1024414
299008 1024414
119339 849268
119339 1319810
849268 1319810
69982 106698
69982 980726
106698 980726
611304 712312
611304 989344
611304 1314867
611304 1346954
712312 989344
712312 1314867
712312 1346954
989344 1314867
989344 1346954
1314867 1346954
241317 364084
241317 1228933
241317 1257881
364084 1228933
364084 1257881
1228933 1257881
334992 377604
473479 682483
126422 171494
126422 284803
126422 500988
126422 811178
126422 900436
171494 284803
171494 500988
171494 811178
171494 900436
284803 500988
284803 811178
284803 900436
500988 811178
500988 900436
811178 900436
676600 870959
676600 928077
676600 1497832
870959 928077
870959 1497832
928077 1497832
724706 837616
50149 94260
50149 265606
50149 295658
50149 683815
50149 1458715
94260 265606
94260 295658
94260 683815
94260 1458715
265606 295658
265606 683815
265606 1458715
295658 683815
295658 1458715
683815 1458715
69777 1123620
518436 551554
518436 656578
518436 945169
518436 1017891
551554 656578
551554 945169
551554 1017891
656578 945169
656578 1017891
945169 1017891
356061 385677
356061 1247321
385677 1247321
120128 584615
120128 939016
120128 1472882
584615 939016
584615 1472882
939016 1472882
20941 156534
20941 658616
20941 902638
20941 1248020
20941 1506175
156534 658616
156534 902638
156534 1248020
156534 1506175
658616 902638
658616 1248020
658616 1506175
902638 1248020
902638 1506175
1248020 1506175
869289 933525
366674 866179
337032 558744
337032 976637
337032 1390436
558744 976637
558744 1390436
976637 1390436
19943 152397
19943 403742
19943 447372
19943 783939
19943 907016
19943 1220413
152397 403742
152397 447372
152397 783939
152397 907016
152397 1220413
403742 447372
403742 783939
403742 907016
403742 1220413
447372 783939
447372 907016
447372 1220413
783939 907016
783939 1220413
907016 1220413
8660 231646
714397 1063662
585564 832084
585564 948621
585564 1071088
832084 948621
832084 1071088
948621 1071088
262233 736914
262233 762567
736914 762567
342253 426990
81433 146278
81433 155891
81433 701182
81433 1121881
81433 1406401
146278 155891
146278 701182
146278 1121881
146278 1406401
155891 701182
155891 1121881
155891 1406401
701182 1121881
701182 1406401
1121881 1406401
714597 1247321
119297 144570
119297 187503
119297 616654
119297 857635
144570 187503
144570 616654
144570 857635
187503 616654
187503 857635
616654 857635
594671 659538
819915 1142161
819915 1157664
819915 1334915
819915 1454404
1142161 1157664
1142161 1334915
1142161 1454404
1157664 1334915
1157664 1454404
1334915 1454404
111705 225300
111705 792211
225300 792211
391571 428896
120174 288391
120174 302903
120174 751996
120174 1221352
288391 302903
288391 751996
288391 1221352
302903 751996
302903 1221352
751996 1221352
397438 435368
397438 645523
397438 682155
397438 1295759
435368 645523
435368 682155
435368 1295759
645523 682155
645523 1295759
682155 1295759
1024576 1314265
239951 363598
239951 1026299
363598 1026299
143845 1361883
542511 1417855
199528 257326
199528 340834
199528 1129086
199528 1205086
199528 1364768
257326 340834
257326 1129086
257326 1205086
257326 1364768
340834 1129086
340834 1205086
340834 1364768
1129086 1205086
1129086 1364768
1205086 1364768
50813 1103010
116081 187266
196487 1297396
21045 321524
21045 336851
21045 433277
21045 488863
21045 831958
321524 336851
321524 433277
321524 488863
321524 831958
336851 433277
336851 488863
336851 831958
433277 488863
433277 831958
488863 831958
13001 358585
13001 1354510
358585 1354510
43490 110369
43490 155416
43490 547130
43490 602490
43490 1046895
43490 1359444
110369 155416
110369 547130
110369 602490
110369 1046895
110369 1359444
155416 547130
155416 602490
155416 1046895
155416 1359444
547130 602490
547130 1046895
547130 1359444
602490 1046895
602490 1359444
1046895 1359444
488272 1373632
51736 169631
51736 1032343
51736 1290146
169631 1032343
169631 1290146
1032343 1290146
517655 807803
186157 318232
186157 324123
186157 361479
186157 1247535
318232 324123
318232 361479
318232 1247535
324123 361479
324123 1247535
361479 1247535
322752 371816
322752 377833
322752 397159
322752 407191
371816 377833
371816 397159
371816 407191
377833 397159
377833 407191
397159 407191
135154 189019
135154 398617
135154 1002364
135154 1138506
135154 1265362
189019 398617
189019 1002364
189019 1138506
189019 1265362
398617 1002364
398617 1138506
398617 1265362
1002364 1138506
1002364 1265362
1138506 1265362
219954 1080635
717453 1014840
717453 1298877
1014840 1298877
169616 433196
169616 534865
169616 622807
169616 1208611
433196 534865
433196 622807
433196 1208611
534865 622807
534865 1208611
622807 1208611
949123 1508748
607500 866482
853466 1473632
279239 633288
279239 658637
279239 747645
633288 658637
633288 747645
658637 747645
476069 736848
476069 856955
476069 1300672
736848 856955
736848 1300672
856955 1300672
230433 915724
429500 476510
429500 775607
429500 1056054
429500 1253853
476510 775607
476510 1056054
476510 1253853
775607 1056054
775607 1253853
1056054 1253853
631219 1276244
140959 156457
140959 335132
140959 364407
140959 978520
156457 335132
156457 364407
156457 978520
335132 364407
335132 978520
364407 978520
295658 419535
295658 449378
295658 762635
419535 449378
419535 762635
449378 762635
175477 1523070
39032 1112734
708252 788014
598334 412782
598334 412782
707973 496873
1483998 223041
76527 1005873
754398 1192570
754398 39032
1192570 39032
1050136 261116
1050136 240987
261116 240987
1636738 260701
1636738 14088698
260701 14088698
1109200 977251
1109200 1250239
1109200 472007
977251 1250239
977251 472007
1250239 472007
442577 14169278
442577 120569
442577 1150866
14169278 120569
14169278 1150866
120569 1150866
