149125 296564
149125 296564
78791 212172
78791 1480610
212172 1480610
235158 478047
235158 967565
235158 1439103
478047 967565
478047 1439103
967565 1439103
255053 705218
255053 954924
705218 954924
954924 1010183
371163 417052
371163 482851
371163 621262
371163 1409645
417052 482851
417052 621262
417052 1409645
482851 621262
482851 1409645
621262 1409645
838591 1480610
212172 235797
150418 237020
150418 541804
237020 541804
266601 315595
266601 654661
266601 725518
266601 743445
266601 1191283
315595 654661
315595 725518
315595 743445
315595 1191283
654661 725518
654661 743445
654661 1191283
725518 743445
725518 1191283
743445 1191283
170359 191965
170359 271435
170359 506993
191965 271435
191965 506993
271435 506993
548015 593879
1288234 1397943
94103 1081826
861177 1426213
205415 314208
205415 346802
314208 346802
469494 676634
109707 320930
109707 737555
109707 855157
109707 1381397
320930 737555
320930 855157
320930 1381397
737555 855157
737555 1381397
855157 1381397
134589 211195
134589 557803
211195 557803
131242 578071
131242 765194
578071 765194
39752 1077109
39752 1180823
1077109 1180823
141790 488839
141790 1194476
488839 1194476
314290 762448
70409 109707
70409 164076
70409 989179
109707 164076
109707 989179
164076 989179
146278 824378
173571 332243
65009 653154
36223 711404
617555 854849
617555 865040
854849 865040
142179 382251
142179 413343
382251 413343
695202 866651
552238 1501893
104763 422056
104763 469100
104763 488839
104763 602451
104763 983033
422056 469100
422056 488839
422056 602451
422056 983033
469100 488839
469100 602451
469100 983033
488839 602451
488839 983033
602451 983033
293038 1046452
96401 172361
65442 445274
569937 1524433
719921 1297009
719921 1444883
1297009 1444883
806991 979518
41583 324123
41583 870903
41583 1063448
324123 870903
324123 1063448
870903 1063448
1396266 1527276
84532 132913
84532 947451
132913 947451
118868 831588
620446 667521
146816 646839
146816 890407
646839 890407
454725 1063662
743614 762530
324123 920694
30733 1214812
358585 502868
200545 517621
200545 766232
517621 766232
61907 122085
171494 519858
171494 584874
171494 1180347
171494 1358452
519858 584874
519858 1180347
519858 1358452
584874 1180347
584874 1358452
1180347 1358452
63830 98976
63830 128690
63830 1314867
98976 128690
98976 1314867
128690 1314867
500988 737572
500988 1448191
737572 1448191
188085 561035
107954 854849
3161 269871
3161 584874
3161 723280
3161 1243235
3161 1358452
269871 584874
269871 723280
269871 1243235
269871 1358452
584874 723280
584874 1243235
584874 1358452
723280 1243235
723280 1358452
1243235 1358452
480078 746095
480078 1151952
746095 1151952
892189 975943
892189 1443730
975943 1443730
205415 537077
205415 557132
537077 557132
254928 989179
261568 1063662
178748 334541
178748 409949
178748 485453
178748 558990
178748 1203832
334541 409949
334541 485453
334541 558990
334541 1203832
409949 485453
409949 558990
409949 1203832
485453 558990
485453 1203832
558990 1203832
657021 796748
333756 610311
121304 1126942
893096 1287104
75594 173433
75594 250305
75594 330435
75594 451704
75594 1251416
173433 250305
173433 330435
173433 451704
173433 1251416
250305 330435
250305 451704
250305 1251416
330435 451704
330435 1251416
451704 1251416
60175 180764
285853 362278
363808 602046
363808 654047
602046 654047
683803 1177849
683803 1345740
1177849 1345740
3711 260535
878144 1532842
240987 673550
124761 1398786
8854 541900
228306 248994
392778 939610
24916 1502779
788407 888567
788407 1137748
888567 1137748
263090 808242
72442 124145
72442 639731
72442 742301
72442 1447229
124145 639731
124145 742301
124145 1447229
639731 742301
639731 1447229
742301 1447229
310483 685036
310483 760891
685036 760891
663534 818921
326933 595999
230660 402305
827558 1504493
639906 916768
639906 1110623
916768 1110623
916768 1075119
9387 80540
9387 110449
80540 110449
120738 321586
120738 412623
120738 844075
321586 412623
321586 844075
412623 844075
262875 794324
262875 1190653
794324 1190653
296427 301285
296427 499903
296427 963489
296427 46913
301285 499903
301285 963489
301285 46913
499903 963489
499903 46913
963489 46913
844075 1071115
273489 985544
466863 541900
466863 657153
466863 708916
466863 1271153
541900 657153
541900 708916
541900 1271153
657153 708916
657153 1271153
708916 1271153
485767 1126733
990853 1080883
120738 412623
290066 922781
1312735 1483035
912506 960674
76465 478047
80800 407069
103083 1233632
168892 1144887
101765 945893
24490 174886
24490 1246991
174886 1246991
35188 1033865
35188 1178471
35188 1420397
1033865 1178471
1033865 1420397
1178471 1420397
226355 597119
718039 752481
37637 95321
72442 99510
72442 197773
72442 1076255
99510 197773
99510 1076255
197773 1076255
531528 607089
725264 769749
725264 1020720
769749 1020720
334554 482870
1198730 1413263
220899 1055639
695202 866651
9512 488839
9512 602451
9512 1317196
488839 602451
488839 1317196
602451 1317196
366111 882442
487674 643132
487674 980897
643132 980897
815193 1037331
815193 1117023
1037331 1117023
474302 513933
474302 529771
513933 529771
209329 487674
1178999 1211816
1178999 1395888
1178999 1482042
1211816 1395888
1211816 1482042
1395888 1482042
232436 1366540
431000 475360
431000 489417
431000 502701
475360 489417
475360 502701
489417 502701
575090 801988
6784 637933
6784 1023146
637933 1023146
396204 805018
497925 824856
497925 948074
824856 948074
674705 1486542
308454 934433
72620 1283558
209512 1182072
735174 980897
90272 287922
90272 1171029
287922 1171029
124333 759221
24626 697875
24626 983539
697875 983539
66311 321495
66311 327977
66311 372470
321495 327977
321495 372470
327977 372470
200099 1473498
145857 455255
8698 111577
8698 213437
8698 227729
8698 499553
8698 1329034
111577 213437
111577 227729
111577 499553
111577 1329034
213437 227729
213437 499553
213437 1329034
227729 499553
227729 1329034
499553 1329034
39005 653569
270329 1499939
614120 630656
614120 730969
614120 1475683
630656 730969
630656 1475683
730969 1475683
143456 424666
938934 1175900
531232 815962
531232 1101220
815962 1101220
307048 422852
307048 525307
422852 525307
318055 417363
318055 462408
417363 462408
689473 738819
1104595 1465257
131029 164624
131029 957360
164624 957360
453465 865133
38003 205769
145801 173927
574542 1224050
647394 687469
637928 1257950
637928 1522144
1257950 1522144
945587 1311757
929509 998926
1154883 1539879
426171 671669
396840 584564
396840 1433458
584564 1433458
1975 263699
1975 1192271
263699 1192271
903852 1418914
161759 1074355
720763 759712
720763 1162196
759712 1162196
670429 1109532
257780 661583
626553 822361
233881 317390
233881 435401
233881 830375
233881 1389345
317390 435401
317390 830375
317390 1389345
435401 830375
435401 1389345
830375 1389345
564653 567429
564653 1389345
567429 1389345
129072 191832
129072 631392
129072 1442950
191832 631392
191832 1442950
631392 1442950
263623 1104488
263623 1176897
263623 1285449
263623 1320763
263623 1509400
1104488 1176897
1104488 1285449
1104488 1320763
1104488 1509400
1176897 1285449
1176897 1320763
1176897 1509400
1285449 1320763
1285449 1509400
1320763 1509400
359776 865026
172231 642794
172231 1114603
172231 1381172
642794 1114603
642794 1381172
1114603 1381172
7197 881615
222747 400272
551200 1010728
551200 1026667
1010728 1026667
778700 1465304
620042 1298000
620042 1523179
1298000 1523179
987687 1457891
654401 1309423
10306 519826
10306 954103
519826 954103
534041 1212290
293761 447393
88069 703424
88069 981618
703424 981618
295799 314288
295799 703424
295799 722677
314288 703424
314288 722677
703424 722677
101833 444022
101833 669956
101833 1031210
101833 1078404
444022 669956
444022 1031210
444022 1078404
669956 1031210
669956 1078404
1031210 1078404
1756 1026940
664177 787721
664177 888542
787721 888542
14989 70317
67459 576589
67459 1037458
576589 1037458
848952 1206508
305432 700946
448022 988870
235846 935723
235846 1123722
935723 1123722
375272 1099631
138196 819799
413855 1000123
413855 1151087
1000123 1151087
1104488 1176897
1104488 1244644
1176897 1244644
273382 443244
273382 515041
273382 1053799
443244 515041
443244 1053799
515041 1053799
315390 1107742
28926 179857
257780 1195089
257780 1332854
1195089 1332854
530248 647153
163946 337210
163946 861096
163946 888104
163946 983480
337210 861096
337210 888104
337210 983480
861096 888104
861096 983480
888104 983480
660785 858455
660785 879208
858455 879208
150571 402290
150571 908599
402290 908599
395576 575797
395576 1303857
575797 1303857
447040 1206163
62159 129616
62159 1500374
129616 1500374
674158 958286
406091 662118
167765 1384846
167765 1541354
1384846 1541354
33438 1052619
326410 951790
326410 1031909
326410 1294929
951790 1031909
951790 1294929
1031909 1294929
172377 1120236
175446 441969
175446 527486
175446 1206746
175446 1227678
175446 1244931
441969 527486
441969 1206746
441969 1227678
441969 1244931
527486 1206746
527486 1227678
527486 1244931
1206746 1227678
1206746 1244931
1227678 1244931
394935 535287
890502 960654
37637 95321
531787 979158
575218 689013
3388 56889
3388 262783
3388 753205
3388 945056
3388 1146591
56889 262783
56889 753205
56889 945056
56889 1146591
262783 753205
262783 945056
262783 1146591
753205 945056
753205 1146591
945056 1146591
1186811 1401668
137795 535198
354606 894403
531417 1128648
730316 848585
208932 315114
208932 334117
208932 515535
208932 863491
208932 1262902
315114 334117
315114 515535
315114 863491
315114 1262902
334117 515535
334117 863491
334117 1262902
515535 863491
515535 1262902
863491 1262902
577859 669327
541422 751317
323102 404764
323102 475520
323102 537077
323102 1041054
323102 1523611
404764 475520
404764 537077
404764 1041054
404764 1523611
475520 537077
475520 1041054
475520 1523611
537077 1041054
537077 1523611
1041054 1523611
590469 625213
590469 719285
590469 750270
590469 876230
590469 1487911
625213 719285
625213 750270
625213 876230
625213 1487911
719285 750270
719285 876230
719285 1487911
750270 876230
750270 1487911
876230 1487911
175942 378318
175942 606348
175942 674201
378318 606348
378318 674201
606348 674201
22990 168790
22990 1128136
168790 1128136
142317 255495
778367 1188774
1000123 1372367
65962 196618
65962 223312
65962 557510
65962 1289863
196618 223312
196618 557510
196618 1289863
223312 557510
223312 1289863
557510 1289863
345100 508122
345100 680151
345100 1204047
508122 680151
508122 1204047
680151 1204047
741227 763354
174913 730020
174913 1290115
730020 1290115
21747 479210
21747 804455
21747 1253291
479210 804455
479210 1253291
804455 1253291
825771 1441523
825771 1457953
1441523 1457953
355965 555301
355965 732968
555301 732968
964187 1167767
341166 1182619
32052 417506
32052 492849
417506 492849
1188871 1345781
268283 567269
268283 1339476
567269 1339476
1089981 1499350
211195 561007
1194363 1303841
101212 151425
339751 401475
339751 1391091
401475 1391091
42221 576053
843997 1315922
474044 853634
253081 811162
253081 1499994
811162 1499994
1032207 1511484
235877 1391091
48409 975369
48409 1423648
975369 1423648
411456 1354369
136640 860666
684670 975369
156790 1109484
156790 1137978
1109484 1137978
42133 1163738
42133 1313511
1163738 1313511
19008 967363
340692 967363
442329 1050408
967363 1530781
442329 1050408
359776 727869
246751 1078007
662737 719149
350023 930607
350023 954982
930607 954982
568944 676915
973112 1495702
1312735 1483035
17068 1102909
217122 397388
300733 405390
37637 95321
136399 1234684
162651 1315562
162651 1353714
1315562 1353714
9512 493012
465522 782390
205415 557132
205415 771021
557132 771021
128052 211195
562869 590264
75594 173433
75594 173433
72733 93309
72733 214810
72733 877722
93309 214810
93309 877722
214810 877722
254057 923151
107778 826729
173433 402254
49831 390923
49831 542021
49831 719813
49831 1087628
390923 542021
390923 719813
390923 1087628
542021 719813
542021 1087628
719813 1087628
363732 905413
363732 992736
905413 992736
655434 893465
655434 1468456
893465 1468456
161696 254563
161696 342324
161696 878819
254563 342324
254563 878819
342324 878819
344909 752156
344909 1282949
752156 1282949
439200 481756
26998 389704
26998 412623
26998 533158
26998 1049045
389704 412623
389704 533158
389704 1049045
412623 533158
412623 1049045
533158 1049045
252296 488393
48279 282822
5079 56181
5079 212053
56181 212053
120738 412623
120738 844075
412623 844075
239753 607489
239753 901934
607489 901934
221874 819820
147092 243315
633803 633806
380065 1111150
249040 931905
249040 1115268
931905 1115268
9512 488839
733376 1008732
148279 557132
148279 714046
557132 714046
664361 738142
37778 103083
37778 318844
37778 963955
37778 1233632
103083 318844
103083 963955
103083 1233632
318844 963955
318844 1233632
963955 1233632
300598 1050977
321794 336597
321794 451919
321794 1022405
321794 1061580
336597 451919
336597 1022405
336597 1061580
451919 1022405
451919 1061580
1022405 1061580
363732 905413
363732 992736
905413 992736
655434 893465
655434 1468456
893465 1468456
187747 648519
173433 287252
173433 731939
287252 731939
300598 1050977
337889 1439304
42641 614467
693163 748792
587349 1345708
121222 366902
714046 1312735
801474 1062240
199528 992829
72733 93309
72733 214810
93309 214810
23108 803414
282507 486639
891897 1456258
88882 154838
88882 163493
88882 220233
88882 851145
154838 163493
154838 220233
154838 851145
163493 220233
163493 851145
220233 851145
519103 566849
519103 1152829
566849 1152829
1179022 1413295
241210 277920
241210 315869
241210 1292895
277920 315869
277920 1292895
315869 1292895
76516 979475
76871 224176
76871 293445
224176 293445
29631 126422
29631 142160
29631 171494
29631 534110
29631 862226
29631 1303946
126422 142160
126422 171494
126422 534110
126422 862226
126422 1303946
142160 171494
142160 534110
142160 862226
142160 1303946
171494 534110
171494 862226
171494 1303946
534110 862226
534110 1303946
862226 1303946
364575 561652
364575 1232018
364575 1399101
561652 1232018
561652 1399101
1232018 1399101
363154 554955
61787 392194
374234 1067367
31208 161223
591880 775697
285859 312826
285859 412623
312826 412623
113778 541900
665469 827558
133534 626013
70508 76516
70508 231618
70508 312799
70508 440332
70508 510745
70508 628259
70508 1100234
70508 1457662
76516 231618
76516 312799
76516 440332
76516 510745
76516 628259
76516 1100234
76516 1457662
231618 312799
231618 440332
231618 510745
231618 628259
231618 1100234
231618 1457662
312799 440332
312799 510745
312799 628259
312799 1100234
312799 1457662
440332 510745
440332 628259
440332 1100234
440332 1457662
510745 628259
510745 1100234
510745 1457662
628259 1100234
628259 1457662
1100234 1457662
1032016 1284603
480579 821763
70508 231618
70508 628259
70508 1055057
231618 628259
231618 1055057
628259 1055057
412623 862439
747970 862439
747970 1135406
862439 1135406
328470 640688
373293 655311
175477 751979
175477 1004691
751979 1004691
175477 1004691
74831 916768
368754 377155
368754 744230
368754 1368728
377155 744230
377155 1368728
744230 1368728
99828 434274
99828 1212681
434274 1212681
120738 844075
18406 619774
8854 541900
123716 167753
123716 243062
123716 541900
167753 243062
167753 541900
243062 541900
1110623 1315922
439200 481756
74831 731588
169369 460468
73314 402229
469119 1191996
798 1212241
254057 945808
340364 628730
340364 1157085
628730 1157085
244649 339224
244649 1417339
244649 1518157
339224 1417339
339224 1518157
1417339 1518157
41583 324123
41583 864589
41583 1495460
324123 864589
324123 1495460
864589 1495460
80800 686272
80800 695085
686272 695085
391399 488839
205415 1352563
627311 655434
627311 718860
627311 758458
627311 1468456
655434 718860
655434 758458
655434 1468456
718860 758458
718860 1468456
758458 1468456
40616 48378
40616 389373
48378 389373
104763 493012
104763 602451
104763 1208991
493012 602451
493012 1208991
602451 1208991
118865 381647
118865 983408
381647 983408
105625 504628
105625 1221002
504628 1221002
152287 814635
133959 258065
194526 491207
194526 1238713
194526 1436744
491207 1238713
491207 1436744
1238713 1436744
49043 70024
49043 164936
49043 843441
70024 164936
70024 843441
164936 843441
282507 877722
282507 1360769
877722 1360769
177311 207078
3474 108488
121222 1054091
217777 531639
336280 537077
148279 1312735
160399 202088
160399 632928
160399 860870
160399 957035
202088 632928
202088 860870
202088 957035
632928 860870
632928 957035
860870 957035
170708 808473
170708 1065070
808473 1065070
621963 1071894
557132 611383
374021 701000
179097 366902
179097 1417339
179097 1518157
366902 1417339
366902 1518157
1417339 1518157
104793 635527
188085 561035
29071 40443
586858 614006
130374 1413073
95379 1380348
335600 1382588
165064 284622
243284 849748
1054787 1395520
1054787 1510456
1395520 1510456
323939 511871
636941 974705
318764 1277301
165064 284622
528952 698569
528952 698569
80771 285853
80771 321778
285853 321778
99828 556247
1278132 1315922
147092 243315
196793 228605
196793 294402
196793 628362
196793 789216
196793 1048359
196793 1065881
196793 1442253
228605 294402
228605 628362
228605 789216
228605 1048359
228605 1065881
228605 1442253
294402 628362
294402 789216
294402 1048359
294402 1065881
294402 1442253
628362 789216
628362 1048359
628362 1065881
628362 1442253
789216 1048359
789216 1065881
789216 1442253
1048359 1065881
1048359 1442253
1065881 1442253
191832 631392
191832 1442950
631392 1442950
275781 345100
275781 399766
275781 508122
275781 1204047
345100 399766
345100 508122
345100 1204047
399766 508122
399766 1204047
508122 1204047
345100 1204047
325118 1476712
273727 708192
1294815 1324226
179857 1439297
843997 1315922
268283 295640
187396 522719
712223 862439
412623 747970
412623 862439
412623 1135406
747970 862439
747970 1135406
862439 1135406
9512 422056
9512 488839
422056 488839
102595 110488
102595 342181
110488 342181
27632 191192
141790 381647
141790 488839
141790 1317196
381647 488839
381647 1317196
488839 1317196
41009 1413295
399724 744697
1200546 1255484
537650 1017582
254371 1372790
489758 973583
642105 723274
1128630 1152296
402229 881426
402229 881426
271453 1109423
271453 1204966
271453 1448593
1109423 1204966
1109423 1448593
1204966 1448593
610636 1024577
120503 1430649
322317 496568
348242 488393
252296 488393
640475 1113418
640475 1164198
640475 1359686
1113418 1164198
1113418 1359686
1164198 1359686
120738 412623
120738 844075
412623 844075
1294943 1410696
239753 607489
239753 901934
607489 901934
143297 143920
235187 811162
235187 914995
235187 1004716
235187 1109427
811162 914995
811162 1004716
811162 1109427
914995 1004716
914995 1109427
1004716 1109427
41180 745601
170898 1454741
28201 64875
28201 418693
28201 1163035
64875 418693
64875 1163035
418693 1163035
562635 823757
93309 424458
93309 558732
93309 1062858
424458 558732
424458 1062858
558732 1062858
187909 1241912
342181 1387690
342181 838536
342181 898990
342181 1387690
838536 898990
838536 1387690
898990 1387690
514930 1178462
358536 512582
284186 660893
284186 747062
284186 1465885
660893 747062
660893 1465885
747062 1465885
424493 831958
411846 749278
411846 1142122
411846 1379672
749278 1142122
749278 1379672
1142122 1379672
291114 963455
72733 93309
72733 214810
93309 214810
191954 633482
191954 948842
633482 948842
282507 486639
36708 478649
417576 1523658
203253 1471648
170144 571213
170144 1146759
571213 1146759
341408 685309
519459 692477
1199936 1222581
18631 46649
18631 157461
18631 631229
18631 1199554
18631 1301229
46649 157461
46649 631229
46649 1199554
46649 1301229
157461 631229
157461 1199554
157461 1301229
631229 1199554
631229 1301229
1199554 1301229
210325 266007
210325 477753
210325 1290226
266007 477753
266007 1290226
477753 1290226
1307 831931
137408 496681
721087 736603
28971 1293825
107791 983628
107791 1041793
983628 1041793
30511 182137
30511 267227
30511 537635
30511 664181
182137 267227
182137 537635
182137 664181
267227 537635
267227 664181
537635 664181
206011 377051
206011 995522
377051 995522
286031 353705
286031 948765
286031 1004235
286031 1310664
286031 1331867
353705 948765
353705 1004235
353705 1310664
353705 1331867
948765 1004235
948765 1310664
948765 1331867
1004235 1310664
1004235 1331867
1310664 1331867
201555 356381
201555 1432958
356381 1432958
778666 1000227
170144 1462900
164185 701292
164185 1244503
701292 1244503
916162 1253766
916162 1285668
1253766 1285668
241402 282004
241402 318232
241402 1223786
282004 318232
282004 1223786
318232 1223786
91194 193757
527968 1374000
132910 250435
132910 1434692
250435 1434692
182451 335065
182451 1026420
335065 1026420
505337 1063081
150184 217000
150184 1208841
150184 1365952
217000 1208841
217000 1365952
1208841 1365952
221394 1141554
284797 825284
231393 598699
231393 820114
598699 820114
1180578 1269062
107755 165638
107755 1325745
165638 1325745
49591 543832
49591 764303
543832 764303
583 666324
676834 845958
676834 1222276
676834 1337295
845958 1222276
845958 1337295
1222276 1337295
1149094 1407524
705233 739902
705233 1024612
739902 1024612
352511 606354
15273 768408
348093 784231
348093 1345962
784231 1345962
540096 758909
284760 724071
284760 1084272
284760 1158569
724071 1084272
724071 1158569
1084272 1158569
780804 1475791
120003 952603
775621 891250
595994 678408
107755 944237
202275 389746
202275 609963
389746 609963
60175 180764
49716 385625
519672 911006
331720 399724
1419443 1456159
957070 1069999
957070 1528506
1069999 1528506
1201923 1466390
697752 1026839
1290473 1536143
371942 433515
371942 1232242
433515 1232242
50638 1438219
490429 769749
340838 826284
27586 1195567
721180 855175
721180 1449398
855175 1449398
412107 640004
412107 752883
412107 1280802
640004 752883
640004 1280802
752883 1280802
496770 514790
418882 576511
1012048 1258358
150099 196234
528194 1239450
755948 833871
416700 1001143
234323 350161
234323 366917
234323 1086156
234323 1418535
350161 366917
350161 1086156
350161 1418535
366917 1086156
366917 1418535
1086156 1418535
282805 1510178
75526 1510178
61912 1302456
253926 1409923
739578 1228723
102756 296716
102756 1009094
102756 1515575
296716 1009094
296716 1515575
1009094 1515575
1014728 1081940
840714 1139524
280039 1509981
92194 589613
137177 1243016
96401 172361
96401 193340
172361 193340
661137 1012937
398929 626013
398929 866763
626013 866763
731029 1256396
890274 1146862
803443 940691
789211 1217420
103080 664496
103080 1040342
664496 1040342
95536 624857
95536 1417850
624857 1417850
444648 491061
397451 1221209
694714 1513946
158662 1349962
88332 525666
99828 175477
175020 200133
745353 1276529
486209 1198969
486209 1508669
1198969 1508669
102 499466
98083 842291
98083 1454814
842291 1454814
117573 1064657
575378 642046
216559 995173
140210 211731
140210 754643
140210 1146628
211731 754643
211731 1146628
754643 1146628
972291 1346360
471619 1414260
257140 383669
257140 595066
257140 694549
257140 1131367
383669 595066
383669 694549
383669 1131367
595066 694549
595066 1131367
694549 1131367
552409 686711
552409 687262
552409 1078908
686711 687262
686711 1078908
687262 1078908
347166 382480
347166 472687
382480 472687
150398 1190212
331152 383536
331152 770133
331152 775697
331152 1288909
383536 770133
383536 775697
383536 1288909
770133 775697
770133 1288909
775697 1288909
331152 383536
331152 770133
331152 775697
331152 1288909
383536 770133
383536 775697
383536 1288909
770133 775697
770133 1288909
775697 1288909
1017080 1077918
762923 920392
128979 164200
128979 225142
128979 426210
128979 704978
128979 814657
164200 225142
164200 426210
164200 704978
164200 814657
225142 426210
225142 704978
225142 814657
426210 704978
426210 814657
704978 814657
57719 509504
57719 758458
57719 1468456
509504 758458
509504 1468456
758458 1468456
1040480 1284353
1040480 1421083
1284353 1421083
770134 1288909
331152 383536
331152 770133
331152 775697
331152 1288909
383536 770133
383536 775697
383536 1288909
770133 775697
770133 1288909
775697 1288909
743808 859018
743808 1096480
743808 1120714
743808 1410538
859018 1096480
859018 1120714
859018 1410538
1096480 1120714
1096480 1410538
1120714 1410538
365601 511033
365601 651673
365601 834297
511033 651673
511033 834297
651673 834297
853938 1530821
295755 736217
295755 736217
694423 1047084
694423 1047084
145600 360533
145600 558732
360533 558732
12352 280631
12352 401059
12352 421146
12352 445727
12352 656708
12352 863234
12352 1075613
12352 1314028
12352 1398067
280631 401059
280631 421146
280631 445727
280631 656708
280631 863234
280631 1075613
280631 1314028
280631 1398067
401059 421146
401059 445727
401059 656708
401059 863234
401059 1075613
401059 1314028
401059 1398067
421146 445727
421146 656708
421146 863234
421146 1075613
421146 1314028
421146 1398067
445727 656708
445727 863234
445727 1075613
445727 1314028
445727 1398067
656708 863234
656708 1075613
656708 1314028
656708 1398067
863234 1075613
863234 1314028
863234 1398067
1075613 1314028
1075613 1398067
1314028 1398067
12352 656708
456698 1446181
284186 660893
284186 747062
284186 1465885
660893 747062
660893 1465885
747062 1465885
263857 828509
263857 895976
263857 1117552
828509 895976
828509 1117552
895976 1117552
460468 1144712
460468 1402330
1144712 1402330
129559 775697
129559 1002278
775697 1002278
1173209 1320605
424461 587621
424461 1065128
587621 1065128
331982 1170704
374762 1153772
1058278 1411340
284186 820522
284186 1413692
820522 1413692
824708 1192197
105362 805424
105362 1206500
105362 1219355
105362 1298315
105362 1457180
805424 1206500
805424 1219355
805424 1298315
805424 1457180
1206500 1219355
1206500 1298315
1206500 1457180
1219355 1298315
1219355 1457180
1298315 1457180
239750 313749
324123 870903
324123 993835
870903 993835
628516 1313441
166927 678041
166927 983017
166927 1141414
678041 983017
678041 1141414
983017 1141414
18125 492610
203821 404481
203821 636871
203821 1241324
404481 636871
404481 1241324
636871 1241324
404481 962459
404481 1137997
962459 1137997
172609 691071
172609 869816
172609 1489547
691071 869816
691071 1489547
869816 1489547
36011 40604
36011 793804
36011 977661
36011 1064275
36011 1069689
36011 1455558
40604 793804
40604 977661
40604 1064275
40604 1069689
40604 1455558
793804 977661
793804 1064275
793804 1069689
793804 1455558
977661 1064275
977661 1069689
977661 1455558
1064275 1069689
1064275 1455558
1069689 1455558
222313 663299
222313 758770
222313 913453
663299 758770
663299 913453
758770 913453
609462 1038765
858089 1038765
148323 343825
778200 889734
240700 526261
240700 862285
526261 862285
61059 172583
61059 520288
172583 520288
52073 878657
121653 565459
808801 913729
586933 866683
586933 1138737
866683 1138737
671488 1066884
88243 105232
88243 1126553
105232 1126553
479660 1516812
259975 899145
254908 1447925
274065 408560
1467122 1468291
486267 1166188
202173 408575
104666 1339007
117471 391496
117471 553402
117471 822681
117471 1131623
391496 553402
391496 822681
391496 1131623
553402 822681
553402 1131623
822681 1131623
25732 1077461
350112 1235879
7018 46452
7018 218130
46452 218130
692316 730969
692316 730969
103505 237601
664327 989353
853383 892593
226157 291207
18406 93244
915674 1389990
135953 1454699
541900 1100230
74831 75240
66883 625022
739180 1294815
739180 1294815
87151 257279
881804 1376642
227736 404730
227736 822317
404730 822317
147761 424493
147761 831958
424493 831958
267240 1316087
341166 980257
341166 1101861
980257 1101861
148279 557132
399724 1063923
93309 311514
330159 1117687
415820 1509981
159241 718888
159241 1099153
718888 1099153
387380 935628
387380 1375664
935628 1375664
399684 720063
634655 991478
957594 1205398
216559 1426822
1315562 1353714
22247 376968
22247 710724
22247 1054818
376968 710724
376968 1054818
710724 1054818
1237091 1386098
698773 1077194
569363 710724
569363 1346097
710724 1346097
510509 671712
510509 710724
510509 1446645
671712 710724
671712 1446645
710724 1446645
541422 1097979
343925 494827
928017 938259
334244 669301
334244 745979
669301 745979
223730 383584
223730 539177
223730 603409
383584 539177
383584 603409
539177 603409
1047642 1370343
18793 1098747
18793 1451586
1098747 1451586
302513 952807
75185 683803
75185 1177849
683803 1177849
1370343 1477107
266454 625630
175477 1004691
673689 918060
761667 860604
761667 1245617
860604 1245617
177413 583782
177413 775697
177413 1282401
583782 775697
583782 1282401
775697 1282401
200412 1397426
355079 781342
160162 637214
1218580 1422080
10697 41170
378353 1282401
7018 46452
7018 681390
46452 681390
896862 957635
8429 858642
747197 1285858
251961 711859
255053 783169
336221 1150309
141246 418905
141246 505683
418905 505683
66883 570104
66883 619774
570104 619774
975335 1103321
51459 228126
66883 625022
14673 80540
14673 916768
80540 916768
366917 557150
366917 633430
557150 633430
15412 411323
15412 555301
15412 892009
411323 555301
411323 892009
555301 892009
945643 1413235
50007 945643
16183 1166031
487369 1130020
899946 1170216
94886 621370
94886 1043037
94886 1439965
621370 1043037
621370 1439965
1043037 1439965
925525 953036
786800 1141803
786800 1449597
786800 1460024
1141803 1449597
1141803 1460024
1449597 1460024
563889 782074
563889 921677
563889 1372564
782074 921677
782074 1372564
921677 1372564
633912 1076878
803627 1087619
803627 1194383
1087619 1194383
552815 936815
1087619 1194383
590083 748438
590083 1057763
590083 1065612
748438 1057763
748438 1065612
1057763 1065612
257416 1299335
306240 525686
84364 1032611
1072932 1086888
301978 327168
301978 389309
327168 389309
19586 277527
19586 637186
19586 1071762
277527 637186
277527 1071762
637186 1071762
915708 1269137
1224228 1246611
168073 1087619
168073 1194383
1087619 1194383
219549 861687
219549 1139250
861687 1139250
1149275 1171190
173806 228605
443677 697506
546090 1339305
99828 895559
99828 969113
895559 969113
442577 961794
382940 387302
508780 637037
125394 226157
125394 291207
125394 296263
226157 291207
226157 296263
291207 296263
99828 108166
99828 1454952
108166 1454952
346706 1245617
626106 1099663
236200 488889
131230 782425
131230 843924
131230 1264878
782425 843924
782425 1264878
843924 1264878
711859 747197
984485 1350519
470814 863057
470814 1248073
863057 1248073
22247 801001
22247 1054818
22247 1298202
801001 1054818
801001 1298202
1054818 1298202
458389 636351
166910 860187
90841 175477
552095 604016
368754 377155
368754 499903
377155 499903
766177 1327501
183626 939188
64309 1446133
231498 487388
231498 487388
568029 1477193
11963 67698
943255 1155180
943255 1476170
1155180 1476170
740120 785918
740120 1438240
785918 1438240
1123968 1261170
208567 369882
208567 736142
208567 1232423
369882 736142
369882 1232423
736142 1232423
347663 775055
20828 595327
569159 812647
801850 1081013
812647 878900
144010 413295
745671 1111246
884765 1394287
580368 1188070
580368 1338984
1188070 1338984
470359 1135800
770340 1159340
108727 285403
611180 813851
773470 1236048
232510 823664
223993 557262
175477 628542
175477 1026582
628542 1026582
996812 1298325
788408 1393215
647930 688886
647930 1447752
688886 1447752
902205 1048727
902205 1282801
1048727 1282801
720671 734379
720671 1096402
720671 1377983
734379 1096402
734379 1377983
1096402 1377983
85144 327962
85144 523079
85144 1364299
327962 523079
327962 1364299
523079 1364299
357647 546661
579861 640021
579861 1390584
640021 1390584
179248 1135820
186231 418567
186231 1444587
418567 1444587
540270 705749
540270 1409622
705749 1409622
197735 314797
106358 206819
405756 628542
405756 954360
628542 954360
635115 1503455
105219 1341747
828223 951674
340688 577102
128978 519878
380502 449681
150513 396594
415146 422422
267750 524907
412623 862439
412623 1150309
862439 1150309
738750 1315922
557643 611180
557643 618547
611180 618547
8429 355079
243727 574355
243727 1141289
574355 1141289
41170 156445
146897 474276
74831 916768
162294 314407
80540 1155180
9387 80540
468379 600415
468379 707973
600415 707973
618547 794324
412623 583884
747197 1285858
41170 402579
41170 454213
402579 454213
786139 1047084
821304 1035736
678278 905510
340364 1482113
56205 610253
291207 1312303
8437 606041
254057 945808
291795 601505
291795 720865
601505 720865
302353 720224
13232 779920
31225 682150
703911 1353440
217178 891550
217178 932560
891550 932560
63617 762534
509503 836305
66244 608568
66244 936290
66244 1478464
608568 936290
608568 1478464
936290 1478464
13848 57750
13848 194320
57750 194320
70508 113778
232866 631470
11981 1044414
205591 1215146
169968 635348
443324 581725
443324 805122
581725 805122
218934 352511
218934 381009
218934 606354
218934 1215280
218934 1535216
352511 381009
352511 606354
352511 1215280
352511 1535216
381009 606354
381009 1215280
381009 1535216
606354 1215280
606354 1535216
1215280 1535216
161602 461617
486209 1198969
486209 1508669
1198969 1508669
519886 1068410
159275 1429192
5261 223678
5261 490008
223678 490008
590194 1429028
590194 1512933
1429028 1512933
357837 697818
15645 1187457
485267 820585
284449 312377
284449 328420
284449 751573
284449 1296194
312377 328420
312377 751573
312377 1296194
328420 751573
328420 1296194
751573 1296194
677251 712068
18556 1298736
435183 625664
435183 961349
625664 961349
162811 1361788
144303 570104
144303 754248
570104 754248
97005 1361217
9145 20371
9145 752489
20371 752489
30495 216029
303576 358919
511060 1311097
678012 752447
821304 1325052
76989 346802
76989 619350
346802 619350
187262 1110360
100982 162811
842095 1352930
42133 1163738
490934 842044
30733 221050
276737 885888
668030 1340193
886593 1389425
282114 1156268
699779 1038331
184802 344909
184802 1282401
344909 1282401
244774 431086
244774 514689
244774 948457
431086 514689
431086 948457
514689 948457
961341 1043129
78379 449681
176537 1513380
724400 1450659
149156 437976
149156 1023956
437976 1023956
324380 368286
368882 523413
270840 1524433
711859 747197
855443 956747
400682 612762
563759 782942
240108 589660
36441 1294815
700023 813600
344630 534615
879627 961341
879627 1043129
961341 1043129
1237091 1386098
154542 323845
492761 517620
1254930 1494520
769484 1350519
65661 1076755
754305 1384074
692620 720240
692620 1250064
692620 1380900
720240 1250064
720240 1380900
1250064 1380900
40980 708047
40980 775041
40980 1094144
708047 775041
708047 1094144
775041 1094144
61907 122085
842095 877244
842095 884222
842095 1068045
842095 1087875
842095 1328904
877244 884222
877244 1068045
877244 1087875
877244 1328904
884222 1068045
884222 1087875
884222 1328904
1068045 1087875
1068045 1328904
1087875 1328904
472203 1505314
286746 1158858
602545 914055
101833 669956
101833 1078404
669956 1078404
63594 980134
355744 1487357
416556 1220779
223019 931482
165101 1295759
165101 1295759
154838 448238
154838 488441
448238 488441
162780 261551
558631 1489028
230433 1339451
634019 754765
640152 715728
640152 855475
715728 855475
278283 587894
481104 1382610
478078 690122
877244 1068045
877244 1068045
42133 556568
396955 1392043
35318 1372735
842095 1035388
211220 319775
211220 793857
319775 793857
17830 43427
270309 383746
35318 1372735
201232 489526
89953 979222
794389 1240007
138729 750269
122856 1033530
86930 320981
1135543 1271020
405477 1045170
99026 425961
99026 781660
425961 781660
251309 1339568
133490 331191
541422 1062865
244398 524907
243404 1002368
251340 386143
251340 854112
386143 854112
42133 1163738
42133 1313511
1163738 1313511
96449 706234
90841 175477
90841 1004691
175477 1004691
90615 308378
90615 1113418
308378 1113418
9786 387302
9786 1212681
387302 1212681
166910 860187
115666 570723
766286 1386438
695033 1145586
102908 662666
610636 1081213
366917 1418535
35076 441547
610071 1145980
37750 234902
251397 844438
165511 503440
165511 503440
8703 196252
75238 545922
545922 1353714
286771 566960
286771 674531
286771 1506175
566960 674531
566960 1506175
674531 1506175
798 28831
798 775697
798 799641
28831 775697
28831 799641
775697 799641
154998 469576
548015 593879
82415 914925
82415 1503555
914925 1503555
6375 384486
6375 433983
384486 433983
38635 1276177
335913 515700
524907 555772
77141 152849
219529 336393
219529 456734
219529 710915
336393 456734
336393 710915
456734 710915
818249 832284
818249 1296781
818249 1444024
832284 1296781
832284 1444024
1296781 1444024
888777 1186228
230433 425115
230433 660116
230433 791189
660116 791189
116626 207579
116626 500421
207579 500421
645523 1326866
201232 1014171
740598 1247321
104763 913296
124865 1280922
976972 1072371
544990 657630
423313 460821
745101 982087
260239 438961
80879 686795
304734 609776
304734 920857
304734 1518080
609776 920857
609776 1518080
920857 1518080
405534 854123
33039 453887
26154 373711
576625 594797
676622 714177
146876 1503180
42361 275880
414912 1525550
1300333 44044
642995 177225
338606 1165896
562193 18890
914711 30316
914711 334352
30316 334352
519858 171494
1187181 367230
1187181 986902
1187181 446809
367230 986902
367230 446809
986902 446809
217777 531639
122085 61907
