807342 1294065
412623 963489
9387 80540
418529 459927
418529 1176408
459927 1176408
275781 508780
1270100 1528289
147092 1115768
147092 1483035
1115768 1483035
528749 881615
361007 414873
218074 633482
218074 1232564
633482 1232564
300385 697382
300385 697386
697382 697386
403312 546829
241379 312119
241379 1315371
312119 1315371
403313 1500297
395910 443677
881086 1218774
637454 724888
218413 758489
218413 1476712
758489 1476712
587450 1476712
1684 498065
145135 149492
145135 403080
145135 412623
149492 403080
149492 412623
403080 412623
109089 736971
104114 965905
892138 942533
892138 1366501
942533 1366501
217777 225815
217777 1528335
225815 1528335
459804 1311572
459804 1406104
1311572 1406104
144735 1301091
183622 1030569
53317 992750
108472 1067958
280039 933615
280039 1022858
933615 1022858
293707 427282
293707 1167335
427282 1167335
23053 63297
202948 540297
202948 1468084
540297 1468084
322 620477
322 769057
322 903256
322 981064
620477 769057
620477 903256
620477 981064
769057 903256
769057 981064
903256 981064
794243 795408
555191 1115536
618403 901904
226687 460274
203485 627801
735820 1279483
798 568357
3211 1222276
666 1094356
70530 183545
284224 365248
255903 364744
255903 844595
255903 1525340
364744 844595
364744 1525340
844595 1525340
783222 997525
133944 783222
133944 997525
133944 1453502
783222 997525
783222 1453502
997525 1453502
311226 1261472
499483 515568
229281 802321
207942 468707
546276 1480220
498421 901795
498421 1281441
901795 1281441
29301 207942
29301 412142
207942 412142
423183 666410
455635 860488
455635 1315305
860488 1315305
18451 510544
18451 1128401
510544 1128401
229281 844595
351352 947684
22325 499483
255903 511445
255903 1527323
511445 1527323
580755 595960
580755 1318218
595960 1318218
637733 856799
637733 1090662
637733 1153346
856799 1090662
856799 1153346
1090662 1153346
587727 885693
224725 1019027
229281 486477
229281 972371
486477 972371
184825 1222276
1163738 1222276
598228 706536
598228 711147
706536 711147
241359 347561
241359 426986
347561 426986
399769 936164
399769 1233632
936164 1233632
537295 907583
394583 810293
447372 1276700
177311 207078
177311 638552
207078 638552
788407 947203
246751 1352680
142934 398819
142934 488081
142934 701831
398819 488081
398819 701831
488081 701831
399724 642495
914711 1503451
560153 918205
38620 603140
340364 1385184
430196 1388276
15412 280339
336280 779590
148105 254057
162652 491463
289181 802507
7451 349806
219882 689332
118865 889117
104114 476448
501368 926119
501368 967652
926119 967652
108472 226256
108472 818469
226256 818469
906281 1175286
98908 636763
667383 912380
576780 584988
576780 840543
576780 1496944
584988 840543
584988 1496944
840543 1496944
22414 120884
22414 799045
22414 1334543
120884 799045
120884 1334543
799045 1334543
134589 781431
424166 451704
336280 586223
336280 1353714
586223 1353714
191832 1406614
628945 904597
795588 889494
1097405 1104966
622747 676915
164203 945233
164203 1243144
164203 1252423
945233 1243144
945233 1252423
1243144 1252423
1874 483321
33601 148564
33601 326408
148564 326408
184931 546965
517251 1464740
517251 1243612
612809 843110
429893 639270
374111 843110
374111 894587
843110 894587
672871 929989
97198 754098
428732 756640
293421 731489
761886 949631
752413 790409
770725 789284
361325 1104967
70564 991185
922457 1231238
584249 1236048
137674 538785
29204 687039
647115 711847
22246 1104488
22246 1176897
1104488 1176897
414163 777667
414163 1107580
777667 1107580
893632 1134817
564363 837989
15773 469905
217122 631237
217122 874953
631237 874953
25917 385052
660546 1498050
50353 1317282
236063 320905
236063 1188293
236063 1381956
320905 1188293
320905 1381956
1188293 1381956
7374 925916
663534 818921
114653 243284
114653 362278
243284 362278
285853 362278
849098 867348
849098 1413010
867348 1413010
849098 867348
849098 1413010
867348 1413010
243284 362278
243284 1126549
362278 1126549
376251 526172
376251 1240191
526172 1240191
326933 595999
162294 195272
162294 402579
162294 460364
162294 541900
195272 402579
195272 460364
195272 541900
402579 460364
402579 541900
460364 541900
412623 540910
412623 857771
412623 862439
540910 857771
540910 862439
857771 862439
13511 685271
392755 599127
392755 1231631
599127 1231631
618547 794324
44535 131476
44535 196045
44535 744230
44535 1212681
131476 196045
131476 744230
131476 1212681
196045 744230
196045 1212681
744230 1212681
18113 635729
8854 657154
73314 177466
73314 975258
177466 975258
21665 196045
21665 744230
21665 1212681
196045 744230
196045 1212681
744230 1212681
136399 471434
74831 401721
128567 502466
128567 763876
502466 763876
423242 1494150
1147825 1487241
844203 849593
111351 213305
248994 673550
242514 296427
242514 645206
296427 645206
91683 744747
66883 73314
471389 1339007
788734 1110623
237708 252296
113059 540910
113059 619774
113059 857771
113059 944226
540910 619774
540910 857771
540910 944226
619774 857771
619774 944226
857771 944226
806477 1070303
806477 1153214
1070303 1153214
537357 563743
537357 871773
563743 871773
355297 1368269
355297 1503594
1368269 1503594
294239 894286
1012366 1315656
1012366 1382289
1315656 1382289
471316 790285
245090 297651
28480 328687
28480 1117687
328687 1117687
472001 1533541
1237800 1261277
887121 1224103
409089 1211513
366111 1400509
288123 305601
1167511 1391030
34937 309196
811405 1063135
442156 1368269
108472 155301
695202 866651
598228 711147
638207 843699
638207 866849
843699 866849
22505 295870
22505 422624
22505 712475
295870 422624
295870 712475
422624 712475
97489 493012
97489 1091809
493012 1091809
298031 450386
298031 1019568
298031 1132006
450386 1019568
450386 1132006
1019568 1132006
50084 288862
702 783939
702 1525785
783939 1525785
321778 1349854
256296 706911
427924 1018789
298430 729788
298430 812831
729788 812831
145600 220233
54275 1029661
398819 725264
398819 1039934
725264 1039934
270129 519141
270129 758615
270129 773963
270129 1099124
519141 758615
519141 773963
519141 1099124
758615 773963
758615 1099124
773963 1099124
390404 905918
108599 349194
59139 86994
59139 719149
86994 719149
727467 969113
45226 375239
216918 1315922
664327 989353
444110 511002
166819 700667
1480610 1534337
72693 401566
72693 410418
401566 410418
433819 1315922
321521 385906
604016 981231
113059 540910
175477 543781
135207 1164200
827558 943582
147092 1115768
158916 329063
179984 826879
179984 1144712
826879 1144712
37637 95321
37637 137795
37637 208932
37637 315114
37637 334117
37637 535198
37637 597774
37637 863491
37637 867442
37637 1269457
37637 1315633
37637 1399445
95321 137795
95321 208932
95321 315114
95321 334117
95321 535198
95321 597774
95321 863491
95321 867442
95321 1269457
95321 1315633
95321 1399445
137795 208932
137795 315114
137795 334117
137795 535198
137795 597774
137795 863491
137795 867442
137795 1269457
137795 1315633
137795 1399445
208932 315114
208932 334117
208932 535198
208932 597774
208932 863491
208932 867442
208932 1269457
208932 1315633
208932 1399445
315114 334117
315114 535198
315114 597774
315114 863491
315114 867442
315114 1269457
315114 1315633
315114 1399445
334117 535198
334117 597774
334117 863491
334117 867442
334117 1269457
334117 1315633
334117 1399445
535198 597774
535198 863491
535198 867442
535198 1269457
535198 1315633
535198 1399445
597774 863491
597774 867442
597774 1269457
597774 1315633
597774 1399445
863491 867442
863491 1269457
863491 1315633
863491 1399445
867442 1269457
867442 1315633
867442 1399445
1269457 1315633
1269457 1399445
1315633 1399445
568720 693065
568720 918757
568720 1068432
693065 918757
693065 1068432
918757 1068432
310108 612891
310108 1440793
310108 1510513
612891 1440793
612891 1510513
1440793 1510513
273905 926335
273905 1000179
273905 1046860
926335 1000179
926335 1046860
1000179 1046860
7650 76976
74397 149109
74397 1097677
149109 1097677
302780 533542
49466 240632
49466 368562
49466 593162
240632 368562
240632 593162
368562 593162
243315 409849
280288 802288
280288 1095825
802288 1095825
179993 294346
179993 1162707
294346 1162707
237128 469818
534798 972220
219530 547118
158441 215916
158441 780280
158441 960640
158441 1364231
215916 780280
215916 960640
215916 1364231
780280 960640
780280 1364231
960640 1364231
226133 327525
113778 554044
113778 1507917
554044 1507917
297651 1512449
572632 781560
705129 1077824
705129 1120974
705129 1280467
1077824 1120974
1077824 1280467
1120974 1280467
382809 589976
82611 1038473
166607 810406
613920 733137
230433 315776
230433 342013
230433 439192
230433 933646
230433 1359260
315776 342013
315776 439192
315776 933646
315776 1359260
342013 439192
342013 933646
342013 1359260
439192 933646
439192 1359260
933646 1359260
77141 163440
13720 377002
13720 503633
13720 1490339
377002 503633
377002 1490339
503633 1490339
262064 1196296
580796 775697
580796 1108563
775697 1108563
590699 683522
590699 978202
683522 978202
433277 470430
433277 659276
433277 1024698
470430 659276
470430 1024698
659276 1024698
38989 166833
38989 276132
38989 288074
38989 422447
38989 673786
38989 722238
166833 276132
166833 288074
166833 422447
166833 673786
166833 722238
276132 288074
276132 422447
276132 673786
276132 722238
288074 422447
288074 673786
288074 722238
422447 673786
422447 722238
673786 722238
557599 1392839
89620 807521
89620 964463
89620 1346425
807521 964463
807521 1346425
964463 1346425
274988 684201
274988 1468247
684201 1468247
145911 415617
145911 703909
415617 703909
794234 818860
206682 581365
206682 970102
581365 970102
212145 947462
514927 849992
199194 498715
199194 712977
199194 820993
498715 712977
498715 820993
712977 820993
139368 1486675
827184 1346902
638362 693065
638362 1068432
638362 1290686
693065 1068432
693065 1290686
1068432 1290686
69788 319272
69788 665869
69788 671065
69788 959094
319272 665869
319272 671065
319272 959094
665869 671065
665869 959094
671065 959094
80431 1046031
92191 558539
92191 603484
558539 603484
141388 945808
47006 95289
557409 606197
232383 1007782
275773 722348
1397124 1481037
428175 798759
308037 1360264
36575 183915
424983 549512
424983 775339
424983 1007171
424983 1492245
549512 775339
549512 1007171
549512 1492245
775339 1007171
775339 1492245
1007171 1492245
431003 630712
293518 953933
72852 169459
72852 630712
169459 630712
437191 494280
62208 969045
62208 1368728
969045 1368728
472428 1202652
472428 1279799
1202652 1279799
22246 1104488
22246 1176897
1104488 1176897
851693 1073358
1305791 1534620
388063 1327890
673550 1327890
829093 1138931
576413 751267
217122 1535240
661623 973112
618547 794324
257614 476661
166819 700667
949467 955072
73979 728684
329063 1105852
404303 1393215
611983 1522566
632038 1157779
781239 1379953
377941 378466
130194 174221
130194 745599
174221 745599
353703 462691
199445 1059180
824562 1048733
32351 936164
394583 774653
394583 810293
774653 810293
202947 228484
202947 442577
228484 442577
291207 509314
291207 740318
509314 740318
634664 1536819
7888 745127
99076 140278
99076 740553
99076 873172
99076 951094
99076 1159253
99076 1426628
140278 740553
140278 873172
140278 951094
140278 1159253
140278 1426628
740553 873172
740553 951094
740553 1159253
740553 1426628
873172 951094
873172 1159253
873172 1426628
951094 1159253
951094 1426628
1159253 1426628
224191 773503
55651 260354
55651 449315
55651 1441860
260354 449315
260354 1441860
449315 1441860
717051 1275481
718966 827666
718966 1443019
827666 1443019
1062520 1289314
327941 351001
327941 792395
351001 792395
306251 527908
306251 920780
527908 920780
444793 828308
504311 545782
458042 509183
132295 363154
510808 732607
123790 661946
707973 1459938
422447 722238
471316 770134
8429 636875
66304 165236
183941 882994
183941 1469364
882994 1469364
17543 157754
177432 516322
177432 1537698
516322 1537698
142557 150743
377647 607688
524614 589421
142557 1270634
157754 1179022
188391 313584
188391 513235
313584 513235
546338 1413276
122905 344444
412623 862439
365567 1086024
365567 1520545
1086024 1520545
58801 148279
1179420 1277895
396635 1076787
373293 477062
373293 748101
477062 748101
6375 823312
6375 912281
823312 912281
282822 1368728
254216 441547
465684 985236
221874 819820
38635 800867
38635 1201043
800867 1201043
725152 889949
725152 1267439
889949 1267439
4927 381009
135203 135207
135203 1164199
135207 1164199
291114 1169337
291114 1172961
1169337 1172961
808443 1256978
158206 280224
705218 954924
230393 291719
230393 607489
291719 607489
48276 141265
48276 955510
141265 955510
41351 62872
41351 396331
62872 396331
744230 1212681
291207 509314
291207 740318
509314 740318
235711 394599
235711 476661
394599 476661
336597 349172
560252 1263469
461170 1329807
34062 251064
167452 431053
626013 1163997
66806 148279
66806 1253086
148279 1253086
661153 740800
134589 781431
134589 1269631
781431 1269631
98668 381647
173433 570655
844075 1281750
3474 1311687
113059 619774
113059 944226
619774 944226
149492 403080
149492 638966
403080 638966
788407 947203
460468 657153
9512 172060
9512 379504
9512 422056
9512 488839
9512 493012
9512 655346
9512 1356992
172060 379504
172060 422056
172060 488839
172060 493012
172060 655346
172060 1356992
379504 422056
379504 488839
379504 493012
379504 655346
379504 1356992
422056 488839
422056 493012
422056 655346
422056 1356992
488839 493012
488839 655346
488839 1356992
493012 655346
493012 1356992
655346 1356992
521804 992750
73137 88521
73137 563619
73137 1358946
88521 563619
88521 1358946
563619 1358946
403055 458344
786232 844438
786232 1147131
844438 1147131
256583 385906
188391 313584
188391 513235
313584 513235
403055 458344
403055 1011142
458344 1011142
321521 1139257
321521 1262442
1139257 1262442
430575 1169337
430575 1357608
1169337 1357608
122905 344444
247275 248027
247275 942744
248027 942744
9261 399114
9261 629276
399114 629276
457685 1530532
424988 1005800
488393 992732
488393 1227019
992732 1227019
488393 1227019
488393 1262528
1227019 1262528
338062 827184
108488 164628
108488 214679
108488 335265
108488 386737
108488 719756
108488 750397
164628 214679
164628 335265
164628 386737
164628 719756
164628 750397
214679 335265
214679 386737
214679 719756
214679 750397
335265 386737
335265 719756
335265 750397
386737 719756
386737 750397
719756 750397
607688 787478
357444 657153
113778 146382
113778 174690
113778 554044
113778 1242110
146382 174690
146382 554044
146382 1242110
174690 554044
174690 1242110
554044 1242110
413430 471290
413430 1081468
471290 1081468
71817 205044
245977 475962
453568 475962
195190 661158
145907 219528
145907 228950
145907 245977
145907 379949
145907 382809
145907 447802
145907 487014
145907 1460093
219528 228950
219528 245977
219528 379949
219528 382809
219528 447802
219528 487014
219528 1460093
228950 245977
228950 379949
228950 382809
228950 447802
228950 487014
228950 1460093
245977 379949
245977 382809
245977 447802
245977 487014
245977 1460093
379949 382809
379949 447802
379949 487014
379949 1460093
382809 447802
382809 487014
382809 1460093
447802 487014
447802 1460093
487014 1460093
586561 763128
292929 417379
292929 728747
417379 728747
221428 593017
221428 626013
593017 626013
149492 412623
149492 443677
149492 638966
412623 443677
412623 638966
443677 638966
156445 364498
8854 663433
123716 541900
91683 353993
91683 499257
353993 499257
20467 73314
20467 177466
20467 707439
20467 975258
73314 177466
73314 707439
73314 975258
177466 707439
177466 975258
707439 975258
136399 794183
74831 84798
74831 1537127
84798 1537127
711859 876870
642587 935840
74831 1537127
1240218 1368728
128567 763876
136399 460468
136399 1393215
460468 1393215
120738 1481635
412623 680446
74831 97270
74831 527025
97270 527025
499903 1487957
499903 1487957
372535 404303
372535 460468
372535 1393215
404303 460468
404303 1393215
460468 1393215
831266 1234684
29204 160385
296427 645206
349194 816095
33347 499466
33347 507895
33347 1428600
499466 507895
499466 1428600
507895 1428600
113684 529990
282822 1368728
417832 892138
417832 942533
892138 942533
558925 788407
558925 888567
558925 1258746
788407 888567
788407 1258746
888567 1258746
1185079 1465404
190715 501103
626013 652398
134589 311514
134589 320145
134589 399724
311514 320145
311514 399724
320145 399724
104114 537295
72733 1154834
72733 1518157
1154834 1518157
3474 339224
3474 1519380
339224 1519380
1053558 1469065
254283 349837
254283 644179
254283 967638
349837 644179
349837 967638
644179 967638
619774 804399
666 93309
666 121222
666 201631
666 236392
666 254057
666 271349
666 311514
666 339224
666 348228
666 401959
666 486570
666 707992
666 942590
666 1054091
666 1057049
93309 121222
93309 201631
93309 236392
93309 254057
93309 271349
93309 311514
93309 339224
93309 348228
93309 401959
93309 486570
93309 707992
93309 942590
93309 1054091
93309 1057049
121222 201631
121222 236392
121222 254057
121222 271349
121222 311514
121222 339224
121222 348228
121222 401959
121222 486570
121222 707992
121222 942590
121222 1054091
121222 1057049
201631 236392
201631 254057
201631 271349
201631 311514
201631 339224
201631 348228
201631 401959
201631 486570
201631 707992
201631 942590
201631 1054091
201631 1057049
236392 254057
236392 271349
236392 311514
236392 339224
236392 348228
236392 401959
236392 486570
236392 707992
236392 942590
236392 1054091
236392 1057049
254057 271349
254057 311514
254057 339224
254057 348228
254057 401959
254057 486570
254057 707992
254057 942590
254057 1054091
254057 1057049
271349 311514
271349 339224
271349 348228
271349 401959
271349 486570
271349 707992
271349 942590
271349 1054091
271349 1057049
311514 339224
311514 348228
311514 401959
311514 486570
311514 707992
311514 942590
311514 1054091
311514 1057049
339224 348228
339224 401959
339224 486570
339224 707992
339224 942590
339224 1054091
339224 1057049
348228 401959
348228 486570
348228 707992
348228 942590
348228 1054091
348228 1057049
401959 486570
401959 707992
401959 942590
401959 1054091
401959 1057049
486570 707992
486570 942590
486570 1054091
486570 1057049
707992 942590
707992 1054091
707992 1057049
942590 1054091
942590 1057049
1054091 1057049
72816 399673
72816 492463
72816 557900
72816 687219
399673 492463
399673 557900
399673 687219
492463 557900
492463 687219
557900 687219
149492 403080
630608 857485
207887 299906
207887 1258037
299906 1258037
115859 650952
46630 1502607
223057 252511
223057 586864
223057 588333
223057 1199733
223057 1369233
223057 1514671
252511 586864
252511 588333
252511 1199733
252511 1369233
252511 1514671
586864 588333
586864 1199733
586864 1369233
586864 1514671
588333 1199733
588333 1369233
588333 1514671
1199733 1369233
1199733 1514671
1369233 1514671
568094 1255254
568094 1319540
1255254 1319540
405040 1478919
220844 254057
220844 707992
220844 877722
220844 1054091
254057 707992
254057 877722
254057 1054091
707992 877722
707992 1054091
877722 1054091
76774 1012979
76774 1368809
1012979 1368809
506972 1343083
212195 627311
212195 1468456
627311 1468456
28410 451704
237645 1226589
684456 866482
684456 1280605
866482 1280605
24469 882442
24469 1255049
882442 1255049
17486 97818
17486 951419
17486 1324411
97818 951419
97818 1324411
951419 1324411
801377 1357270
293518 709803
165064 284622
678909 1340875
707973 1031946
707973 1255978
1031946 1255978
121653 1171190
615295 923384
698163 1413231
222986 843478
89365 786139
697672 789216
62543 147092
62543 1115768
147092 1115768
773454 1180678
329063 387917
148253 827184
11205 153487
514790 1461898
287222 330092
139188 141898
139188 299003
139188 302508
139188 1333734
141898 299003
141898 302508
141898 1333734
299003 302508
299003 1333734
302508 1333734
62548 702488
62548 1000179
62548 1460764
62548 1494512
62548 1500737
702488 1000179
702488 1460764
702488 1494512
702488 1500737
1000179 1460764
1000179 1494512
1000179 1500737
1460764 1494512
1460764 1500737
1494512 1500737
144303 570104
148323 673574
576894 748338
442655 483118
442655 763148
483118 763148
246588 954324
546850 603526
546850 844438
546850 1396029
603526 844438
603526 1396029
844438 1396029
12890 755254
12890 1317702
755254 1317702
121484 123716
121484 541900
123716 541900
656260 1208591
216918 1315922
941852 1000181
746433 899567
476597 583313
266523 1107849
254216 441547
421066 734919
410173 474591
410173 978376
410173 1179022
474591 978376
474591 1179022
978376 1179022
156445 519573
156445 1205066
519573 1205066
578036 1042304
578036 1042304
84502 106124
84502 781527
106124 781527
150636 164076
150636 363154
164076 363154
154209 1009505
154209 1447703
1009505 1447703
520392 724107
87524 1093941
495620 905407
42133 137017
260809 823355
260809 830367
823355 830367
621217 1345516
775697 1002278
271453 1109423
271453 1204966
271453 1448593
1109423 1204966
1109423 1448593
1204966 1448593
74831 1120181
200545 488428
73342 225822
482092 568526
45161 235437
45161 692162
45161 1416385
235437 692162
235437 1416385
692162 1416385
246668 1012960
246668 1491534
1012960 1491534
184449 352760
184449 491263
352760 491263
419355 647891
419355 1283962
647891 1283962
549195 968324
549195 1520883
968324 1520883
211436 509473
211436 794776
509473 794776
159547 326631
159547 782586
326631 782586
343250 1075043
214092 571775
544080 722411
544080 999355
722411 999355
418281 624014
418281 1037583
624014 1037583
669899 765258
408967 530867
249424 629024
80789 148466
80789 790966
80789 1306182
148466 790966
148466 1306182
790966 1306182
122053 127396
122053 1320042
127396 1320042
385833 716977
385833 1129136
716977 1129136
584498 717575
175168 242489
175168 423452
242489 423452
175168 242489
175168 423452
242489 423452
254575 1045311
1189410 1300990
218074 616453
218074 633482
218074 651247
616453 633482
616453 651247
633482 651247
38253 83267
38253 1289663
83267 1289663
215019 815161
535334 920725
1110 1229413
887227 1235776
619331 1086102
308266 683703
308266 714324
683703 714324
361233 520288
647762 858019
647762 1477489
573148 951553
13848 1483413
447773 535969
972991 1152268
256742 1327305
180569 266523
180569 679159
266523 679159
212196 295638
360305 806477
360305 1070303
360305 1395368
806477 1070303
806477 1395368
1070303 1395368
551176 693231
147180 847269
739783 939212
5589 148103
5589 1206953
148103 1206953
507040 1222276
266183 461617
604294 1236207
494362 604294
799343 1085919
128905 263872
128905 1269284
263872 1269284
884881 1153634
269064 991590
269064 1322369
991590 1322369
274500 659538
848506 1039464
799343 1116036
50238 159469
120231 657991
557255 1203509
57750 1230372
820972 1525257
476115 821275
720063 994335
501368 967652
257752 533545
23957 75238
23957 775697
75238 775697
155069 833426
244732 528013
244732 536828
244732 1189141
244732 1200991
528013 536828
528013 1189141
528013 1200991
536828 1189141
536828 1200991
1189141 1200991
269109 872822
269109 955712
872822 955712
580100 1071219
580100 1411058
1071219 1411058
1052764 1063662
17830 243284
17830 1441797
243284 1441797
801318 1063662
180251 728124
180251 1069259
728124 1069259
270502 1241270
270502 1463033
1241270 1463033
688713 932279
217777 225815
217777 1528335
225815 1528335
231683 567318
231683 789458
231683 811931
231683 1013859
567318 789458
567318 811931
567318 1013859
789458 811931
789458 1013859
811931 1013859
200456 1074414
338919 1080635
219725 272304
200456 1183124
775697 909871
233625 253908
233625 967805
233625 1215587
253908 967805
253908 1215587
967805 1215587
730955 789058
730955 930229
730955 1012394
730955 1396582
789058 930229
789058 1012394
789058 1396582
930229 1012394
930229 1396582
1012394 1396582
88507 263882
461907 522154
461907 1370590
522154 1370590
105102 150206
105102 191333
105102 241219
105102 581725
105102 969596
150206 191333
150206 241219
150206 581725
150206 969596
191333 241219
191333 581725
191333 969596
241219 581725
241219 969596
581725 969596
180167 1444831
180167 1444831
119159 1379552
263882 449256
666 9512
666 28622
666 39999
666 104763
666 204926
666 351562
666 379504
666 462080
666 488839
666 493012
666 602451
666 655346
666 694423
666 1094356
666 1124207
666 1208991
666 1317196
9512 28622
9512 39999
9512 104763
9512 204926
9512 351562
9512 379504
9512 462080
9512 488839
9512 493012
9512 602451
9512 655346
9512 694423
9512 1094356
9512 1124207
9512 1208991
9512 1317196
28622 39999
28622 104763
28622 204926
28622 351562
28622 379504
28622 462080
28622 488839
28622 493012
28622 602451
28622 655346
28622 694423
28622 1094356
28622 1124207
28622 1208991
28622 1317196
39999 104763
39999 204926
39999 351562
39999 379504
39999 462080
39999 488839
39999 493012
39999 602451
39999 655346
39999 694423
39999 1094356
39999 1124207
39999 1208991
39999 1317196
104763 204926
104763 351562
104763 379504
104763 462080
104763 488839
104763 493012
104763 602451
104763 655346
104763 694423
104763 1094356
104763 1124207
104763 1208991
104763 1317196
204926 351562
204926 379504
204926 462080
204926 488839
204926 493012
204926 602451
204926 655346
204926 694423
204926 1094356
204926 1124207
204926 1208991
204926 1317196
351562 379504
351562 462080
351562 488839
351562 493012
351562 602451
351562 655346
351562 694423
351562 1094356
351562 1124207
351562 1208991
351562 1317196
379504 462080
379504 488839
379504 493012
379504 602451
379504 655346
379504 694423
379504 1094356
379504 1124207
379504 1208991
379504 1317196
462080 488839
462080 493012
462080 602451
462080 655346
462080 694423
462080 1094356
462080 1124207
462080 1208991
462080 1317196
488839 493012
488839 602451
488839 655346
488839 694423
488839 1094356
488839 1124207
488839 1208991
488839 1317196
493012 602451
493012 655346
493012 694423
493012 1094356
493012 1124207
493012 1208991
493012 1317196
602451 655346
602451 694423
602451 1094356
602451 1124207
602451 1208991
602451 1317196
655346 694423
655346 1094356
655346 1124207
655346 1208991
655346 1317196
694423 1094356
694423 1124207
694423 1208991
694423 1317196
1094356 1124207
1094356 1208991
1094356 1317196
1124207 1208991
1124207 1317196
1208991 1317196
537409 724706
27432 38560
27432 92703
27432 186678
27432 716433
38560 92703
38560 186678
38560 716433
92703 186678
92703 716433
186678 716433
45466 196644
47337 107172
64139 124633
64139 183229
64139 698795
64139 817877
64139 1017051
64139 1108033
64139 1116343
64139 1154951
124633 183229
124633 698795
124633 817877
124633 1017051
124633 1108033
124633 1116343
124633 1154951
183229 698795
183229 817877
183229 1017051
183229 1108033
183229 1116343
183229 1154951
698795 817877
698795 1017051
698795 1108033
698795 1116343
698795 1154951
817877 1017051
817877 1108033
817877 1116343
817877 1154951
1017051 1108033
1017051 1116343
1017051 1154951
1108033 1116343
1108033 1154951
1116343 1154951
817877 1108033
817877 1290802
817877 1468984
1108033 1290802
1108033 1468984
1290802 1468984
282507 877722
943629 1296452
170085 1464230
611929 1250590
265277 1434949
696198 1418760
696198 1464592
1418760 1464592
86500 889450
306917 693967
306917 1070908
693967 1070908
475663 1269184
404347 596541
213332 611975
49268 429149
158114 1230463
365131 1228723
313553 1202475
893978 1380001
226089 379072
344909 1339007
8271 233310
639399 847648
363154 377604
79463 1394812
17905 363154
495620 905407
243871 429044
243871 1389160
429044 1389160
133534 626013
838682 866482
402065 825959
947203 1020918
325163 1106559
414163 777667
414163 1107580
777667 1107580
736730 1196485
102055 847285
102055 1049678
847285 1049678
369051 450853
263907 637318
252965 1323163
252965 1362804
409926 1158148
717786 1221209
420342 1453660
162530 1173286
121653 880331
198910 400140
198910 1452880
400140 1452880
905294 1131899
905294 1199427
1131899 1199427
675423 783169
63594 478602
829093 1138931
829093 1393215
102055 847285
102055 1049678
847285 1049678
766926 1307338
175477 923384
166819 923384
1239890 1262478
29204 398703
112461 609861
842634 1182614
842634 1370696
1182614 1370696
236200 488889
71890 1350519
102947 582644
102947 628542
102947 1307329
582644 628542
582644 1307329
628542 1307329
215985 339748
59290 480430
206604 783169
65500 373048
995242 1120751
995242 1207492
1120751 1207492
301345 1372581
552775 636351
862335 1402377
538518 651247
248994 1393215
248994 1523070
1393215 1523070
355878 884905
190914 518888
810335 1408674
810335 1446987
1408674 1446987
256632 522378
256632 554970
522378 554970
995173 1503102
175477 405782
175477 860187
405782 860187
649480 660546
198910 634431
474721 1221209
259175 1273859
42133 287126
42133 287126
276737 540910
301841 1041417
434064 870367
434064 1362363
434064 1383988
1362363 1383988
493012 1188621
200912 529689
322963 973606
191748 516496
191748 725756
191748 899958
516496 725756
516496 899958
725756 899958
311525 689943
311525 715749
311525 1077377
689943 715749
689943 1077377
715749 1077377
10398 1094951
10398 1289293
10398 1538647
1094951 1289293
1094951 1538647
1289293 1538647
483611 792585
483611 894160
483611 969810
792585 894160
792585 969810
894160 969810
147366 179589
147366 1242674
179589 1242674
278108 890433
416782 512757
416782 1036898
416782 1488580
512757 1036898
512757 1488580
1036898 1488580
105289 280809
368670 555222
368670 994213
368670 1393619
555222 994213
555222 1393619
994213 1393619
342073 343942
342073 691389
342073 728678
342073 888482
342073 1164824
343942 691389
343942 728678
343942 888482
343942 1164824
691389 728678
691389 888482
691389 1164824
728678 888482
728678 1164824
888482 1164824
107722 597506
107722 705223
107722 1368979
597506 705223
597506 1368979
705223 1368979
9959 97237
9959 900583
9959 988246
9959 1013188
9959 1104951
9959 1189881
97237 900583
97237 988246
97237 1013188
97237 1104951
97237 1189881
900583 988246
900583 1013188
900583 1104951
900583 1189881
988246 1013188
988246 1104951
988246 1189881
1013188 1104951
1013188 1189881
1104951 1189881
56849 450844
123962 1450096
783977 855696
123962 1050781
110350 268471
1313712 1348591
972859 1372452
28480 328687
28480 1117687
328687 1117687
25915 760068
354637 1204998
181095 1198659
74831 685271
74831 776310
685271 776310
248994 1339007
257752 533545
204049 398819
204049 1039934
398819 1039934
89885 429518
89885 287345
89885 429518
89885 739224
287345 429518
287345 739224
429518 739224
167627 662454
167627 768574
167627 1472060
662454 768574
662454 1472060
768574 1472060
270129 758615
270129 998631
270129 1265942
270129 1293307
758615 998631
758615 1265942
758615 1293307
998631 1265942
998631 1293307
1265942 1293307
75238 775697
53533 1261731
53533 1357197
1261731 1357197
14610 34834
14610 218130
34834 218130
248994 829093
8854 260794
8854 541900
260794 541900
448853 873958
682465 1425929
175477 1004691
175477 1004691
614120 1480054
321521 385906
321521 891842
385906 891842
393789 802288
393789 964688
393789 1152745
802288 964688
802288 1152745
964688 1152745
158206 280224
82796 963489
406589 423242
111459 622489
711859 876870
273086 1368450
551990 816981
215985 965368
215985 965368
332772 643260
332772 1298857
643260 1298857
417052 721117
447551 1060775
863666 1030842
863666 1110021
1030842 1110021
647970 1035006
94417 706234
269742 698428
123716 708916
7018 39843
454931 1464899
302024 1053594
619342 1060799
93244 402229
2523 796099
2523 1226355
796099 1226355
368438 545616
202173 802096
131006 464150
493799 755948
647970 1035006
20044 153347
313274 821304
313274 1374138
821304 1374138
143994 827340
563889 697897
563889 1372564
697897 1372564
460281 589750
105109 509230
53156 307446
521226 706953
340555 353372
340555 522249
353372 522249
582388 1412711
582388 1412711
521226 809873
257780 316745
257780 549370
316745 549370
354112 398819
354112 488081
354112 701831
398819 488081
398819 701831
488081 701831
11125 79820
11125 626707
79820 626707
157754 226256
157754 818469
226256 818469
276008 828094
276008 1163036
828094 1163036
65875 806553
65875 1031883
806553 1031883
31524 179571
911904 1205052
668391 719790
668391 1397649
719790 1397649
668391 719790
668391 1397649
719790 1397649
103766 117443
14323 88066
14323 1492352
88066 1492352
2569 94260
212195 655434
212195 1468456
655434 1468456
73137 88521
73137 908082
88521 908082
102550 324970
177157 598510
413449 832374
276720 830363
138535 399684
138535 770826
138535 1502522
399684 770826
399684 1502522
770826 1502522
229711 622159
614120 1475683
215985 965368
215985 965368
215985 965368
215985 965368
215985 965368
322598 467503
322598 1281801
467503 1281801
27060 835541
852628 1130719
852628 1130719
42284 175477
42284 175477
42284 543781
175477 543781
441360 1221209
283436 1221209
49306 205510
240313 831856
240313 1010410
831856 1010410
1077194 1164948
1077194 1340542
1164948 1340542
253512 1325493
253512 1508467
1325493 1508467
829478 1023794
51184 1145649
51184 521819
1075664 1399198
301840 1068957
285789 540300
599102 947332
75623 994785
850046 1388472
450307 805806
450307 1160885
805806 1160885
599193 646526
700229 1084557
317911 501238
317911 569744
317911 777002
501238 569744
501238 777002
569744 777002
687039 1234684
469905 1134815
240987 673550
240987 709570
240987 959933
673550 709570
673550 959933
709570 959933
698569 992596
691286 1219488
442577 648977
291207 823085
248994 829093
176408 719149
176408 1164482
719149 1164482
474721 1221209
694927 868365
175477 248994
175477 1393215
175477 1523070
248994 1393215
248994 1523070
1393215 1523070
256430 709908
851693 1073358
718888 1099153
74831 481037
405534 550481
405534 804922
405534 854123
550481 804922
550481 854123
804922 854123
633981 1357197
6419 1221347
758548 1520487
401721 988922
42891 136399
435482 1286028
711859 876870
89365 924082
227997 253212
227997 729311
227997 942691
253212 729311
253212 942691
729311 942691
66883 647970
328470 640688
248546 753633
154209 1009505
459927 1362474
39843 251822
39843 377091
251822 377091
551304 744230
165511 984087
165511 1278171
984087 1278171
8093 860187
156445 485767
156445 1124207
485767 1124207
35076 161527
192762 644537
249735 1084737
16183 983914
163985 719729
50007 560916
50007 806335
50007 1075878
50007 1259668
50007 1356429
560916 806335
560916 1075878
560916 1259668
560916 1356429
806335 1075878
806335 1259668
806335 1356429
1075878 1259668
1075878 1356429
1259668 1356429
784708 874759
784708 1065612
874759 1065612
32133 1357627
57424 1124924
431338 969124
431338 1072936
431338 1102520
431338 1201900
431338 1226223
969124 1072936
969124 1102520
969124 1201900
969124 1226223
1072936 1102520
1072936 1201900
1072936 1226223
1102520 1201900
1102520 1226223
1201900 1226223
431338 969124
431338 1226223
969124 1226223
240392 744513
560919 705083
925525 953036
202262 255414
202262 1149702
202262 1516719
255414 1149702
255414 1516719
1149702 1516719
806335 1491293
581385 1388809
3259 287285
3259 672438
3259 1262750
3259 1296757
287285 672438
287285 1262750
287285 1296757
672438 1262750
672438 1296757
1262750 1296757
118379 488982
118379 1367044
488982 1367044
581385 1388809
106486 425425
106486 602852
106486 769794
106486 1440810
106486 1493785
425425 602852
425425 769794
425425 1440810
425425 1493785
602852 769794
602852 1440810
602852 1493785
769794 1440810
769794 1493785
1440810 1493785
32322 990294
80789 148466
80789 148466
6357 364269
6357 446148
6357 663720
364269 446148
364269 663720
446148 663720
1005505 1194383
390727 431338
390727 1165064
431338 1165064
5990 1305211
185581 286989
185581 1328873
286989 1328873
286989 584694
286989 1328873
584694 1328873
874295 915147
874295 998800
915147 998800
70530 183545
13511 563274
13511 1439965
563274 1439965
166020 564490
166020 959966
166020 1176799
564490 959966
564490 1176799
959966 1176799
7374 217122
499903 849122
333396 711847
108166 227997
108166 390404
227997 390404
237708 252296
8854 541900
175477 543781
175477 1004691
543781 1004691
387302 744230
705179 939782
705179 1201043
705179 1294943
939782 1201043
939782 1294943
1201043 1294943
108166 254235
108166 254235
226157 291207
711859 876870
711859 876870
285859 328730
1120751 1207492
7018 39843
7018 218130
39843 218130
769484 832372
177159 320978
234102 339750
946663 1191102
946663 1267375
1191102 1267375
432864 1032068
175477 543781
77856 753239
735516 1513630
88343 253311
88343 936636
253311 936636
186591 357048
186591 357048
223993 1124632
636371 1004691
1285884 1368338
698402 895782
698402 910121
895782 910121
282767 1301551
485780 778145
626702 932473
812647 878900
433614 665633
598382 708671
708671 954430
870227 946487
870227 1303782
946487 1303782
886705 1356089
65904 1186935
806419 1013805
449172 1533271
322836 390287
322836 830815
390287 830815
380005 1105504
380005 1263115
1105504 1263115
561999 609785
21080 485177
95585 1369506
444372 1255122
919196 959419
677315 1002004
589226 798090
609861 1358327
62977 183073
129203 458368
41170 519573
339024 811923
162578 1105504
28948 949907
7018 218130
7018 681390
218130 681390
282767 1301551
292532 414608
809036 1248020
131416 402995
131416 1388334
402995 1388334
437900 959999
30186 142294
30186 226816
30186 310367
30186 1109461
142294 226816
142294 310367
142294 1109461
226816 310367
226816 1109461
310367 1109461
116215 142294
481757 727256
524370 1116872
80287 945273
23923 1197060
60381 1485691
245593 1194913
749530 932594
218253 1021166
1007226 1289198
698402 771035
1116872 1133953
123716 541900
287159 311721
476597 591195
75977 99828
75977 570502
75977 616290
99828 570502
99828 616290
570502 616290
187833 819820
248994 955072
248994 1393215
248994 1523070
955072 1393215
955072 1523070
1393215 1523070
560316 675646
560316 1299216
675646 1299216
108473 1212681
136399 460468
136399 1393215
460468 1393215
253434 487578
580831 1209418
114384 126392
175677 477196
175677 654968
175677 1128850
477196 654968
477196 1128850
654968 1128850
539923 877143
539923 896584
539923 1266411
877143 896584
877143 1266411
896584 1266411
294945 807527
294945 1098819
807527 1098819
620445 1242563
620445 1446781
1242563 1446781
417292 1090103
417292 1239901
1090103 1239901
938489 1090317
938489 1283296
938489 1528737
1090317 1283296
1090317 1528737
1283296 1528737
619447 777209
619447 1088166
777209 1088166
23956 24513
23956 864214
24513 864214
234551 443002
234551 1049307
443002 1049307
874174 983321
58985 572130
58985 1039260
58985 1068406
58985 1233160
572130 1039260
572130 1068406
572130 1233160
1039260 1068406
1039260 1233160
1068406 1233160
967667 1178735
967667 1202808
1178735 1202808
225634 818212
225634 1517563
818212 1517563
874174 1168133
874174 1244524
1168133 1244524
560970 593426
560970 658470
593426 658470
15221 907847
236202 527863
236202 1186671
236202 1326145
527863 1186671
527863 1326145
1186671 1326145
1025885 1304958
155673 477196
155673 654968
477196 654968
230049 1191669
230049 1381699
1191669 1381699
47768 158198
47768 796762
47768 971754
47768 1364760
47768 1422140
158198 796762
158198 971754
158198 1364760
158198 1422140
796762 971754
796762 1364760
796762 1422140
971754 1364760
971754 1422140
1364760 1422140
10081 349310
326676 500318
326676 604799
326676 1092923
326676 1338424
500318 604799
500318 1092923
500318 1338424
604799 1092923
604799 1338424
1092923 1338424
228727 790613
228727 1540513
790613 1540513
135662 1031730
414922 889398
138128 604799
138128 1092923
138128 1338424
604799 1092923
604799 1338424
1092923 1338424
76250 193103
76250 712245
193103 712245
132825 477196
132825 654968
132825 1291536
132825 1520083
477196 654968
477196 1291536
477196 1520083
654968 1291536
654968 1520083
1291536 1520083
254813 1459911
88859 1030985
88859 1231370
1030985 1231370
716331 887052
354491 795148
354491 905980
795148 905980
78848 80181
78848 484059
80181 484059
90916 289711
78538 227715
78538 1489794
227715 1489794
316017 1078154
254215 602132
254215 701984
254215 1051618
254215 1265572
602132 701984
602132 1051618
602132 1265572
701984 1051618
701984 1265572
1051618 1265572
225281 335412
225281 434571
225281 533554
225281 1468437
335412 434571
335412 533554
335412 1468437
434571 533554
434571 1468437
533554 1468437
1304673 1457305
375484 1184087
375484 1213634
375484 1333400
1184087 1213634
1184087 1333400
1213634 1333400
78705 174622
78705 653758
78705 1111280
174622 653758
174622 1111280
653758 1111280
1099823 1143370
122321 769518
120708 981081
449681 672228
391126 981081
452223 612762
452223 1511460
612762 1511460
324696 954759
476097 758685
254021 329261
761071 779659
1163282 1235028
452339 1376166
452339 1484023
1376166 1484023
271444 1154051
116034 898115
42133 1176357
42133 1176357
563403 657933
563403 813472
563403 1148165
657933 813472
657933 1148165
813472 1148165
859280 1188871
163500 794389
42133 247381
42133 1163738
247381 1163738
324696 954759
324696 1439301
954759 1439301
531473 974264
119046 992262
761072 1491896
761072 1491896
273727 412798
478093 826316
412623 638966
412623 862439
638966 862439
34215 1074048
27632 41170
834459 1413295
502466 763876
320905 699520
320905 1188293
320905 1454908
699520 1188293
699520 1454908
1188293 1454908
1113418 1164198
454967 1437879
682572 1237593
13511 639906
60417 539571
454136 1202652
454136 1279799
1202652 1279799
222669 396580
460468 551304
460468 657153
460468 708916
551304 657153
551304 708916
657153 708916
113059 540910
667369 711453
650127 1324918
747197 1497656
156445 169369
41180 169369
134102 912908
244818 1083772
104763 108488
104763 462080
104763 501897
104763 655346
104763 1339474
108488 462080
108488 501897
108488 655346
108488 1339474
462080 501897
462080 655346
462080 1339474
501897 655346
501897 1339474
655346 1339474
65680 96398
65680 353260
65680 490967
96398 353260
96398 490967
353260 490967
176301 382809
365133 1139070
7704 57750
7704 156775
7704 169459
7704 197793
7704 201706
7704 224461
7704 229837
7704 410677
7704 467916
7704 1299967
57750 156775
57750 169459
57750 197793
57750 201706
57750 224461
57750 229837
57750 410677
57750 467916
57750 1299967
156775 169459
156775 197793
156775 201706
156775 224461
156775 229837
156775 410677
156775 467916
156775 1299967
169459 197793
169459 201706
169459 224461
169459 229837
169459 410677
169459 467916
169459 1299967
197793 201706
197793 224461
197793 229837
197793 410677
197793 467916
197793 1299967
201706 224461
201706 229837
201706 410677
201706 467916
201706 1299967
224461 229837
224461 410677
224461 467916
224461 1299967
229837 410677
229837 467916
229837 1299967
410677 467916
410677 1299967
467916 1299967
143297 603725
143297 862439
603725 862439
907554 1282905
507275 840726
507275 1060212
840726 1060212
1104791 1506139
692787 697832
692787 698163
692787 1413231
697832 698163
697832 1413231
698163 1413231
293369 352286
454679 494481
96122 152939
96122 350182
96122 1339007
152939 350182
152939 1339007
350182 1339007
793832 888529
793832 888529
318192 469576
396113 619066
396113 827666
396113 968605
619066 827666
619066 968605
827666 968605
542751 1001779
170898 428249
170898 1084403
428249 1084403
436033 484344
436033 553250
436033 1021139
484344 553250
484344 1021139
553250 1021139
120470 143297
498744 1260167
904671 1120304
1079215 1091657
885336 1343038
885336 1537067
1343038 1537067
68842 547867
68842 866018
547867 866018
18295 569350
18295 1185466
18295 1307351
18295 1337676
569350 1185466
569350 1307351
569350 1337676
1185466 1307351
1185466 1337676
1307351 1337676
125783 954667
279482 1002278
640192 1169019
199159 1080648
119293 1165774
793832 888529
793832 888529
169459 313690
592997 1253766
798160 1321542
427478 563759
427478 563759
798160 1429192
456294 748825
238461 368093
685756 767019
573543 575289
573543 821304
573543 1325052
575289 821304
575289 1325052
821304 1325052
233052 442127
233052 1084683
442127 1084683
404303 1339007
497247 825790
471619 698569
270652 511002
60287 371894
60287 912764
371894 912764
41170 156445
274988 772162
274988 1229875
772162 1229875
887276 1229875
572137 823538
41170 493907
82867 595754
336221 734023
1386776 1529931
287354 593609
287354 759700
287354 814379
593609 759700
593609 814379
759700 814379
981850 1381882
337496 759700
337496 759700
464796 1069439
277865 1374472
277865 1388369
1374472 1388369
10697 434064
703986 1172915
766697 961997
1386776 1431780
308025 523192
157754 707973
558631 567811
558631 1325773
567811 1325773
320221 964174
102000 647970
102000 834459
647970 834459
184345 227449
184345 397780
227449 397780
200838 920580
699009 1237593
203950 1027107
83756 389704
106697 899373
668717 1117664
520074 749763
534615 1095295
1020093 1095295
33197 346016
187675 759700
325537 591728
941852 1000181
319595 834459
154838 974410
295844 1282493
141193 1014171
877244 1138515
160768 288806
160768 998432
288806 998432
371247 588876
747197 1417522
579643 1017289
632512 1283930
511033 834297
245582 659964
1093879 1268989
36441 127982
36441 585159
127982 585159
836343 1277453
913053 1392043
634019 932648
244774 431086
244774 431086
205415 314208
205415 346802
205415 475490
314208 346802
314208 475490
346802 475490
222669 834101
406570 961955
117395 240313
569131 1097661
254057 634197
254057 945808
254057 1049773
634197 945808
634197 1049773
945808 1049773
168376 1196723
168376 1533069
1196723 1533069
89953 511541
680446 1150309
497247 1461310
956747 1234913
355002 736628
355002 1447016
736628 1447016
295237 361566
715728 737358
18245 496949
18245 1108183
496949 1108183
265694 449102
265694 801588
449102 801588
52564 137674
52564 228605
137674 228605
25917 1134824
444110 738750
9786 618547
137674 740734
146634 1180115
662737 719149
662737 861268
662737 1164482
719149 861268
719149 1164482
861268 1164482
470896 796302
73314 805428
73314 975258
805428 975258
285859 328730
285859 1381925
328730 1381925
185178 963489
215985 339748
215985 896091
215985 965368
339748 896091
339748 965368
896091 965368
66883 625022
401566 410418
611745 1102435
399736 1132507
412623 443677
412623 697506
412623 862439
443677 697506
443677 862439
697506 862439
412623 638966
412623 862439
638966 862439
412623 862439
225469 661153
148279 443677
58801 148279
58801 468594
148279 468594
17905 128702
17905 363154
128702 363154
8854 113778
8854 541900
113778 541900
117385 551304
117385 569131
117385 1124207
551304 569131
551304 1124207
569131 1124207
870903 1500717
22551 198277
22551 1117687
22551 1327368
198277 1117687
198277 1327368
1117687 1327368
149492 403080
149492 638966
403080 638966
88521 431053
173433 330435
173433 848128
330435 848128
17905 128702
17905 363154
17905 972118
17905 1093765
128702 363154
128702 972118
128702 1093765
363154 972118
363154 1093765
972118 1093765
257140 595066
257140 1117646
257140 1131367
595066 1117646
595066 1131367
1117646 1131367
143173 1069592
307065 570152
307065 1378946
570152 1378946
210044 289152
830023 874681
348604 975504
348604 975504
56363 668740
56363 785880
56363 1265319
668740 785880
668740 1265319
785880 1265319
314935 771343
314935 771343
376973 1439322
297538 570669
297538 835623
570669 835623
619990 734919
619990 922808
619990 928524
734919 922808
734919 928524
922808 928524
619990 734919
619990 922808
619990 928524
734919 922808
734919 928524
922808 928524
210318 394488
165511 503440
216859 431824
224828 799673
338289 376884
385833 461046
614489 661153
343297 483321
291114 321102
291114 956029
291114 1143898
291114 1172961
321102 956029
321102 1143898
321102 1172961
956029 1143898
956029 1172961
1143898 1172961
58377 373293
340690 730969
633803 647115
1494150 1530532
74831 1537127
301949 1237858
439200 1540256
67377 433819
67377 753291
433819 753291
30231 839306
260809 1352975
113157 908196
90858 148279
90858 811354
148279 811354
192600 281568
192600 700428
192600 930607
192600 935794
281568 700428
281568 930607
281568 935794
700428 930607
700428 935794
930607 935794
54767 249250
248546 314935
248546 709140
314935 709140
142557 444791
75238 775697
280288 802288
280288 1095825
802288 1095825
970530 1221348
970530 1095033
970530 1221348
1095033 1221348
27852 506070
179993 294346
179993 313795
179993 373456
179993 1162707
294346 313795
294346 373456
294346 1162707
313795 373456
313795 1162707
373456 1162707
677251 1049941
62832 1119502
204930 1149384
502466 832284
237325 1518157
48279 1386663
54550 974598
54550 1084683
974598 1084683
431721 587559
431721 864669
587559 864669
152849 1443091
381009 953789
51148 583782
843997 1315922
58772 699821
29441 128749
53156 343623
392269 905626
173433 330435
47006 975334
129736 223566
147180 775202
147180 847269
775202 847269
27852 260809
28622 493012
104763 204926
104763 602451
104763 995199
204926 602451
204926 995199
602451 995199
294209 709491
188564 66055
947819 175996
844802 743935
590013 219549
284570 727647
149098 250120
149098 1119278
250120 1119278
294209 1310104
76709 243989
413190 250120
413190 1119278
250120 1119278
118622 1194074
180893 175996
1543704 1543705
1543704 21430
1543705 21430
1227952 442577
1227952 175477
442577 175477
689043 1112734
1007171 1488257
1245527 1083974
1327368 442147
108473 149554
108473 978686
149554 978686
544321 480156
544321 991471
544321 491542
544321 8377
480156 991471
480156 491542
480156 8377
991471 491542
991471 8377
491542 8377
290619 758615
1554430 1554431
1554430 707973
1554431 707973
818469 94103
175648 334875
515431 813105
515431 485348
813105 485348
141193 141222
141193 592482
141222 592482
193313 14134881
193313 141222
14134881 141222
90827 1120843
221170 202173
7404 61995
11350 649597
423019 1199894
724908 42316
1454347 597117
1454347 1052483
1454347 14169323
597117 1052483
597117 14169323
1052483 14169323
186875 14169381
186875 677525
186875 251429
186875 597117
14169381 677525
14169381 251429
14169381 597117
677525 251429
677525 597117
251429 597117
