1584272 14105451 1
1584272 14175652 1
1584272 1619511 1
1584272 1619512 1
1584272 1076625 1
1584272 670772 1
364670 14105451 1
364670 14175652 1
364670 1584272 1
364670 581829 1
364670 1619511 1
364670 483851 1
364670 1619512 1
364670 1076625 1
364670 670772 1
670772 14105451 1
670772 1619512 1
670772 1619511 1
1051794 1619936 1
1051794 1619937 1
1051794 1619940 1
1051794 14176122 1
1051794 1619938 1
805543 14115441 1
805543 1575343 1
805543 14209453 1
805543 14209452 1
14175652 14105451 1
14175652 1619511 1
14175652 1619512 1
14175652 670772 1
14104907 1619833 1
460873 569521 1
460873 848768 1
460873 55862 1
460873 170274 1
460873 819424 1
483851 14105451 1
483851 14175652 1
483851 1584272 1
483851 581829 1
483851 1619511 1
483851 1619512 1
483851 1076625 1
483851 670772 1
1619938 14176122 1
1619938 1619940 1
14105451 1619511 1
14105451 1619512 1
440976 14105451 1
440976 14175652 1
440976 1584272 1
440976 581829 1
440976 364670 1
440976 1619511 1
440976 483851 1
440976 1619512 1
440976 1076625 1
440976 670772 1
1472187 956130 1
1472187 849478 1
1472187 903280 1
819424 55862 1
819424 569521 1
1619511 1619512 1
1575343 14115441 1
1575343 14209453 1
1575343 14209452 1
1076625 14105451 1
1076625 1619511 1
1076625 14175652 1
1076625 1619512 1
1076625 670772 1
14115441 14209453 1
14176122 1619940 1
115826 1619833 1
115826 14104907 1
415981 115826 1
415981 1619833 1
415981 14104907 1
956130 903280 1
848768 569521 1
848768 55862 1
848768 170274 1
848768 819424 1
849478 956130 1
849478 903280 1
581829 14105451 1
581829 14175652 1
581829 1584272 1
581829 1619511 1
581829 1619512 1
581829 1076625 1
581829 670772 1
569521 55862 1
1619936 14176122 1
1619936 1619937 1
1619936 1619940 1
1619936 1619938 1
1619937 14176122 1
1619937 1619940 1
1619937 1619938 1
170274 55862 1
170274 569521 1
170274 819424 1
14209452 14209453 1
14209452 14115441 1
