376973 584249 1
376973 1302610 1
57547 757725 1
195183 837127 1
620034 957339 1
638782 723285 1
638782 1409833 1
45790 893310 1
977988 1417902 1
519541 825178 1
620798 1077529 2
28106 1291443 1
733374 1507663 1
239739 924575 1
239739 444729 1
719795 1354849 1
239421 840552 1
917373 1381694 1
584249 1302610 1
124493 1341785 1
298506 584249 1
298506 1302610 1
298506 376973 1
648611 1084408 2
444729 924575 1
462940 1372113 1
237360 825178 1
237360 519541 1
759229 1106865 1
275595 584249 1
275595 298506 1
275595 1302610 1
275595 376973 1
1636728 14088689 1
723285 1409833 1
639544 1486012 1
288145 896862 1
207946 753713 1
1636727 150636 1
426293 934650 1
443076 1437361 2
