67459 708252 1
296751 1037435 2
296751 1420222 2
296751 1255452 2
487387 551110 1
172301 584078 1
191564 783116 1
191564 429127 1
179984 796302 1
179984 534912 1
347494 1323439 1
365606 557486 1
111774 889056 2
155287 1180447 1
10219 932019 1
149113 1088067 2
641967 1540783 1
219541 1273074 1
219541 1385284 1
742925 1420104 1
220767 730545 1
429127 783116 1
117597 892934 1
219407 505155 1
527 270987 1
900930 1486013 1
208531 316862 1
121484 800610 1
440939 1035784 1
1273074 1385284 1
219954 429127 1
476675 1423436 1
285772 738067 1
365632 398084 1
722321 1486012 1
534912 796302 1
1255452 1420222 2
639544 1486012 1
639544 722321 1
36018 296751 2
36018 315077 1
36018 1255452 2
36018 50153 2
36018 1037435 2
36018 1420222 2
50153 1037435 2
50153 296751 2
50153 1420222 2
50153 1255452 2
1037435 1420222 2
1037435 1255452 2
719723 1420104 1
