368286 584174 1
264156 361482 1
322598 413917 1
322598 1004477 1
1035398 1135619 1
482851 800610 1
809750 1064213 1
507776 514373 1
1032525 1102474 1
1032525 1190428 1
198459 747861 1
746130 940671 1
336092 415891 1
46529 733688 1
32899 470528 1
32899 97037 1
33557 315466 1
682600 762854 1
876331 965004 1
637766 1481869 1
290619 800610 2
589042 1115060 1
187396 317016 1
187396 462989 1
452620 862317 1
452620 712907 1
166484 756012 1
1003655 1131214 1
430153 1035109 1
903191 1256070 1
534380 1060104 1
161999 1456614 1
488486 577425 1
488486 620798 1
488486 1462045 2
15341 281348 1
15341 646286 1
15341 1262609 1
333263 1265935 1
157111 1116747 1
157111 381569 1
157111 837240 1
157111 811461 1
9858 311075 1
9858 180348 1
1420222 1493773 1
805113 1274665 1
430783 695363 1
430783 546891 1
430783 1294363 1
490574 1032525 1
490574 1190428 1
252080 488486 2
252080 577425 1
252080 620798 1
252080 1462045 2
413917 1004477 1
355289 482851 1
355289 800610 1
695363 1294363 1
568203 1342509 1
1403 684957 1
1403 352826 1
289761 829855 1
1082759 1390587 1
970105 1163450 1
121484 430153 1
121484 222562 1
121484 239421 1
121484 176115 1
121484 482851 1
121484 355289 1
121484 1035109 1
121484 800610 1
398182 1315957 2
398182 707319 1
613041 1305488 1
178070 364198 1
590729 985969 1
176301 571601 1
956117 1351560 2
646286 1262609 1
837240 1116747 1
97037 470528 1
228503 270266 1
669571 1142450 1
546891 695363 1
546891 1294363 1
221403 1074513 1
888910 1018126 1
352826 684957 1
977237 1511232 1
180348 311075 1
1073 708952 1
824448 876331 1
824448 965004 1
111774 889056 2
577425 1462045 1
1102474 1518168 1
567553 972004 1
263942 1032525 1
263942 1190428 1
263942 490574 1
620798 1462045 1
329882 1032525 1
329882 1102474 1
149480 447080 1
405115 461919 1
928984 1479799 1
143467 967469 1
143467 877368 1
434342 967469 1
33846 263942 1
33846 1032525 1
33846 1190428 1
33846 490574 1
381569 837240 1
381569 1116747 1
381569 811461 1
57547 757725 1
877368 967469 1
407266 1102474 1
407266 1518168 1
210535 1535473 1
344314 1494834 1
36018 315077 1
614637 14088687 1
232657 942725 1
249866 1161381 1
712907 862317 1
576372 675367 1
317016 462989 1
222562 430153 1
222562 1035109 1
618520 899888 1
743193 982050 1
176115 239421 1
511563 1342509 1
511563 568203 1
614583 1069999 1
224176 582483 1
73536 1171315 1
38138 474899 1
384798 762854 1
384798 682600 1
1182049 1417902 1
329714 1160336 1
33334 198912 1
842095 1035109 1
440939 1035784 1
561635 1466225 1
176106 452620 1
176106 712907 1
176106 862317 1
1058086 1091760 1
811461 837240 1
811461 1116747 1
759229 1106865 1
281348 646286 1
281348 1262609 1
1414080 614637 1
1414080 14088687 1
766863 785754 1
707319 1315957 1
103257 740131 1
169934 972004 1
169934 567553 1
169934 1338634 1
9512 1030479 1
