317016 822796 1
317016 442176 1
507776 546028 1
45649 1131119 1
45649 115361 1
290619 1521621 1
290619 587712 1
290619 877928 1
290619 1520544 1
290619 800610 2
877928 1521621 1
877928 1520544 1
743808 1010532 1
745254 1607464 1
357257 488428 1
608079 1349493 1
1223117 1498311 1
176115 948272 1
590293 1385871 1
453217 602046 1
442176 822796 1
944585 1527232 1
106076 432887 1
1520544 1521621 1
351345 902203 1
582483 1354849 1
977988 1487441 1
716275 1002498 1
477562 1337628 1
73536 411296 2
206918 1040923 1
60074 710334 1
770501 786335 1
1182049 1417902 1
169128 305999 1
125783 1487441 1
125783 977988 1
289761 829855 1
49062 70003 1
49062 1520544 1
49062 877928 1
49062 1521621 1
49062 121484 1
49062 290619 1
49062 800610 1
49062 587712 1
49062 103257 1
49062 196793 1
121484 1521621 1
121484 1520544 1
121484 290619 1
121484 196793 1
121484 877928 1
121484 587712 1
121484 800610 1
121484 507331 1
433885 944585 1
433885 1527232 1
376386 1385871 1
376386 590293 1
706686 1470383 1
278108 625023 1
365632 398084 1
587712 1521621 1
587712 1520544 1
587712 877928 1
587712 800610 1
728359 816569 1
1607488 1607489 1
224176 1354849 1
224176 582483 1
753734 981348 1
512406 1354849 1
1005357 1016998 1
70003 1521621 1
70003 1520544 1
70003 290619 1
70003 121484 1
70003 196793 1
70003 877928 1
70003 587712 1
70003 103257 1
70003 800610 1
722321 851153 1
1278458 1442374 1
196793 1521621 1
196793 1520544 1
196793 290619 1
196793 877928 1
196793 587712 1
196793 800610 1
493541 1222632 1
47853 217178 1
737555 1442549 1
36018 70003 1
36018 1520544 1
36018 877928 1
36018 902203 1
36018 1521621 1
36018 121484 1
36018 290619 1
36018 800610 1
36018 587712 1
36018 103257 1
36018 49062 1
36018 196793 1
103257 1521621 1
103257 1520544 1
103257 290619 1
103257 121484 1
103257 196793 1
103257 877928 1
103257 587712 1
103257 800610 1
3094 1349493 1
3094 608079 1
800610 1521621 1
800610 1520544 1
800610 877928 1
115361 1131119 1
1291443 1442374 1
1137840 1498311 1
1137840 1223117 1
907817 1215625 1
447341 618447 1
