663012 796302 1
663012 784659 1
322598 413917 2
650536 1346795 1
903527 1218304 1
330746 902203 1
858091 1141761 1
54595 1366796 1
54595 212927 1
54595 1456614 1
54595 758247 1
759700 796302 1
889056 1005357 1
889056 1016998 1
703662 1095825 1
321710 1149683 1
792982 1294815 1
792982 1199402 1
212927 1366796 1
212927 1456614 1
212927 758247 1
258008 437156 1
258008 1232833 1
513309 716275 1
952198 1141020 1
365126 999727 1
436213 635392 1
976744 1056184 1
269111 569153 1
254028 1477107 1
270800 476138 1
1096000 1255754 1
94889 214747 1
1585917 689925 1
13398 838718 1
13398 344299 1
1003655 1197432 1
881386 1511213 2
540229 1186376 1
105798 1516279 1
6709 663012 1
6709 784659 1
108473 1481869 1
1012526 1102616 1
650272 996773 1
596554 1201594 1
596554 657120 1
413917 1298013 1
758247 1366796 1
758247 1456614 1
327369 825178 1
959296 1334171 1
136880 350568 1
595591 671447 1
121484 1089863 1
121484 1066562 1
902724 1390587 1
1312414 1476320 1
429152 430153 1
847882 1294815 1
888395 1045648 1
286734 703662 1
286734 1095825 1
1079434 1486244 1
204890 1463866 1
672634 1315957 1
108865 1476712 1
1138073 1520247 2
507776 546028 1
140906 221582 1
140906 858242 1
861602 1476320 1
861602 1312414 1
557554 668697 1
557554 1486244 1
557554 1079434 1
1366796 1456614 1
1199402 1294815 1
402579 1012526 1
402579 1102616 1
36300 1010555 1
880550 1138073 2
880550 1520247 2
668697 1486244 1
668697 1079434 1
1005357 1016998 1
761580 1045648 1
761580 888395 1
215060 1462045 1
1066562 1089863 1
22809 1093384 1
650481 884085 1
863881 935821 2
620788 1294815 1
620788 1199402 1
620788 792982 1
221582 858242 1
247955 880550 1
247955 1138073 1
247955 1520247 1
830009 935821 2
830009 863881 2
173486 650481 1
437156 1232833 1
344299 838718 1
644992 1002565 1
243873 269111 1
243873 569153 1
176115 322598 1
176115 413917 1
406825 790397 1
224176 1354849 3
224176 582483 3
772501 970261 1
955427 992753 2
50490 262452 1
254481 1074280 1
66668 672634 1
66668 1315957 1
906787 1058520 1
89367 996773 1
89367 650272 1
1345724 1522199 1
582483 1354849 3
24329 981920 1
269424 1282949 1
657120 1201594 1
86946 437156 1
86946 258008 1
86946 1232833 1
732091 1228760 1
277320 1012526 1
277320 402579 1
277320 858091 1
277320 1141761 1
277320 1102616 1
1174570 1488525 1
