996581 1539623 1
136347 320302 1
663012 796302 1
15458 1161704 1
998342 1265836 1
998342 1463866 1
67377 1370040 1
438465 834292 1
4785 398960 1
550722 800906 1
453528 714177 1
119046 247528 1
1049553 1204803 1
74308 179290 1
1265836 1384058 1
1265836 1463866 1
459524 1046883 7
151389 330777 1
305999 998342 1
305999 1265836 1
305999 622069 1
305999 998232 1
305999 1463866 1
853437 1490368 1
216187 313338 1
216187 257441 1
860372 943950 1
199510 351345 1
786880 1142165 1
786880 921455 1
365126 937058 1
365126 900321 1
365126 597849 1
365126 1338813 1
609025 798154 1
343138 724908 1
343138 503802 1
628453 927682 1
101167 1006309 1
101167 1045910 1
290619 982064 1
298627 1427394 1
524242 567309 1
187396 702246 2
886794 957956 1
13327 622069 1
13327 998232 1
13327 998342 1
13327 211601 1
13327 1463866 1
13327 1265836 1
13327 241357 1
13327 305999 1
241357 622069 1
241357 998232 1
241357 998342 1
241357 1463866 1
241357 1265836 1
241357 305999 1
1096000 1255754 1
981081 1516279 1
52125 834292 1
52125 438465 1
295163 1435509 1
622069 998342 1
622069 1265836 1
622069 998232 1
622069 1463866 1
142294 557486 1
1105804 1265836 1
1105804 1384058 1
1105804 1231169 1
881386 1468598 1
1006309 1045910 1
161999 601136 1
6709 1034752 1
6709 49257 1
6709 784659 1
253015 778694 1
503802 724908 1
878860 1060102 1
309284 708916 1
554549 717116 1
554549 1195641 1
554549 944402 1
332882 794827 1
404325 869177 1
944402 1195641 1
582483 1354849 1
744855 943950 1
744855 860372 1
213923 854201 1
213923 352826 1
121631 432785 1
527 800906 1
527 550722 1
695363 1294815 1
270266 459657 1
539872 1192408 1
566603 1255976 1
231381 981920 1
289761 829855 1
970105 1163450 1
121484 1354849 1
696118 1521112 1
821810 1197914 1
257441 313338 1
402979 1466300 1
762269 1060102 1
762269 878860 1
557118 776685 1
383892 1222765 1
1068369 1128341 1
815504 1204803 1
815504 1049553 1
22986 1016112 1
4294 556726 1
429152 595552 1
429152 1191948 1
1048359 1441734 2
680555 833084 1
95913 270266 1
95913 459657 1
945461 1099121 1
255892 1060102 1
255892 762269 1
255892 878860 1
255892 466592 1
255892 374825 1
352826 854201 1
57560 1086478 1
503077 1378340 1
466592 762269 1
466592 1060102 1
466592 878860 1
889969 1047770 1
520347 707411 1
520347 1049553 1
520347 1204803 1
520347 708007 1
520347 815504 1
256711 798154 1
256711 609025 1
337475 557524 1
562158 621192 1
324239 636899 1
324239 398082 1
320981 1052701 1
784659 1034752 1
640237 663537 1
536448 794324 1
180 663537 1
180 640237 1
897759 1068369 1
897759 1128341 1
280378 700405 1
103854 179290 1
578815 886794 1
578815 943950 1
578815 860372 1
578815 957956 1
578815 744855 1
99828 441922 1
921455 1142165 1
288771 1258575 1
398082 636899 1
479251 593499 1
595552 1191948 1
876376 1127975 1
106458 798154 1
106458 256711 1
106458 609025 1
796326 1010456 1
294874 1095825 1
280094 870217 1
407396 1142165 1
407396 921455 1
407396 786880 1
554190 1265836 1
554190 1384058 1
554190 1231169 1
554190 1105804 1
36018 215060 1
36831 155581 1
900321 1338813 1
247955 376974 2
33151 589573 1
499145 1270493 1
956117 1351560 1
265618 361854 1
265618 1105804 1
265618 554190 1
265618 1265836 1
265618 1384058 1
265618 1231169 1
187495 1146223 1
187495 1074280 1
196648 518220 1
157111 161999 1
1074280 1146223 1
1074280 1443703 1
495799 593819 1
65631 718053 1
57547 610654 1
179984 443076 1
417506 815504 1
417506 707411 1
417506 708007 1
417506 1049553 1
417506 1204803 1
417506 520347 1
270255 1377716 1
324210 511344 1
491006 1521112 1
491006 696118 1
998232 998342 1
998232 1265836 1
998232 1463866 1
460612 1270388 1
224176 1354849 1
224176 582483 1
168575 1172777 1
705268 991266 2
173286 578815 1
173286 886794 1
173286 957956 1
73536 963812 1
30156 1466300 1
30156 402979 1
119942 284797 1
298815 738790 1
205 1417902 3
302510 1431638 1
124362 265618 1
124362 361854 1
124362 1105804 1
124362 554190 1
124362 1265836 1
124362 1384058 1
124362 1231169 1
597849 937058 1
309250 1536924 1
22694 1010456 1
22694 796326 1
17665 738790 1
17665 298815 1
694626 1072737 1
361854 554190 1
361854 1265836 1
361854 1384058 1
361854 1231169 1
361854 1105804 1
1231169 1265836 1
1231169 1384058 1
477351 833335 1
120660 1511213 1
707411 1049553 1
707411 1204803 1
707411 708007 1
707411 815504 1
708007 1204803 1
708007 1049553 1
708007 815504 1
211601 622069 1
211601 998232 1
211601 998342 1
211601 1463866 1
211601 1265836 1
211601 241357 1
211601 305999 1
532640 1441734 2
374825 762269 1
374825 1060102 1
374825 466592 1
374825 878860 1
717116 944402 1
717116 1195641 1
76156 332882 1
76156 794827 1
95818 469188 1
49257 1034752 1
49257 784659 1
239097 696198 1
181664 738365 1
