1236482 1538948 1
294607 710301 1
1175189 1492153 1
478378 1538948 1
478378 1236482 1
478378 1051492 1
321794 1330537 1
560917 587487 1
659609 804988 1
1260423 1276921 1
450055 533965 1
36018 70003 1
36018 1520544 1
36018 877928 1
36018 838718 1
36018 121484 1
36018 290619 1
36018 800610 1
36018 587712 1
36018 103257 1
36018 1521621 1
36018 49062 1
36018 196793 1
289103 1176407 1
289103 563810 1
289103 1309125 1
329677 544181 1
329677 679972 1
622404 1222397 1
838718 1521621 1
838718 1520544 1
838718 877928 1
1102113 1197432 1
1102113 1396266 1
1040129 1437391 1
684000 1323393 1
1191050 1300258 1
32899 470528 1
896798 1268834 1
1032343 1403068 1
1032343 1294815 1
903497 939699 1
239985 320876 1
525081 1199402 1
320122 1191050 1
320122 1300258 1
254028 1047642 1
531704 1458374 1
71505 1393639 1
909052 930414 1
909052 1399806 1
290619 838718 1
290619 1520544 1
290619 1521621 1
290619 877928 1
290619 587712 1
290619 800610 2
424351 527025 1
616124 719420 1
295163 1435509 1
877927 889056 1
881386 979703 1
513087 963580 1
877928 1521621 1
877928 1520544 1
1126220 1380761 1
37017 1081285 3
350778 1194229 1
654310 1013971 1
567309 1380761 1
567309 847882 1
567309 1126220 1
764295 793201 1
149553 290619 1
149553 800610 1
1228760 1229918 1
689424 1492153 1
689424 1175189 1
1197432 1396266 1
1176407 1309125 1
695363 889056 1
695363 877927 1
151479 1441230 1
962486 1518581 1
563810 1176407 1
563810 1309125 1
121484 838718 1
121484 1520544 1
121484 290619 1
121484 196793 1
121484 877928 1
121484 587712 1
121484 1521621 1
121484 800610 1
800610 838718 1
800610 1520544 1
800610 877928 1
800610 1521621 1
847882 1126220 1
847882 1380761 1
1124143 1387597 1
150919 672383 1
150919 181303 1
851067 1265226 1
895895 1081232 1
279003 902203 1
398298 432785 1
548432 1174570 1
548432 1488525 1
58344 866262 1
448208 1492153 1
448208 689424 1
448208 1175189 1
448208 464744 1
341879 943706 2
361186 1063323 1
443737 1269317 1
75117 953788 1
320981 1052701 1
305815 370509 1
305815 570484 1
289027 1354311 1
42644 67823 1
557486 1008834 1
99828 365791 2
99828 556247 1
681252 1225019 1
75924 1225019 1
75924 681252 1
181303 672383 1
552669 1396266 1
552669 1194397 1
544181 679972 1
145551 796302 1
30009 567309 1
30009 1380761 1
30009 242626 1
30009 847882 1
30009 1126220 1
286269 1330537 1
286269 321794 1
149125 881386 1
149125 979703 1
370509 570484 1
70003 838718 1
70003 1520544 1
70003 290619 1
70003 121484 1
70003 196793 1
70003 877928 1
70003 587712 1
70003 103257 1
70003 1521621 1
70003 800610 1
51236 470209 1
244918 560917 1
244918 587487 1
394892 1492153 1
394892 689424 1
394892 448208 1
394892 1175189 1
394892 464744 1
919167 1326894 1
49062 70003 1
49062 1520544 1
49062 877928 1
49062 838718 1
49062 121484 1
49062 290619 1
49062 800610 1
49062 587712 1
49062 103257 1
49062 1521621 1
49062 196793 1
69452 407957 2
536448 794324 1
797931 1081232 1
797931 895895 1
285831 1313227 1
312383 771882 1
802597 1055390 2
1194397 1396266 1
456592 1367255 1
240372 1516909 1
241406 414965 1
269436 1036155 1
565156 1488504 1
464744 1492153 1
464744 689424 1
464744 1175189 1
1520544 1521621 1
286506 945298 2
284797 1371058 1
1174570 1488525 1
187185 1473294 1
187185 1254968 1
38138 1231572 1
38138 1520548 1
735516 1413576 1
1382108 1463866 1
119942 284797 1
119942 1371058 1
207199 470896 1
124362 626166 1
1231572 1520548 1
1222138 1442358 1
587712 838718 1
587712 1520544 1
587712 877928 1
587712 1521621 1
587712 800610 1
381036 1458374 1
381036 531704 1
435561 1518581 1
435561 962486 1
371885 1465557 1
575200 1224188 1
930414 1399806 1
131510 841467 1
621930 1016525 1
540829 1533400 1
196793 838718 1
196793 1520544 1
196793 1521621 1
196793 290619 1
196793 877928 1
196793 587712 1
196793 800610 1
94103 244918 1
94103 587487 1
94103 560917 1
457170 575200 1
457170 1224188 1
103257 838718 1
103257 1520544 1
103257 290619 1
103257 121484 1
103257 196793 1
103257 877928 1
103257 587712 1
103257 1521621 1
103257 800610 1
1254968 1473294 1
52592 290619 1
52592 800610 1
52592 149553 1
