244088 834060 1
924145 1526457 1
320302 1266144 1
264156 877076 1
15458 60096 1
15458 1477087 1
15458 1398812 1
15458 1161704 1
322598 664341 1
322598 413917 1
322598 457924 1
715044 964107 1
206259 625840 1
206259 1196743 1
478378 1538948 1
444135 1476032 1
590293 658026 1
457924 664341 1
453528 569435 1
453528 912034 1
663012 796302 1
196548 540682 1
676588 829068 1
482685 582621 1
889056 1295213 2
1102687 1464561 1
329671 992950 1
1236461 1295759 1
495462 1221996 1
631108 754671 1
111310 874041 1
470896 855017 1
470896 1261527 1
182311 563810 1
182311 1309125 1
61907 1143866 1
61907 463826 1
855017 1261527 1
269111 569153 1
398604 1264038 1
398604 909250 1
859575 970536 2
253734 290647 1
137301 1264038 1
137301 398604 1
137301 909250 1
877927 1295213 2
877927 889056 2
46099 889056 1
536448 794324 3
513087 1341858 1
513087 963580 1
540229 1509334 1
7875 667800 1
188165 1486013 1
880251 1464561 1
880251 1102687 1
1197497 1365694 1
107107 264156 1
107107 877076 1
256925 1538017 1
256925 1131119 1
413917 664341 1
413917 457924 1
1244845 1518696 1
252088 453528 1
252088 569435 1
252088 912034 1
695363 889056 2
695363 1295213 2
695363 877927 2
35139 121484 1
738019 1482670 1
729009 1365694 1
729009 1197497 1
563810 1309125 1
1089135 1340247 1
46711 305029 1
309250 1536924 1
75117 953788 1
271696 1371058 1
569435 912034 1
299780 522281 1
220130 790476 1
220130 1496177 1
56517 1519145 1
6586 152004 1
699399 806065 1
398298 432785 1
56676 697614 1
117981 664341 1
117981 322598 1
117981 413917 1
117981 457924 1
619089 1122642 1
418803 433862 1
98980 1204708 1
1131119 1538017 1
537542 896798 1
1236616 1288041 1
450557 1518696 1
450557 1015478 1
450557 1244845 1
472888 511002 1
99828 727467 1
99828 556247 1
1169919 1440545 1
301949 1085033 1
143467 877368 1
625840 1196743 1
60313 182332 1
60313 1142746 1
279782 648776 1
46971 373869 1
46971 493896 1
483321 1285464 1
247012 823189 1
366100 1268259 1
451886 976589 1
37017 967343 1
60096 1477087 1
60096 1161704 1
909250 1264038 1
28067 46971 1
28067 373869 1
28067 493896 1
463826 1143866 1
962216 1464590 1
196648 518220 1
1015478 1518696 1
1015478 1244845 1
878657 1079717 1
1252139 1253990 1
373869 493896 1
423493 560370 1
620034 796302 1
539725 705288 1
519503 1183869 1
660549 1045973 1
555196 867988 1
337913 703648 1
473021 505836 1
119942 519503 1
119942 271696 1
119942 1371058 1
119942 1183869 1
1161704 1477087 1
790476 1496177 1
910046 989911 1
481092 574805 1
182332 1142746 1
677251 1340245 1
243781 1208991 1
477351 833335 1
744234 1354849 2
253028 896862 1
2086 383507 1
963580 1341858 1
401919 423493 1
401919 560370 1
454379 970536 2
454379 859575 2
270652 1216129 1
747787 792901 1
