717692 1105486 1
717692 1278394 1
325248 1098386 1
325248 1303455 1
264156 877076 1
322598 413917 3
322598 1372322 1
219 593819 1
529446 1038654 1
434989 1218494 1
814487 1248254 1
318232 846337 1
318232 470528 1
206257 637367 1
206257 931482 1
206257 1504313 1
659609 1200080 1
174593 246326 1
31848 411072 1
365126 937058 1
365126 665997 1
365126 1507495 1
224389 511196 1
224389 331150 1
209732 233578 1
209732 1207331 1
209732 625608 1
432094 691610 1
279768 498490 1
279768 778437 1
279768 524783 1
1231068 1361681 1
946085 1440811 1
946085 1142122 1
446993 1294694 1
446993 705148 1
870471 1188416 1
1094 1018415 1
641907 1416016 1
233578 1207331 1
233578 625608 1
32899 318232 1
32899 846337 1
32899 470528 1
234065 842948 1
467187 839305 1
467187 780460 1
637367 931482 1
637367 1504313 1
936287 1219800 1
762919 920392 1
762919 788330 2
93739 1015675 1
93739 289031 1
931482 1504313 1
241195 799767 1
5998 922628 1
5998 350843 1
313265 995738 1
88391 789306 1
116894 298953 1
116894 927104 1
119942 513874 1
119942 1183869 1
859575 970536 1
1000299 1536782 1
293418 481092 1
293418 488428 1
293418 1486244 1
293418 376884 1
293418 574805 1
227045 814487 1
227045 1248254 1
65791 1508475 2
594358 1208991 1
331150 511196 1
271568 1188416 1
271568 870471 1
536448 1052701 2
536448 794324 2
142914 615779 1
1223908 1341336 1
24273 194320 1
36018 495619 1
218210 461797 1
683509 1142122 1
66961 842948 1
66961 234065 1
98773 317016 1
98773 442176 1
107107 264156 1
107107 877076 1
376884 481092 1
376884 488428 1
376884 1486244 1
376884 574805 1
149553 1515819 1
149553 206241 1
413917 1372322 1
665997 937058 1
665997 1507495 1
758247 1456614 2
887247 1289189 1
527 149125 1
695363 1295213 1
712993 1405517 1
147413 221624 1
147413 833640 1
147413 618522 1
147413 537650 1
160992 534615 1
309250 1536924 1
421166 844213 1
421166 1201057 1
421166 493896 1
794324 1052701 2
513874 1183869 1
625022 1125879 1
610676 752447 1
416208 540229 1
780460 839305 1
521798 1407087 1
521798 1494068 1
788330 920392 1
289031 1015675 1
570521 910932 1
365589 1038654 1
365589 529446 1
440860 1440811 1
440860 946085 1
440860 761832 1
440860 1142122 1
946823 1346795 1
359191 1276177 1
387118 1065624 1
209038 272068 1
101027 1262424 1
488428 1486244 1
488428 574805 1
221624 833640 1
221624 618522 1
221624 537650 1
117981 322598 2
117981 413917 2
921767 1426345 1
498490 778437 1
498490 524783 1
317016 442176 1
81560 241099 1
361186 688785 1
250469 1000299 1
574805 1486244 1
340988 935037 1
320981 704987 1
402579 1105026 1
63594 376386 1
937058 1507495 1
6200 365632 1
99828 108166 1
99828 556247 1
332440 353270 2
681252 946378 1
333534 340988 1
333534 935037 1
744234 1354849 1
527025 531054 1
392232 401265 1
407957 461981 1
110195 682844 1
127848 627840 1
1098386 1303455 1
280094 1438927 1
334400 681252 1
334400 946378 1
537650 833640 1
537650 618522 1
507216 1265372 1
1407087 1494068 1
530042 768467 1
231643 464010 1
192343 1456614 2
192343 758247 2
448437 1053168 1
251623 1295213 1
251623 695363 1
638880 1244366 1
339488 1444327 1
321590 1365629 1
168844 974785 1
376386 578206 1
37098 578206 1
37098 376386 1
69452 407957 1
485170 546891 1
470528 846337 1
56499 170272 1
53465 484037 1
618522 833640 1
493896 844213 1
493896 1201057 1
1082667 1190910 1
885799 1308688 1
761832 1440811 1
761832 946085 1
761832 1142122 1
103519 295844 1
1105486 1278394 1
705148 1294694 1
89759 814487 1
89759 1248254 1
89759 227045 1
359013 1470811 1
298953 927104 1
625608 1207331 1
35076 1295213 1
35076 695363 1
35076 251623 1
1142122 1440811 1
162693 817401 1
604138 1223908 1
25273 600126 1
5416 1038654 1
5416 365589 1
5416 529446 1
698773 859375 1
124367 488428 1
124367 376884 1
124367 293418 1
124367 481092 1
124367 1486244 1
124367 574805 1
634401 717692 1
634401 1105486 1
634401 1278394 1
481092 488428 1
481092 1486244 1
481092 574805 1
243781 1208991 1
34950 1262424 1
34950 101027 1
206241 1515819 1
844213 1201057 1
448396 614875 1
524783 778437 1
82564 839305 1
82564 780460 1
82564 467187 1
183124 665086 1
689617 1001198 1
476597 1040921 1
465094 850648 1
71440 844213 1
71440 421166 1
71440 1201057 1
71440 493896 1
401919 931290 1
75965 396756 1
87954 542181 1
104114 938692 1
