405937 877800 1
405937 1225696 1
727467 889042 1
322598 413917 2
322598 1372322 1
1346795 1569277 1
1007817 1447780 1
1007817 1470476 1
1091524 1328907 2
1322244 1338634 1
4785 1337628 1
4785 284622 1
39639 1569282 1
39639 1569281 1
42133 465660 1
397438 771045 1
34395 1133983 1
34395 176920 1
34395 1209385 1
470993 1569276 1
600126 806672 1
1569273 1569274 1
923181 989337 1
699584 1149103 1
699584 853938 1
181679 274329 1
122924 450557 1
378393 14130207 1
1133983 1209385 1
839305 1245617 1
800507 951001 1
111310 862469 1
303361 356110 1
194598 588807 1
319137 571743 1
1569267 1569268 1
554553 781969 1
554553 923181 1
554553 989337 1
12661 856396 1
104764 285859 1
82504 570104 1
936167 1112653 1
440196 758247 1
781969 923181 1
781969 989337 1
594358 1208991 1
424351 500043 1
430153 528572 1
536448 1052701 1
423454 940533 1
423454 799999 1
840768 1354849 1
840768 1034390 1
877800 1225696 1
923552 1039776 1
189279 200403 1
24273 194320 3
24273 769343 1
56676 714177 1
57833 149125 2
1447780 1470476 1
697359 1364788 2
108166 285859 1
80040 372424 1
205237 989963 1
413917 1372322 1
927050 145181 1
176920 1133983 1
176920 1209385 1
1636733 1191102 1
1636733 168194 1
442745 703662 1
43957 1223136 1
22247 1093341 1
22247 1320697 1
558998 994629 1
1034390 1354849 1
127828 322598 1
127828 413917 1
160992 534615 1
977162 1512923 1
614851 1249252 1
57188 1331303 1
910932 1512923 1
910932 977162 1
910932 916768 1
1135417 1569285 1
525544 889649 1
140335 582621 1
93048 984961 1
93359 1048359 1
284622 1337628 1
468835 1123341 1
872609 1440229 1
896926 916848 1
478378 714046 1
469430 324239 1
550375 814657 1
53214 791871 1
53214 884142 1
81560 241099 1
81560 589614 1
153323 1532210 1
796302 1040129 1
853938 1149103 1
853938 881480 1
377016 1514890 1
377016 981920 1
926017 1316159 1
926017 1492614 1
474515 541913 1
749497 1263006 1
320981 1349745 1
402579 1322244 1
402579 1338634 1
402579 708916 1
799999 940533 1
332042 592805 1
168194 1191102 1
99828 108166 3
99828 285859 1
99828 365791 1
99828 889042 2
521847 1303679 1
1193725 541913 1
1193725 474515 1
981920 1514890 1
963489 1439304 1
241099 589614 1
149125 1294943 1
72693 710092 1
1001320 1138212 1
662737 807087 1
56572 617799 1
268430 314289 1
778396 1405980 1
123166 941109 1
1437391 1500917 1
371935 800507 1
371935 951001 1
137657 1206554 1
137657 452404 1
49062 877928 1
1093341 1320697 1
916768 1512923 1
916768 977162 1
792446 1509105 1
291134 799767 1
643270 1270574 1
790377 1226721 1
373869 844213 1
259892 567087 1
651202 878904 1
58207 1001320 1
58207 1138212 1
479671 994785 1
206505 799045 1
762923 920392 1
224176 1354849 1
224176 840768 1
224176 1034390 1
710301 1086348 1
242245 571743 1
242245 319137 1
555196 1311972 1
511002 581821 1
708916 1322244 1
708916 1338634 1
1288606 1366140 1
113128 1123341 1
113128 468835 1
870217 1081213 1
133722 275206 1
459747 910932 1
459747 1512923 1
459747 977162 1
459747 916768 1
452404 1206554 1
1052729 1301893 1
1569281 1569282 1
309250 1536924 1
115222 856184 1
127982 877800 1
127982 1225696 1
127982 405937 1
1316159 1492614 1
17830 588807 1
17830 194598 1
138973 1447780 1
138973 1470476 1
138973 1007817 1
46913 1439304 1
46913 963489 1
310115 592805 1
310115 332042 1
166978 520321 1
195289 1569287 1
269505 270652 1
1188070 1351509 1
276331 313937 1
765437 1147960 1
211526 569153 1
323399 536448 1
