562465 1309125 1
786139 909052 1
709059 1379347 1
322598 413917 2
228526 1060438 1
215312 1117664 1
215312 862897 1
1058829 859848 1
1058829 1569280 1
932358 1158906 1
39654 404359 1
429127 796825 1
39639 62491 2
632287 1087202 1
632287 1526606 1
632287 1503555 1
243961 1062311 1
224389 1099271 1
224389 511196 1
224389 331150 1
1569272 844940 1
39890 924082 1
39890 1061137 1
702538 1145606 1
99653 1006147 1
1239042 1371058 1
402761 584889 1
106451 855112 1
274236 297741 1
274236 1173209 1
298953 617555 1
298953 875752 1
460468 476597 2
460468 1368728 2
484593 705268 1
81560 1041193 3
81560 241099 4
141647 1189211 1
617555 875752 1
800507 815422 1
880572 1267428 1
472142 963455 1
369056 527158 1
91115 998746 1
91115 377857 1
162633 1284416 1
162633 203557 1
447919 542084 1
88391 368982 1
6714 179984 1
889969 1249705 1
233828 1521387 1
1301151 1324775 1
509175 553771 1
369051 851460 1
1125001 1236048 2
111813 1362803 1
111813 478982 1
518888 1268445 1
489287 692619 1
489287 1419238 1
1237797 1414555 1
412623 46913 3
412623 963489 3
104764 285859 1
104764 711859 1
82504 762539 1
82504 1359393 1
126676 878767 1
126676 640994 1
320122 1300258 1
867160 1328907 4
702931 1439893 1
56592 692619 1
56592 489287 1
56592 1419238 1
161999 886316 1
478192 912273 1
314336 1236631 1
314336 1336343 1
230660 896862 1
728409 1098537 2
24273 194320 2
1063848 1076787 2
27067 606552 1
108166 285859 2
87380 747787 1
1125879 1450985 1
149553 1515819 1
149553 1191996 1
149553 206241 1
166978 520321 1
276663 1125001 1
287435 706611 1
1117687 1133940 1
936167 1412108 1
936167 1060993 1
179469 194320 2
692619 1419238 1
1051477 1128965 1
60899 1323173 1
121484 1354849 1
478078 489046 1
37936 632287 1
37936 1087202 1
37936 1526606 1
37936 1503555 1
304832 778137 1
1199166 1374775 1
1569278 944659 1
383892 1222765 1
13431 1288802 1
862897 1117664 1
1191996 1515819 1
14130209 14130210 1
502940 833230 2
356787 779559 1
356787 618923 1
356787 1248073 1
69744 368982 1
69744 88391 1
202872 1486062 1
81104 1521387 1
81104 233828 1
163978 1239042 1
163978 1371058 1
1060993 1412108 1
42133 465660 1
340686 1204599 1
753237 1535642 1
615995 705749 1
48278 97373 1
48278 1513951 1
1188293 1385871 1
259105 1019335 1
193384 1128965 1
193384 1051477 1
2562 1073956 1
117981 322598 2
117981 413917 2
32475 576588 2
214747 438789 1
905157 1294815 1
197518 1204599 1
197518 340686 1
285859 711859 1
1874 475962 1
676355 1091760 1
331150 1099271 1
331150 511196 1
490750 1415583 2
490750 701532 1
17534 270652 2
17534 269505 1
177840 702538 1
177840 630407 1
177840 1145606 1
472888 794324 1
668318 862003 1
478982 1362803 1
478982 862003 1
1323333 1456380 1
169304 518888 1
169304 1268445 1
320981 1067096 1
402579 1322244 1
402579 708916 2
121653 610253 1
1087202 1503555 1
1087202 1526606 1
376419 1404068 1
376419 527025 1
228368 1512749 1
617343 1333734 1
99828 108166 3
99828 285859 3
77802 867160 1
77802 1328907 1
14130307 14130308 1
640535 1233637 1
701532 1415583 1
346758 445716 1
85566 270030 1
527025 1404068 1
283356 1238700 1
115222 856184 1
728359 1391292 1
12709 81560 1
12709 241099 1
332812 681026 2
429176 1385871 1
429176 1188293 1
659229 852920 1
198916 1092671 1
1019068 1080329 1
119836 484133 1
119790 638198 2
247955 719169 1
924082 1061137 1
74912 741613 1
476597 1304812 1
476597 1368728 2
632373 1027648 1
14130214 14130215 1
51395 656229 1
297741 1173209 1
878657 1079717 1
179984 1182799 1
269505 270652 1
762539 1359393 1
1144712 1402330 1
165064 284622 1
264583 720060 1
89449 971439 1
105965 1450985 1
105965 1125879 1
245593 380991 1
151048 247955 1
151048 719169 1
630407 702538 1
630407 1145606 1
546093 1197029 2
910932 1512923 1
368982 833230 2
368982 502940 2
511002 1063848 2
511002 1076787 2
511002 581821 2
640994 878767 1
708916 1322244 1
97373 1513951 1
73536 277419 1
203557 1284416 1
49506 852920 1
49506 659229 1
719795 1354849 1
806104 1508005 1
511196 1099271 1
1160061 1331303 1
1569283 248980 1
1569280 859848 1
488747 1160061 1
488747 1331303 1
241099 1041193 3
62157 1044256 1
127982 1229250 1
1503555 1526606 1
46913 963489 4
564394 46913 1
564394 963489 1
671211 1414555 1
671211 1237797 1
206241 1515819 1
206241 1191996 1
483321 900436 1
618923 1248073 1
1371669 1411834 1
94103 470528 1
579873 747787 1
2086 383507 1
14401 998746 1
14401 91115 1
117573 596592 1
1063662 1413295 1
581821 1063848 2
581821 1076787 2
