73399 1148432 1
322598 413917 1
346120 1127726 1
346120 1453058 1
1344255 1486244 1
4785 266658 1
4785 96342 1
351345 571805 1
351345 686273 1
209732 456721 1
501441 1020726 1
884439 1495943 1
426833 979214 1
426833 967993 1
176332 439088 1
460468 476597 2
460468 1368728 1
460468 744233 2
1218468 1495643 1
740898 1140833 1
635190 1056756 1
635190 865242 1
71983 293419 1
35539 763761 1
484847 560918 1
569190 629880 1
569190 1496127 1
180801 353560 1
49908 585955 1
49908 470674 1
327770 1008323 1
327770 1504398 1
327770 1167431 1
963489 46913 1
752201 995281 1
477321 602952 1
202328 538863 1
515064 1407358 2
536448 1052701 2
592749 606225 1
994077 1335366 1
161999 601136 1
791083 1441713 1
614467 683726 1
731306 996795 1
16703 929403 1
899448 1002377 1
129655 626769 1
376884 488428 1
376884 478378 1
376884 1295759 1
376884 481092 1
376884 1344255 1
376884 1486244 1
376884 819972 1
376884 897196 1
376884 574805 1
52098 1471314 1
52098 240568 1
1017688 1209563 1
681784 816610 1
681784 1482074 1
319447 562925 1
282203 547507 1
438333 1029362 1
438333 1219908 1
437500 799959 1
307101 1343718 1
307101 944566 1
307101 608375 1
307101 1069862 1
307101 887489 1
307101 1430477 1
169304 518888 2
1008323 1504398 1
1008323 1167431 1
887489 1343718 1
887489 1069862 1
887489 944566 1
887489 1430477 1
988627 1470811 2
988627 1170162 1
699399 1240191 1
699399 1007228 1
777967 879611 1
478378 488428 1
478378 1295759 1
478378 481092 1
478378 1344255 1
478378 1486244 1
478378 819972 1
478378 897196 1
478378 574805 1
117981 322598 1
117981 413917 1
35318 614467 1
35318 463038 1
35318 683726 1
541173 694942 1
490750 1415583 1
897196 1344255 1
897196 1295759 1
897196 1486244 1
100955 1537452 1
100955 1305490 1
574805 1344255 1
574805 819972 1
574805 1295759 1
574805 897196 1
574805 1486244 1
212956 489969 1
203867 1515721 1
315652 916325 1
952337 963580 1
343821 392897 1
343821 1033532 1
91247 896779 1
862439 963489 1
1085641 1209747 1
33174 1255622 1
171834 314145 1
16102 1117664 1
16102 215312 1
635497 885962 1
270840 821276 1
825705 1061704 1
127848 627840 1
440601 1386181 1
244366 804848 1
590469 850348 1
1155180 1464590 1
748335 881723 1
190996 911725 1
37098 1292113 1
93309 1062858 1
93309 104049 1
644415 1470811 1
644415 988627 1
96342 266658 1
18703 302655 1
43490 532370 1
240568 1471314 1
179984 1144712 1
17617 507180 1
17617 1125042 1
17617 886088 1
17617 1131177 1
17617 746043 1
576766 998746 1
659709 889258 1
659709 683402 1
533965 625231 1
490009 569190 1
490009 629880 1
490009 1496127 1
118111 750620 1
1191102 1265942 1
68607 170719 1
75873 1490626 1
65948 1244418 1
65948 307470 1
65948 866806 1
65948 825437 1
298117 416041 1
298117 1337758 1
31281 1304155 1
1026648 1334807 1
121561 1354311 1
20875 485000 1
20875 517479 1
124367 488428 1
124367 478378 1
124367 376884 1
124367 1295759 1
124367 293418 1
124367 481092 1
124367 1344255 1
124367 1486244 1
124367 819972 1
124367 897196 1
124367 574805 1
481092 488428 1
481092 1295759 1
481092 1344255 1
481092 1486244 1
481092 819972 1
481092 897196 1
481092 574805 1
571805 686273 1
377107 1113068 1
213123 600668 1
324209 371343 1
324209 1375146 1
206241 899567 1
505953 1245890 1
698935 1211729 2
547507 748335 1
547507 881723 1
1063662 1413295 2
1335782 1410696 1
454379 531049 1
454379 859575 1
81714 393075 1
137511 441704 1
137511 1095094 1
561401 1455357 1
544417 733632 1
544417 1343599 1
886088 1125042 1
886088 1131177 1
601136 1209747 1
601136 1085641 1
621902 1337961 1
621902 1322184 2
669458 897759 1
669458 1300357 1
496844 1267428 1
166010 489969 1
166010 212956 1
70508 600171 1
374403 1211701 1
213047 591842 2
1295759 1344255 1
1295759 1486244 1
112261 285859 1
112261 303646 1
112261 218413 1
112261 983033 1
112261 628542 1
412623 862439 3
412623 564394 1
412623 963489 5
947560 1042040 2
534891 1185213 1
534891 939771 1
743808 1096480 1
102992 547344 1
24707 382666 1
24707 1043865 1
24707 661292 1
441835 501441 1
441835 1020726 1
629880 1496127 1
19361 1068751 1
728320 1507682 1
18661 432785 1
546955 601260 1
478761 1288123 1
912606 1049016 1
912606 1282793 1
191811 582022 1
721810 811162 1
371343 1375146 1
575253 1470811 1
575253 988627 1
575253 1170162 1
441704 1095094 1
39639 62491 1
854920 916781 1
137045 422285 2
195110 1201444 1
201787 1326898 1
201787 965680 1
1117687 1133940 1
155366 821274 1
372424 1036881 1
421086 1185213 1
421086 534891 1
421086 939771 1
348900 974158 1
348900 785709 1
189313 663537 1
189313 1263424 1
625023 1208991 1
13431 1288802 2
910932 1512923 1
684957 805122 1
684957 1270385 1
207133 1127170 1
56349 1486517 1
124845 1297028 1
179493 1227150 1
488428 1295759 1
488428 1344255 1
488428 1486244 1
488428 819972 1
488428 897196 1
488428 574805 1
1261621 1477674 1
49677 1008586 1
17534 94281 1
382666 1043865 1
382666 661292 1
463038 614467 1
463038 683726 1
337475 785361 1
865242 1056756 1
99828 285859 2
99828 46913 1
99828 556247 3
99828 365791 1
99828 963489 1
305689 1416998 1
305689 540763 1
85566 300192 2
815650 1247321 1
134409 1261621 1
134409 1477674 1
134409 650580 1
417051 961377 1
172373 834060 1
289154 755293 1
8477 1413295 1
1114622 1301055 1
218413 285859 1
218413 303646 1
218413 628542 1
218413 983033 1
244918 560917 1
1170162 1470811 1
438924 1355603 1
522914 1519145 1
55414 1333614 1
276721 996590 1
660909 1181164 1
743193 1432840 1
743193 1168869 1
431978 983587 1
81466 190996 1
81466 911725 1
248546 482851 1
196119 1425930 1
939771 1185213 1
1230860 1387422 1
611999 733621 1
167984 591842 1
167984 213047 1
190821 1514890 1
190821 981920 1
133722 485029 1
663537 1263424 1
1167431 1504398 1
51817 1350519 1
284066 1147960 1
85831 1457352 1
365632 1191335 1
271144 662139 1
805122 1270385 1
359123 720057 1
723532 1482428 1
650580 1477674 1
650580 1261621 1
107178 127823 1
267886 731306 1
267886 996795 1
561938 1142136 1
767019 768574 1
191564 247194 1
1119182 1242847 1
193146 1495943 1
193146 884439 1
683402 889258 1
200186 882464 1
122328 1185213 1
122328 421086 1
122328 534891 1
122328 939771 1
65727 322598 1
104049 1062858 1
166871 878305 1
1304517 1479806 1
121821 801271 1
303646 628542 1
303646 983033 1
238741 724706 1
1018869 1248781 1
354877 825437 1
14130301 14130302 1
14130301 14130303 1
14130302 14130303 1
369051 1455895 1
161137 430512 1
508635 1220182 1
1049016 1282793 1
110893 191564 1
110893 247194 1
31982 374403 1
31982 1211701 1
37017 234902 1
13143 382666 1
13143 24707 1
13143 1043865 1
13143 661292 1
596554 1007174 1
785709 974158 1
87864 514790 1
363436 569597 1
363436 1185576 1
1302984 1509358 1
100074 314487 1
60899 1323173 2
396955 478074 2
910327 1490255 1
9002 998746 1
9002 576766 1
721346 734198 1
71963 910327 1
71963 1490255 1
68655 614637 1
319913 862439 1
319913 412623 1
746043 1125042 1
746043 886088 1
746043 1131177 1
1636725 673550 1
215436 644415 1
215436 1470811 1
215436 988627 1
354959 734947 1
311514 411296 1
311514 1337628 1
352826 684957 1
352826 805122 1
352826 1270385 1
926467 943169 1
505382 1380414 1
505382 877368 1
307470 1244418 1
307470 866806 1
307470 825437 1
343741 854893 1
411296 1337628 1
1305490 1537452 1
897759 1300357 1
825437 1244418 1
825437 866806 1
705749 1459914 1
381287 581214 1
239571 391878 1
239571 517479 1
729246 1510929 1
455277 743193 1
455277 1168869 1
455277 1432840 1
455277 591710 1
570420 979838 1
165064 935030 1
165064 284622 2
49716 1029362 1
49716 1238142 1
49716 1048018 1
733632 1343599 1
944566 1343718 1
944566 1069862 1
944566 1430477 1
710301 1511494 1
1201923 1512749 1
14130296 14130298 1
14130296 14130297 1
14130297 14130298 1
1039696 1041158 1
432785 897599 1
284622 935030 1
435368 1354849 1
278324 376386 1
827184 1198216 1
483321 628142 1
483321 900436 1
44220 1217882 1
468781 1380518 1
736950 1293773 1
421846 1024612 1
421846 1206811 1
202548 392897 1
202548 1033532 1
202548 343821 1
215312 1117664 1
511002 581821 1
80823 1048051 1
1235028 1411839 1
484935 939515 1
1015121 1279262 1
449277 1515762 1
416041 1337758 1
1127726 1453058 1
44255 1208795 1
324124 1230860 1
324124 1387422 1
889056 1007174 1
230433 775697 1
735516 1413576 1
543113 1064115 1
836116 1501087 1
569597 1185576 1
1101418 1142979 1
38138 338606 1
352645 522914 1
352645 1519145 1
293418 488428 1
293418 478378 1
293418 376884 1
293418 1295759 1
293418 481092 1
293418 1344255 1
293418 1486244 1
293418 819972 1
293418 897196 1
293418 574805 1
1029362 1238142 1
1029362 1219908 1
2256 607645 1
46888 176301 1
977644 1335366 1
977644 994077 1
867160 1328907 1
923552 1039776 1
259030 474770 1
683509 1142122 2
1007228 1240191 1
108166 963489 1
221310 898629 1
661292 1043865 1
116388 1312174 1
965680 1326898 1
595209 655400 1
669275 821218 1
72873 602451 1
66565 322598 1
66565 413917 1
66565 117981 1
91831 148736 1
223220 1111197 1
420402 899567 1
21457 1037106 1
1109645 1479806 1
1109645 1304517 1
794324 46913 1
794324 1324013 1
794324 1513951 1
794324 963489 1
58084 100135 1
134589 1026602 1
682378 1201816 1
103589 741613 1
613757 956791 1
606225 1288873 1
109163 370350 1
94148 341132 1
42133 465660 1
278493 348827 1
470674 585955 1
866806 1244418 1
567087 1536728 1
819972 1344255 1
819972 897196 1
819972 1295759 1
819972 1486244 1
441971 1114622 1
441971 1301055 1
608375 1343718 1
608375 1069862 1
608375 944566 1
608375 887489 1
608375 1430477 1
285859 303646 1
285859 628542 1
285859 983033 1
285859 711859 1
591710 743193 1
591710 1168869 1
591710 1432840 1
93052 995154 1
121653 1200681 2
788304 947560 2
788304 1042040 2
1168869 1432840 1
1343718 1430477 1
981920 1514890 1
877368 1380414 1
98124 541173 1
98124 694942 1
241555 896862 1
479013 1037756 1
1125042 1131177 1
591408 1295678 1
540763 1416998 1
34213 176619 1
476597 794324 1
476597 1368728 2
476597 1513951 1
566824 637675 1
104764 112261 1
104764 303646 1
104764 218413 1
104764 628542 1
104764 285859 1
104764 983033 1
1148482 1510184 1
257637 602952 1
257637 477321 1
652225 1022476 1
507180 1125042 1
507180 886088 1
507180 1131177 1
507180 746043 1
1322184 1337961 1
816610 1482074 1
438835 1230004 1
1069862 1343718 1
1069862 1430477 1
628542 983033 1
392897 1033532 1
666918 1059264 1
120277 1335366 1
120277 977644 1
120277 994077 1
27067 1501668 1
387806 741977 1
242799 1515762 1
242799 449277 1
134426 1127170 1
134426 207133 1
967993 979214 1
46913 963489 1
1024612 1206811 1
801327 1335817 1
795544 1312196 1
94103 244918 1
94103 560917 1
582384 1384536 1
269505 270652 1
485000 517479 1
219530 1088702 1
324932 717620 1
391878 517479 1
