651416 1271170 1
651416 1050819 1
651416 1257397 1
190377 786139 1
1283800 1445075 1
342019 720062 1
215312 1117664 1
127718 430575 1
127718 866792 1
511002 1076787 1
842367 1269359 1
491198 797944 1
305264 924575 1
49223 140883 1
49223 476945 1
931991 1467090 1
931991 935408 1
611438 804683 1
745814 881743 2
291510 314289 1
291510 703424 1
373293 46913 1
373293 379487 1
373293 963489 1
1257397 1271170 1
314291 336575 1
808354 1303230 1
119046 398191 1
119046 1180447 1
321659 1052653 1
559879 1475805 1
5900 1019319 1
82714 1269359 1
82714 842367 1
82714 556247 1
236196 820080 1
320678 820150 1
320678 355965 1
320678 371281 1
433611 925427 1
433611 1356248 1
433611 1528265 1
1049495 1388765 1
689546 1227958 1
854908 1055185 1
14089542 1495999 1
953754 1002100 1
1367114 1455610 1
229199 416263 1
229199 355079 1
213047 591842 1
662571 1072583 1
662571 669571 1
797539 1054818 1
312119 1417682 1
383507 519120 1
22247 41275 1
22247 797539 1
22247 710724 1
22247 1054818 1
557132 611383 1
515041 1053799 1
1047433 1131499 1
505382 1001514 1
505382 1380414 1
505382 877368 1
313638 956029 1
430575 866792 1
318843 1482370 1
61907 82286 1
293241 865461 1
293241 1375259 1
555301 963580 1
647662 1271170 1
647662 1050819 1
647662 651416 1
647662 1257397 1
129159 1361630 1
129159 669561 1
152280 262108 1
355965 820150 1
355965 371281 1
197009 1284416 1
412623 862439 5
412623 963489 2
963489 1262979 1
963489 46913 1
104764 285859 1
454213 1413295 1
274031 1021223 1
274031 1123108 1
274031 705872 1
239457 420632 1
239457 1531927 1
239457 1070696 1
239457 899567 1
239457 351609 1
239457 561007 1
1354776 1436627 1
2256 642694 1
2256 1400272 1
2256 105694 1
909747 1434451 1
1309931 1539778 1
329769 540229 1
888910 1018126 1
1101956 1138075 1
1101956 1282314 1
420632 1070696 1
420632 899567 1
420632 1531927 1
420632 561007 1
48469 546093 1
48469 1197029 1
48469 174966 1
536448 1052701 1
536448 1281750 2
299252 881743 2
299252 745814 2
556247 1269359 1
556247 842367 1
214320 267354 1
13546 1076787 1
1001514 1380414 1
106698 313638 1
106698 956029 1
1050819 1271170 1
1050819 1257397 1
443917 680555 1
188165 628542 1
433819 1315922 1
85 546492 2
85 896752 2
108166 46913 1
108166 390404 1
108166 963489 1
198758 1016206 1
198758 1138075 1
198758 1282314 1
198758 1101956 1
582483 1354849 1
191954 712325 1
314289 703424 1
1170704 1309931 1
1170704 1539778 1
256430 1248073 1
42105 669561 1
42105 1361630 1
42105 129159 1
1016206 1138075 1
1016206 1282314 1
1016206 1101956 1
1021223 1123108 1
1260099 1336931 1
705872 1021223 1
705872 1123108 1
234461 667587 1
669561 1361630 1
6586 888910 1
6586 1018126 1
51880 1448130 1
1045973 1068495 1
77223 1213121 1
420402 1295928 1
420402 899567 1
1008323 1504398 1
29229 786139 1
29229 897599 1
29229 190377 1
642694 1400272 1
935408 1467090 1
465652 627428 1
315039 744824 1
315039 654460 1
148286 172755 1
869429 1069836 1
355079 416263 1
108372 1421114 1
924082 1028263 1
924082 1148188 1
562142 745814 1
93055 827026 1
93055 1057698 1
496532 1288210 1
42133 465660 1
1028263 1148188 1
70467 443917 1
70467 680555 1
331982 818965 1
331982 1539778 1
331982 388949 1
331982 1170704 1
331982 1309931 1
1138075 1282314 1
1293933 1486039 1
669571 1072583 1
137247 909747 1
137247 1434451 1
311514 1062858 1
441971 1114622 1
68975 1368728 1
68975 576769 1
536954 1271170 1
536954 1050819 1
536954 647662 1
536954 651416 1
536954 1257397 1
718864 1368728 1
1315685 1341334 1
197518 1204599 1
1062202 1492352 1
320905 1188293 1
853938 881480 1
388949 818965 1
388949 1539778 1
388949 1170704 1
388949 1309931 1
685999 1299270 1
174966 1197029 1
174966 546093 1
327922 1098537 1
327922 610543 1
228083 945461 1
60376 198758 1
60376 1016206 1
60376 1138075 1
60376 1282314 1
60376 1101956 1
371281 820150 1
807311 1520344 1
914797 984342 1
402579 708916 1
368982 433614 1
636899 1154903 1
1088235 1457150 1
810690 924082 1
810690 1028263 1
810690 1148188 1
210318 929864 1
238044 434342 1
99828 867816 1
231698 1006389 1
240729 530800 1
142315 1457150 1
142315 1088235 1
669826 1188293 1
596592 1385871 1
85566 162693 1
85566 300192 2
431721 1461898 1
431721 1317707 1
431721 514790 1
431721 843997 1
274065 686273 1
62478 1248073 1
62478 256430 1
877368 1001514 1
877368 1380414 1
144975 1380594 1
144975 1397578 1
144975 411464 1
1070696 1531927 1
439349 915944 1
196045 46913 1
196045 373293 1
196045 379487 1
196045 963489 1
230385 924082 1
230385 810690 1
230385 1028263 1
230385 1148188 1
758508 1172659 1
380991 399015 1
862439 963489 1
351609 1070696 1
351609 899567 1
351609 420632 1
351609 1531927 1
351609 561007 1
561007 1070696 1
561007 899567 1
561007 1531927 1
699821 1148364 1
169609 675806 1
627840 966454 1
627840 644245 1
861687 1073955 2
433982 811162 1
218413 285859 1
94645 210318 1
94645 929864 1
25914 1299270 1
25914 685999 1
568029 1477193 1
574518 747547 1
80405 119046 1
424540 836343 1
644245 966454 1
233520 567087 1
862317 951427 1
179290 527268 1
379487 46913 1
379487 963489 1
1079062 1146195 1
610543 1098537 1
225573 566029 1
710724 797539 1
710724 1054818 1
364993 924480 1
827026 1057698 1
105694 642694 1
105694 1400272 1
576769 1368728 1
75763 881480 1
75763 853938 1
75763 581734 1
79928 1385871 1
79928 596592 1
230303 1267365 1
224176 1354849 1
224176 582483 1
595513 1073955 1
595513 861687 1
546093 1197029 1
546492 896752 2
15211 1238142 1
199010 1409626 2
79927 429176 1
411464 1380594 1
411464 1397578 1
705546 1123757 1
705546 1516286 1
705546 963580 1
35076 1421113 1
167984 591842 1
167984 213047 1
581734 881480 1
581734 853938 1
1027970 1068495 1
105219 582374 1
925427 1356248 1
925427 1528265 1
671447 1424357 1
103523 805488 1
96695 805651 1
347384 491198 1
295219 1485498 1
794324 1324013 1
51817 1350519 1
41275 797539 1
41275 710724 1
41275 1054818 1
563919 745814 1
5470 245904 1
219541 398492 1
278324 376386 1
135800 714177 1
398703 619441 1
899567 1070696 1
899567 1531927 1
677251 808473 1
752772 1068495 1
752772 1027970 1
386866 1450662 1
46913 1262979 1
46913 963489 2
564394 1317196 1
972439 1099211 1
483321 628142 1
483321 746433 1
865461 1375259 1
636215 1410261 1
227736 522679 1
268430 291510 1
268430 314289 1
268430 703424 1
866414 1038047 1
270652 657158 1
514790 1010586 1
514790 1317707 1
514790 1461898 1
1356248 1528265 1
963580 1516286 1
306399 904825 1
818965 1309931 1
818965 1539778 1
818965 1170704 1
1317707 1461898 1
70730 562142 1
70730 745814 1
990433 1053259 1
242799 449277 1
1380594 1397578 1
1348013 1529429 1
136167 277124 1
357990 1099211 1
357990 972439 1
1170347 1316031 1
231166 1382455 1
