514930 1178462 1
668768 981389 1
294607 920073 1
593879 711859 1
390404 593879 3
390404 711859 1
555772 832512 1
485460 1378121 2
767019 768574 1
340838 655910 1
560918 1207054 1
560918 579829 1
491198 1081173 1
368137 583782 1
368137 1413295 1
459927 809699 1
22660 230303 1
793506 1169394 1
793506 904136 1
793506 914386 1
351345 361618 1
504968 644334 1
504968 1447285 1
504968 1373219 1
321659 1052653 1
230433 775697 1
664894 845514 1
664894 749497 1
105466 270249 1
105466 1343517 1
105466 152739 2
171647 468413 1
454213 890433 1
460468 476597 1
460468 1368728 1
239679 1331058 1
396955 478074 1
207813 1298049 1
207813 381746 1
207813 993286 1
1052701 1281750 1
41254 239868 1
118056 1222673 1
118056 730545 1
1133966 1227068 1
1133966 1442253 1
936285 1531263 1
1145586 1462604 1
648045 843946 1
932358 1158906 1
932358 1264478 1
165646 617555 1
165646 413456 1
928294 1508669 1
484847 1207054 1
484847 560918 1
484847 579829 1
564394 1474574 1
308004 638590 1
665197 757127 1
865240 1132667 1
15211 518062 1
920073 1122209 1
335206 1370777 1
187563 913214 1
469671 1197161 1
412623 862439 4
412623 827558 1
412623 1112987 1
412623 46913 1
412623 963489 1
583782 1413295 2
243128 460030 1
243128 708252 1
926619 1076189 1
496875 1213889 1
496875 1171293 1
496875 1337758 1
38206 1477193 1
38206 568029 1
1373219 1447285 1
159794 921918 1
163229 338037 1
17025 1083525 1
46888 913184 1
595 811417 1
381554 895719 1
1274611 1517459 1
536448 1281750 1
1150932 1397795 1
581821 1076787 1
694848 1235028 1
421098 1154883 1
547746 1050241 1
723730 793506 1
723730 1169394 1
723730 904136 1
723730 914386 1
230660 896862 1
275412 519120 1
742301 1227068 1
742301 1133966 2
742301 1048359 1
742301 1442253 1
703763 1133966 1
703763 1048359 1
703763 742301 1
1050833 1200681 1
1050833 1472772 1
823362 999486 1
823362 1227068 1
762923 920392 1
433819 1315922 1
449797 1218777 1
632330 881790 1
632330 1050781 1
108166 593879 3
108166 390404 4
108166 711859 1
188791 896862 1
888567 1475683 1
808473 1413295 2
165997 389162 1
149553 290619 1
149553 1133966 1
149553 294402 1
149553 708252 1
149553 1442253 1
149553 742301 1
149553 1227068 1
148264 644334 1
148264 1447285 1
148264 1373219 1
148264 504968 1
66883 625022 1
130162 826662 1
598674 1351502 1
128749 654460 1
657665 1449253 1
364993 1016998 1
42105 512235 1
42105 1164988 1
42105 188728 1
563083 602451 1
563083 710301 1
563083 694423 1
72873 197725 2
568029 1477193 1
137823 595851 1
413456 617555 1
829403 1230293 1
829403 1465974 1
714488 1372113 1
37989 689633 1
46549 1490151 1
46549 879773 1
512235 1164988 1
329813 363214 1
625022 1125879 1
216559 672723 1
499466 948325 1
1180447 1366204 1
1317853 1358156 1
1317853 1464740 1
317607 1009438 1
794324 46913 1
794324 963489 1
468836 1354986 1
202173 1177203 1
1108639 1331998 1
1108639 1188204 1
136255 599820 1
387215 1230570 1
879773 1490151 1
297978 1247321 1
93048 678470 1
93048 456948 1
81104 1335817 1
1143776 1499493 1
227816 376884 1
141438 278316 1
141438 487844 1
569131 703793 1
284622 1312526 1
284622 1097619 1
527340 1530480 1
42221 311723 1
29285 763930 1
29285 758952 1
6375 433983 1
440968 1110162 1
922155 1267365 1
1316847 1500737 1
117981 322598 1
377155 948325 1
377155 499466 1
290619 1133966 1
290619 294402 1
290619 708252 1
290619 1442253 1
290619 742301 1
290619 1227068 1
146893 840726 1
146893 1270385 1
1272719 1476712 1
999486 1227068 1
25544 499466 1
25544 301949 1
25544 377155 1
25544 948325 1
1062202 1492352 1
37411 992596 1
881790 1050781 1
320905 1188293 1
759503 1338984 1
993286 1298049 1
478982 862003 1
994629 1409200 1
154450 981308 1
749497 845514 1
300733 934148 1
1023745 1499493 1
1023745 1143776 1
1023745 1109571 1
402579 1124539 1
259105 757127 1
259105 665197 1
38650 703763 1
38650 1048359 1
38650 294402 1
38650 1133966 1
38650 742301 1
904136 1169394 1
904136 914386 1
570097 892096 1
570097 851189 1
843924 1508669 1
108865 1476712 1
644334 1447285 1
644334 1373219 1
354625 482926 1
99828 108166 1
99828 285859 1
99828 365791 1
99828 963489 1
988968 1116563 1
914386 1169394 1
1227068 1442253 1
279727 493012 1
301949 948325 1
301949 499466 1
301949 377155 1
152739 270249 1
152739 1343517 1
180657 489100 1
460030 708252 1
1188204 1331998 1
213249 496875 1
213249 454660 1
213249 1337758 1
213249 1171293 1
213249 1213889 1
758952 763930 1
1109571 1499493 1
1109571 1143776 1
1285464 1479872 1
188728 1164988 1
188728 512235 1
631710 881790 1
631710 1050781 1
631710 632330 1
360765 1358767 1
1048359 1133966 1
368754 377155 1
196045 373293 1
862439 46913 1
862439 963489 1
491543 509169 1
491543 744415 1
214320 267354 1
516448 587547 1
268430 336575 1
705251 849812 1
1200681 1472772 1
861687 1073955 1
155354 835788 1
264194 881430 1
1213889 1337758 1
116034 867033 1
405364 456044 1
294402 1133966 2
294402 1048359 1
294402 708252 1
294402 1442253 1
294402 742301 2
294402 703763 1
294402 1227068 1
708252 1227068 1
708252 1133966 1
708252 1442253 1
708252 742301 1
207199 566431 1
37637 535198 1
1058693 1108129 1
13057 41776 1
924575 1082636 1
635922 937584 1
533397 808473 1
533397 1413295 1
72442 639731 1
72442 742301 2
1330490 1400764 1
879627 961341 1
112327 895719 1
112327 381554 1
1068495 1124661 1
344659 1285464 1
344659 1479872 1
49716 385625 1
49716 1048018 1
35641 1142226 1
35641 744444 1
165064 1312526 1
165064 1097619 1
165064 284622 1
446975 1272210 1
762533 888567 1
762533 1475683 1
840726 1270385 1
648882 1057645 1
639731 742301 1
576769 1191996 1
359345 1099153 1
558743 803249 1
83756 478074 1
83756 396955 1
197390 688339 1
705268 767019 1
705268 768574 1
694423 710301 1
198909 939610 1
511002 1076787 1
511002 581821 1
1094649 1502320 1
257431 672243 1
456948 678470 1
801297 1530480 1
1230293 1465974 1
542892 699009 1
854619 1462604 1
854619 1145586 1
6106 1474574 1
6106 564394 1
278316 487844 1
602451 710301 1
602451 694423 1
454660 496875 1
454660 1171293 1
454660 1337758 1
454660 1213889 1
579829 1207054 1
666010 1024033 1
415651 1364534 1
663304 976140 1
727451 749640 1
365632 1085033 1
636135 678486 1
805122 1120903 1
381746 1298049 1
381746 993286 1
377107 1113068 1
713293 740045 1
46913 963489 2
1171293 1213889 1
1171293 1337758 1
972439 1099211 1
1358156 1464740 1
284464 714488 1
284464 1372113 1
476597 1368728 1
1158906 1264478 1
851189 892096 1
119116 892096 1
119116 570097 1
119116 851189 1
229622 602394 1
384486 1301339 1
1403206 1443145 1
730545 1222673 1
1097619 1312526 1
744444 1142226 1
707992 720865 1
357990 1099211 1
357990 972439 1
