776995 889969 1
112927 371925 1
276627 1040091 1
276627 403041 1
276627 352352 1
1173209 1463529 1
357132 1081285 1
450629 478761 1
745814 1302979 1
745814 1032547 1
745814 802631 1
745814 1159417 1
269345 430550 2
54269 1394543 1
105466 270249 1
105466 161334 1
911577 1138378 1
105469 707339 1
105469 734653 1
82196 770321 1
82196 101507 1
74831 963489 2
331459 1306081 1
331459 538275 1
331459 727162 1
331459 962335 1
687612 1442615 1
150398 254909 1
487796 759453 1
487796 911698 1
557132 1312024 1
421897 1409063 1
538275 1306081 1
538275 727162 1
538275 962335 1
647762 1053185 1
647762 831725 1
263600 384486 1
325714 861197 1
325714 605168 1
51167 181981 1
452620 1555540 1
249069 1181719 1
624132 848675 1
720865 835257 1
532375 1063232 1
636371 664656 1
1343723 1399971 1
765825 1081283 1
56754 149553 1
56754 1133966 1
56754 1048359 1
56754 708252 1
56754 1442253 1
56754 742301 1
56754 1227068 1
592 38040 1
592 906007 1
592 27000 1
202062 511002 1
202062 829093 1
569744 1135417 1
1000835 1381497 1
586584 1199252 1
586584 620497 1
23805 447465 1
442176 483118 1
888567 1359393 1
572240 702246 1
349450 389934 1
349450 842421 1
162933 450862 1
177162 1053185 1
177162 831725 1
177162 647762 1
764617 1526695 1
1403 224218 1
1403 774379 1
1403 1115074 1
1403 66419 1
725598 738323 1
725598 1149291 1
57750 327571 1
200412 263600 1
200412 384486 1
226836 249077 1
273727 283929 1
927004 1298152 1
1000239 1312526 1
1105875 1447803 1
767898 1343723 1
767898 1399971 1
420402 452713 1
1175964 1457010 1
16958 806659 1
40443 68031 1
56909 1283926 1
56909 268283 1
148286 396756 1
1047212 129567 1
898239 1315922 2
608447 1088040 1
130013 1510066 1
130013 1124107 1
130013 453568 2
130013 569597 2
130013 899567 2
130013 239457 2
130013 1322808 2
130013 351609 1
130013 561007 2
393901 445015 1
74334 651247 1
924082 1168636 1
355077 1413295 1
81678 981168 1
681308 1160528 1
681308 1399305 1
794324 992596 1
794324 963489 1
284622 1000239 1
284622 1312526 2
284622 874267 2
1476712 24369 1
462080 863562 1
462080 922623 1
462080 1254876 1
981663 1285668 1
53352 877368 1
218934 606354 1
224182 644941 1
544649 927813 1
544649 719912 1
544649 772957 1
293285 570109 1
73816 1102523 1
268707 923436 1
462852 1192582 1
462852 1462630 1
385252 459747 1
385252 755951 1
385252 839205 1
385252 433819 1
385252 1277156 1
385252 916768 1
478982 1362803 1
478982 1081447 1
256793 1411621 2
256793 1365166 1
228083 443088 2
1334285 1536687 1
289027 1404581 1
121012 391878 1
753782 981663 1
753782 1285668 1
399766 1204047 1
213249 496875 1
213249 454660 1
213249 1171293 1
213249 1337758 1
431721 1461898 1
431721 514790 1
431721 455525 1
1284991 1536143 1
554051 1105767 1
554051 1379699 1
223085 702246 1
223085 572240 2
88745 1384289 1
88745 1244418 1
825705 1159502 1
196045 763876 1
744298 890049 1
744298 1182977 1
744298 1190125 1
744298 1289809 1
561007 1194840 1
561007 1510066 1
561007 1124107 1
561007 569597 3
561007 899567 2
561007 1322808 2
150184 1365952 1
150184 774738 1
150184 1097258 1
861687 1139250 1
861687 1073955 1
718888 1099153 1
248809 1226617 1
248809 561854 1
642678 670333 1
65110 749045 1
65110 922293 1
65110 368299 1
65110 343457 1
65110 843699 1
708252 1227068 1
708252 1133966 1
708252 1048359 1
708252 1442253 1
708252 742301 1
881433 1294815 1
839205 1277156 1
839205 916768 1
422852 469658 1
689779 1331454 1
194828 578081 1
194828 267354 1
533397 808473 1
533397 1413295 1
1336757 1350188 1
165064 1312526 1
165064 874267 2
165064 284622 3
319664 14088694 1
319664 14088695 1
516758 1247877 1
109437 970102 1
88066 1492352 1
417905 1329069 1
202382 338733 1
202382 289134 1
202382 717076 1
202382 441347 1
202382 443492 1
762533 888567 1
762533 1359393 1
654905 777693 1
922623 1254876 1
175477 576650 1
317159 1463529 1
317159 585112 1
317159 900583 1
317159 1173209 1
317159 1013188 1
528952 1194840 1
528952 561007 1
582222 592284 1
101507 770321 1
99732 178216 1
705268 1504542 1
705268 791495 1
705268 1513461 1
1112506 1495566 1
616203 1513566 1
705546 710181 1
705546 1173914 1
827940 1424240 1
96696 249077 1
96696 226836 1
288445 923626 1
288445 707666 1
205746 583782 1
205746 1063662 1
20875 214045 1
20875 787908 1
755951 839205 1
755951 1277156 1
755951 916768 1
205466 461133 1
205466 1118549 1
451706 603140 1
611176 1249133 1
611176 970984 1
691818 705268 1
691818 1504542 1
691818 791495 1
691818 1513461 1
384472 1302661 1
384472 449737 2
137460 1204253 1
137460 229060 1
202034 376977 1
202034 417115 1
206241 373293 1
206241 1364314 1
41599 266518 1
41599 461043 1
628538 931038 1
628538 737631 1
677440 771185 1
970984 1249133 1
514790 1461898 2
105694 863562 1
105694 462080 1
105694 922623 1
105694 1254876 1
66618 642678 1
66618 670333 1
66618 178127 1
17263 665557 1
603409 1108605 1
603409 899681 1
294607 1336851 1
294607 920073 1
390404 593879 1
289635 1334660 1
139388 1351137 1
160568 819002 1
160568 1126252 1
802535 1182877 1
738323 1149291 1
95421 831118 1
95421 139912 1
95421 789216 1
95421 742301 1
315039 744824 1
662985 668768 1
662985 981389 1
684100 1012562 1
684100 1069151 1
684100 1000766 1
1244418 1384289 1
236196 1225882 1
70508 222722 1
534576 835189 1
747974 1135406 1
1164048 1207311 1
1164048 1489463 1
276619 1255366 1
266518 461043 1
1247922 1525115 1
890049 1190125 1
890049 1182977 1
890049 1289809 1
23478 123822 1
411140 1515715 1
411140 893152 1
411140 503199 1
399439 1538598 1
399439 435258 1
43347 130043 1
43347 1230343 1
43347 394944 1
43347 154873 1
43347 573871 1
431166 488428 1
431166 1066884 1
774738 1365952 1
774738 1097258 1
95037 289635 1
95037 183626 1
133495 1286655 1
1343599 1512923 1
412623 862439 4
133493 393710 2
583782 1063662 1
815161 893799 1
947560 1042040 1
239457 1510066 1
239457 1124107 1
239457 453568 2
239457 569597 2
239457 899567 2
239457 1322808 2
239457 351609 1
239457 561007 2
176732 274520 1
500850 654667 1
372163 1368728 2
372163 744230 2
260076 1389425 1
260076 754333 1
869968 1318556 1
1270391 1502768 1
1270391 1491559 1
478761 1093222 1
484913 889042 1
742301 1133966 1
742301 1048359 1
742301 1442253 1
742301 831118 1
742301 1227068 1
742301 789216 1
1207311 1489463 1
819002 1126252 1
823362 999486 1
823362 1227068 1
783169 788383 1
89316 1188871 1
580996 680453 1
57922 1247922 1
57922 1525115 1
149553 1133966 1
149553 1048359 1
149553 708252 1
149553 1442253 1
149553 742301 1
149553 1227068 1
249113 487796 1
249113 759453 1
249113 911698 1
157218 1139467 1
157218 267240 1
82339 1205977 1
498065 738323 1
498065 725598 1
498065 1149291 1
51619 1159948 1
51619 741984 1
19669 289027 1
19669 1404581 1
96633 339224 1
365108 664656 1
365108 636371 1
403041 1040091 1
910932 1512923 1
910932 1343599 1
637895 1293181 1
1236615 1518899 1
494453 1012562 1
494453 684100 1
494453 1069151 1
494453 540162 1
494453 1000766 1
24369 1476712 2
667586 1317853 1
667587 1534542 1
488428 1066884 1
540162 1012562 1
540162 684100 1
540162 1069151 1
540162 1000766 1
252944 1185266 1
962335 1306081 1
815334 1251668 1
40201 694766 1
128324 501009 1
331157 1204047 1
331157 399766 1
900583 1463529 1
900583 1173209 1
900583 1013188 1
391037 822796 1
391037 915137 1
549243 1227157 1
290703 534576 1
290703 835189 1
453568 1510066 1
453568 1124107 1
453568 569597 2
453568 899567 3
453568 1322808 2
453568 561007 2
1022469 1190302 1
180 351362 1
99828 963489 1
99828 1454952 1
99828 556247 1
458470 1471103 1
301949 430550 1
267837 1197060 1
461133 1118549 1
319377 326584 1
324780 680453 1
324780 580996 1
324780 1519915 1
324780 1442522 1
324780 605114 1
183626 289635 1
14088694 14088695 1
585112 1463529 1
585112 900583 1
585112 1173209 1
585112 1013188 1
195996 1122497 1
289154 1266022 1
72693 248994 1
1013188 1173209 1
1013188 1463529 1
1000766 1012562 1
1000766 1069151 1
1315922 843997 1
1007444 1258459 1
25914 582374 1
25914 105219 1
91888 303051 1
91888 709839 1
91888 1520614 1
91888 680418 1
355018 966094 1
605114 1519915 1
605114 1442522 1
449737 1302661 1
449737 783028 1
924575 1521879 1
924575 949897 1
957070 1069999 3
338214 705268 1
317016 822796 2
317016 915137 1
317016 503253 2
317016 391037 1
569387 989302 1
182712 677440 1
182712 771185 1
41170 569131 1
310367 1303289 1
310367 491543 1
723580 881804 1
723580 932261 1
497375 1508879 1
613486 786139 1
724706 1136826 1
589421 1272210 1
511002 829093 1
511002 581821 2
511002 1076787 1
511002 1056387 1
786139 924082 1
611999 613831 1
611999 655775 1
266121 1117756 1
266121 1324918 1
503199 1515715 1
503199 893152 1
321778 349462 1
727162 1306081 1
727162 962335 1
41770 74831 1
41770 963489 1
51817 1350519 1
1504542 1513461 1
18712 1190125 1
18712 744298 1
18712 1182977 1
18712 890049 1
18712 1289809 1
398703 1249133 1
398703 611176 1
398703 778129 1
398703 970984 1
88078 1537132 1
1171293 1337758 1
147192 681308 1
147192 1160528 1
147192 1399305 1
932947 1366375 1
744230 1368728 2
495853 1525881 1
257965 1000148 1
75966 680453 1
75966 580996 1
75966 324780 1
268283 1283926 1
859156 1120055 1
581821 1076787 1
581821 1056387 1
376977 417115 1
116650 229254 1
116650 981920 1
666 285859 1
461247 1509810 1
154873 394944 1
154873 573871 1
154873 1230343 1
831725 1053185 1
397438 920807 1
538515 1386986 1
1540 360361 1
1540 1285858 1
526733 530321 1
526733 671160 1
541422 751317 1
759453 911698 1
1314441 1444382 1
491543 1303289 1
331185 430153 1
331185 1190302 1
331185 1022469 1
879321 1442374 1
810851 1268538 1
93309 644941 1
93309 424458 1
93309 224182 1
1192582 1462630 1
13848 534576 1
13848 835189 1
13848 290703 1
303646 628542 1
791495 1504542 1
791495 1513461 1
523192 1292558 1
772957 927813 1
303051 981663 1
303051 625049 1
303051 680418 1
303051 753782 1
303051 1285668 1
303051 709839 1
303051 1520614 1
1133966 1227068 1
1133966 1442253 1
441347 717076 1
441347 443492 1
997872 1437527 1
33120 362490 1
234461 1534542 1
234461 667587 1
555772 821276 1
1182977 1190125 1
1182977 1289809 1
469671 1197161 1
737631 931038 1
909052 983017 1
496875 1337758 1
496875 1171293 1
789216 831118 1
1206233 1260827 1
430153 1190302 1
430153 1022469 1
256360 569387 1
256360 989302 1
368299 749045 1
368299 922293 1
368299 843699 1
95993 1409410 1
1183300 1354849 1
918720 14088693 1
961341 1429383 1
958119 1194383 1
433819 839205 1
433819 755951 1
433819 459747 1
433819 1277156 1
433819 916768 1
488489 683498 1
3474 808354 1
54935 256360 1
54935 569387 1
54935 989302 3
109179 543611 1
808473 1413295 1
66883 651673 1
66883 314291 1
668768 981389 1
642686 1455898 1
899681 1108605 1
1322808 1510066 1
582374 827940 1
582374 1424240 1
719912 927813 1
719912 772957 1
363154 862439 1
363154 915894 1
363154 412623 1
208759 434849 1
257259 681731 1
352707 1016487 1
165237 461133 1
165237 1118549 1
165237 205466 1
641792 830099 1
955320 1157706 1
881804 932261 1
1117756 1324918 1
850390 1181940 1
949897 1521879 1
608784 654905 1
608784 777693 1
714491 796871 1
714491 1458129 1
1442522 1519915 1
34294 587554 1
707666 923626 1
377155 763876 1
68974 1368728 2
68974 372163 2
68974 744230 2
166299 1186468 1
201892 1470087 1
178127 642678 1
178127 670333 1
394944 573871 1
394944 1230343 1
332961 1294943 1
519406 534437 1
620497 1199252 1
402579 963489 1
259105 291982 1
715707 862732 1
1365166 1411621 1
761193 901175 2
456530 1227864 1
375272 1099631 1
229254 981920 1
893152 1515715 1
226816 813851 1
169369 377155 1
392595 1040129 1
565128 918720 1
565128 14088693 1
625049 981663 1
625049 753782 1
625049 1285668 1
843997 1490811 1
843997 1315922 1
245661 1314376 1
206612 495853 1
206612 1525881 1
59056 1249133 1
59056 398703 1
59056 611176 1
59056 970984 1
737572 900436 1
613831 655775 1
29165 128328 1
205367 331157 1
205367 1204047 1
205367 399766 1
175018 1097743 1
916768 1277156 1
139912 831118 1
139912 789216 1
139912 742301 1
72442 831118 1
72442 139912 1
72442 789216 1
72442 95421 1
72442 742301 1
144399 628542 1
503742 1254948 1
394721 1105767 1
394721 554051 1
394721 1379699 1
343457 749045 1
343457 922293 1
343457 368299 1
343457 843699 1
49716 518062 1
501238 1135417 1
501238 569744 1
733632 1512923 1
733632 910932 1
733632 1343599 1
595851 939610 1
224176 1354849 1
224176 1183300 1
352352 1040091 1
352352 403041 1
534355 1243110 1
414475 1149980 1
1105767 1379699 1
35076 1421113 1
80419 1517556 1
105219 582374 1
432785 1413295 1
318637 491065 1
459747 839205 1
459747 755951 1
459747 1277156 1
459747 916768 1
500988 900436 1
500988 737572 1
364527 428424 1
1017800 1448006 1
55606 270249 1
55606 105466 1
55606 161334 1
44524 989883 1
1124107 1322808 1
899567 1124107 1
899567 1322808 2
899567 1510066 1
136210 382248 1
1081447 1362803 1
88882 923436 1
88882 268707 1
575200 1473909 1
227851 491198 2
483321 500988 1
483321 900436 1
483321 737572 1
756708 1162003 1
52872 227057 1
62491 1386776 1
62491 731705 1
490934 821276 1
561854 1226617 1
1082068 1536143 1
1082068 1284991 1
214045 787908 1
505723 1484759 1
285705 1448006 1
285705 1017800 1
1491559 1502768 1
552095 604016 1
413295 1336757 1
413295 1350188 1
413295 890169 1
803425 829403 1
1118593 1248073 1
271376 958119 1
271376 1194383 1
703109 708916 1
619121 1413295 1
26822 158206 1
863562 922623 1
863562 1254876 1
243474 1502833 1
373293 927373 1
373293 1364314 1
373293 794324 1
14801 1195797 1
482685 730914 1
230433 975770 1
276737 537077 2
383694 659611 1
372666 962806 1
336092 1385038 1
854908 1444382 1
854908 1314441 1
34885 461978 1
1119950 1399487 1
1190125 1289809 1
744415 800061 1
802631 1302979 1
802631 1159417 1
76104 498065 1
76104 738323 1
76104 725598 1
76104 1149291 1
191571 1442615 1
191571 687612 1
452288 606712 1
656263 1349442 1
569597 1124107 1
569597 1510066 1
569597 1322808 2
569597 899567 2
154998 545406 1
154998 827184 1
19863 1437527 1
19863 997872 1
338733 717076 1
338733 441347 1
338733 443492 1
470814 1118593 1
470814 1248073 1
1402722 1424631 1
443492 717076 1
829093 1076787 1
302225 1120055 1
302225 859156 1
920073 1336851 1
335203 615497 1
545406 827184 1
811162 1345293 1
707339 734653 1
821304 911006 1
37411 992596 1
52125 677251 1
427189 1499405 1
66419 1115074 1
66419 774379 1
57468 130013 1
57468 1124107 1
57468 453568 1
57468 569597 1
57468 239457 1
57468 899567 1
57468 1322808 1
57468 351609 1
57468 561007 1
1097556 1105541 1
846543 1607498 1
709839 1520614 1
822361 1063826 1
605168 861197 1
437964 904153 1
242433 374355 1
353542 514790 1
122905 566822 1
1097258 1365952 1
822796 915137 1
573871 1230343 1
218920 955980 2
447330 1308060 1
29229 863562 1
29229 462080 1
29229 922623 1
29229 1254876 1
29229 105694 1
289134 338733 1
289134 717076 1
289134 441347 1
289134 443492 1
408205 544649 1
408205 719912 1
408205 927813 1
408205 772957 1
367489 1105767 1
367489 554051 1
367489 1379699 1
367489 394721 1
764368 1109425 1
342181 1372790 1
342181 1443216 1
176301 864742 1
935723 1123722 1
297978 1247321 1
435258 1538598 1
3505 391878 1
3505 121012 1
680418 709839 1
680418 1520614 1
42133 846693 2
42133 157352 1
503253 822796 1
267354 578081 1
2679 1334019 1
840656 1181940 1
840656 850390 1
314291 651673 1
1247877 1530532 1
749045 922293 1
749045 843699 1
84502 133495 1
84502 1286655 1
670847 840656 1
670847 1181940 1
670847 850390 1
461603 526733 1
461603 530321 1
461603 671160 1
9198 209762 1
734921 1130159 1
754333 1389425 1
161334 270249 1
788304 947560 1
788304 1042040 1
235846 1123722 1
235846 935723 1
843699 922293 1
1159417 1302979 1
84261 871308 1
13044 850537 1
27126 112731 1
774379 1115074 1
530321 671160 1
1397795 1450631 1
1048359 1227068 1
1048359 1133966 1
1048359 1442253 1
235877 1391091 1
1227068 1442253 1
360361 1285858 1
731705 1386776 1
351609 1124107 1
351609 453568 1
351609 569597 1
351609 899567 1
351609 1322808 1
351609 561007 1
710181 1173914 1
890169 1336757 1
890169 1350188 1
359573 710092 1
229060 1204253 1
999486 1227068 1
796871 1458129 1
607645 863562 1
686711 890433 1
137795 535198 1
1012562 1069151 1
524907 555772 1
524907 821276 1
323713 1008507 1
323713 1257095 1
879627 961341 1
879627 1429383 1
97671 1450230 1
97671 819387 1
459353 818210 1
738750 898239 1
738750 1315922 1
822858 1067613 1
192960 1490811 1
192960 843997 1
89756 1192582 1
89756 1462630 1
89756 462852 1
1372790 1443216 1
741984 1159948 1
191420 392575 1
819820 1413295 1
338606 1165896 1
261148 323713 1
261148 1008507 1
261148 1257095 1
130043 1230343 1
130043 394944 1
130043 154873 1
130043 573871 1
154943 427189 1
1008507 1257095 1
389934 842421 1
1188871 1391091 1
319775 670847 1
319775 840656 1
319775 1181940 1
319775 850390 1
819387 1450230 1
874267 1312526 1
1160528 1399305 1
603576 919319 1
216559 995173 1
216559 343181 1
42316 494739 1
212559 412685 1
454660 496875 1
454660 1171293 1
454660 1337758 1
452404 945679 1
461544 1343723 1
461544 1399971 1
461544 767898 1
291671 701266 1
65895 1247829 1
672473 1170403 1
355589 816569 1
483775 1304812 1
4397 1447803 1
4397 1105875 1
