304734 920857 1
304734 1518080 1
211588 707992 1
211588 1054091 1
211588 877722 1
150398 1190212 1
896862 1463576 1
720224 1024959 1
561645 631586 4
22660 230303 1
131296 1533044 1
269345 423566 1
269345 430550 1
435990 1536560 1
601228 1055546 1
89275 1282401 1
298447 328470 1
637377 1145415 1
180569 624196 1
790087 840705 1
790087 1276298 1
460468 476597 1
460468 1368728 1
460468 708916 1
461247 1509810 1
74831 402229 1
74831 1513946 1
74831 510588 1
74831 628080 1
74831 881426 1
425606 1530923 1
425606 548259 1
548259 1530923 1
831856 913184 1
793832 1170280 1
793832 844102 1
545335 1224045 1
1155180 1413295 1
925391 1322456 1
139410 1354513 1
432891 1001647 1
432891 649499 1
506972 1310860 1
506972 1476712 1
560920 1074249 1
560920 1008653 1
631456 840705 1
631456 1276298 1
631456 790087 1
298506 463117 1
116553 1018891 1
250692 720736 1
250692 1107155 1
263600 384486 1
528194 1239450 1
51167 181981 1
63329 1294815 1
57723 487652 1
57723 902157 1
963489 74831 1
469576 1247321 1
469576 1382577 1
939003 964841 1
463092 758061 1
60136 618933 1
592 38040 1
592 27000 1
1352097 1362363 1
1352097 1383988 1
219822 939225 1
219822 941808 1
219822 547542 1
392059 1301207 1
433614 527414 1
104666 576187 1
104666 430278 1
315374 691071 1
315374 1016314 1
315374 869816 1
300192 943165 1
697359 765796 1
335238 865517 1
245827 450146 1
557181 1210939 1
130162 826662 1
529022 1337231 1
136880 1314259 2
402229 1513946 1
402229 510588 1
402229 628080 1
402229 881426 1
1084052 1389624 1
309754 486771 1
200412 263600 1
200412 384486 1
510588 1513946 1
510588 881426 1
510588 628080 1
1101942 1130873 1
197258 785607 1
898239 1315922 1
355079 1150309 1
843997 1229250 1
843997 1240191 1
547542 939225 1
547542 941808 1
355077 922155 1
355077 1413295 1
432094 1462916 1
191192 481052 1
191192 569131 1
191192 458347 1
818845 1139323 1
204649 507606 1
134342 915408 1
717692 1105486 1
197518 488489 1
720736 1107155 1
1305158 1431149 1
692229 1233278 1
366474 1294943 1
359288 756135 2
501337 1508120 1
177919 1233278 1
177919 692229 1
1201988 1289676 1
91244 726920 1
355455 396748 1
50049 254567 1
50049 983212 1
50049 1130873 1
50049 1101942 1
862439 1283471 1
1040480 1086494 1
1040480 1095210 1
379487 752413 1
379487 896862 1
65605 175020 1
196045 752413 1
196045 373293 1
196045 379487 2
196045 896862 1
196045 763876 1
1247321 1382577 1
487269 761667 1
861687 1099827 1
861687 1408114 1
861687 1401227 1
264194 881430 1
537796 740091 1
1136872 1487709 1
464694 1062858 2
881433 1294815 1
93309 644941 1
13057 436801 1
124145 742301 1
124145 639731 1
811417 1294943 1
183859 1452644 1
225571 497474 1
225571 586324 1
88066 1492352 2
718888 1182051 1
718888 1099153 1
2946 1531353 1
2946 337318 1
715728 1476950 1
83756 396955 1
576769 1191996 1
307491 750248 1
307491 485029 1
705546 710181 1
705546 1173914 1
133241 478798 1
500094 1133862 1
1625835 14088697 1
1625835 1625836 1
1625835 157280 1
1625835 565128 1
140613 497925 1
1415430 1447285 1
334823 508714 1
334823 1009322 1
334823 1273170 1
1011150 1505444 1
1011150 1321678 1
664657 939653 1
862003 1222955 1
140720 774152 1
474663 733398 1
1088243 1409053 1
380991 519120 1
380991 647974 1
206241 373293 1
206241 448076 1
805801 949473 1
484220 1389408 1
920857 1518080 1
566431 755542 1
457013 631586 2
457013 561645 2
466192 517959 1
238872 1117090 1
469610 958562 1
754927 964635 1
52592 507606 1
52592 204649 1
349010 1080555 1
349010 1396842 1
246351 720736 1
246351 250692 1
246351 1107155 1
294607 920073 1
390404 709908 1
113193 134893 1
113193 141821 1
1052860 1444912 1
683649 1271286 1
683649 1203803 1
683649 766753 1
691071 1016314 1
691071 869816 1
35076 353552 1
35076 441547 1
605385 840705 1
605385 631456 1
605385 790087 1
605385 1276298 1
555034 1003845 1
371968 977847 1
371968 712719 1
143297 747973 1
463629 1454952 1
844102 1170280 1
274827 1247321 2
274827 1382577 1
274827 469576 1
634534 949705 1
634534 1289676 1
634534 1201988 1
61449 105500 1
490215 1392043 1
32899 94103 1
32899 470528 1
179571 1377144 1
179571 1028670 1
399439 1538598 1
928294 1508669 1
308004 638590 1
232459 844844 1
232459 680256 1
412623 583884 2
412623 862439 6
412623 1155180 1
583782 1063662 1
466863 625023 1
466863 708916 1
655570 1513653 1
655570 1166146 1
189584 659607 1
189584 709977 1
56181 499466 1
877722 1054091 1
631586 1465451 1
303398 866783 1
1233179 1368728 1
13615 464694 2
13615 1062858 2
249113 487796 1
249113 1013188 1
249113 1320605 1
249113 323780 1
144910 407542 1
144910 292949 1
63238 1155180 1
63238 80540 1
63238 412623 1
798 1282401 1
798 89275 1
1636734 14088696 1
1636734 666583 1
120738 206241 1
120738 448076 1
168382 512552 1
253488 606935 1
253488 1355877 1
211007 324046 1
211007 487652 1
96633 339224 1
44989 242752 1
44989 501055 1
44989 494767 1
44989 1222581 1
625023 708916 1
509018 954235 2
1144189 1285858 1
238938 793832 1
238938 1170280 1
238938 844102 1
398216 1081221 1
1366005 1379790 1
1203803 1271286 1
569131 925391 1
569131 1203685 1
569131 1322456 1
73979 519687 1
718741 1280448 1
252115 1260785 1
939225 941808 1
732032 935704 1
840705 1276298 1
221874 373293 2
666583 14088696 1
1054091 1314265 1
1080555 1396842 1
99828 108166 1
99828 1454952 2
99828 463629 1
99828 202062 1
606935 1355877 1
301949 1530532 1
301949 557523 1
983888 1053011 1
241157 1192363 1
241157 763799 1
241157 1303055 1
241157 926587 1
241157 1223046 1
37080 245827 1
37080 450146 1
62478 1248073 2
62478 256430 2
800061 889042 1
209744 425907 1
368754 377155 1
309730 582796 1
309730 556181 1
1013188 1320605 1
758508 926464 1
988965 150636 1
988965 307873 1
764268 1086494 1
764268 1095210 1
764268 1040480 1
87931 211614 1
407469 1625835 1
407469 1625836 1
407469 157280 1
407469 14088697 1
407469 565128 1
183694 1487931 1
460530 699779 1
460530 680257 1
285837 949705 1
285837 634534 1
285837 1289676 1
285837 1201988 1
432438 1513653 1
432438 655570 1
596857 1202588 1
114150 1052906 1
114150 383507 1
685206 1325160 1
314487 676044 1
427677 1133862 1
427677 500094 1
809880 914412 1
786139 1230611 1
37069 254567 1
37069 983212 1
37069 1130873 1
37069 50049 1
37069 1101942 1
881426 1513946 1
508780 637037 1
321778 1080555 1
321778 349010 1
321778 1396842 1
497474 586324 1
133722 677864 1
133722 449949 1
133722 818845 1
133722 1139323 1
708248 1362178 1
957594 1250862 1
159794 1121598 1
159794 1499965 1
628080 1513946 1
628080 881426 1
1022074 1294815 1
691954 889042 1
691954 800061 1
135085 1037915 1
1192363 1303055 1
1192363 1223046 1
452720 715728 1
452720 1476950 1
17830 355455 1
17830 396748 1
324046 487652 1
396215 1166146 1
396215 655570 1
1315562 1353714 1
757914 1088243 1
757914 1409053 1
241486 537077 1
94193 247362 1
718361 1005762 1
718361 739615 1
949705 1289676 1
949705 1201988 1
446006 1325382 1
926587 1192363 1
926587 1303055 1
926587 1223046 1
41958 257140 1
41958 1190987 1
332844 892139 1
659607 709977 1
1099153 1182051 1
220844 363606 1
148286 396756 1
323780 1320605 1
323780 1013188 1
34098 41200 1
34098 939225 1
34098 941808 1
34098 219822 1
34098 547542 1
73816 1102523 1
73816 409676 1
4600 384981 1
129736 328470 1
129736 298447 1
396955 1392043 1
396955 490215 1
577327 1127403 1
1625836 14088697 1
1625836 157280 1
1625836 565128 1
383507 1052906 2
585159 774188 1
111310 1133782 1
430278 576187 1
285668 365306 1
337318 1531353 1
659518 661973 1
659518 1230061 1
257140 1190987 1
269111 1230926 1
983212 1101942 1
983212 1130873 1
104764 285859 1
449949 677864 1
661973 1230061 1
485029 750248 1
619121 1413295 1
59878 575425 1
59878 730523 1
681626 1362363 1
681626 1352097 1
681626 1383988 1
449172 1248501 1
712719 977847 1
1030391 1305158 1
1030391 1431149 1
1420429 1468019 1
200729 258861 1
433819 1070173 1
433819 916768 1
37026 467814 1
172325 350843 1
66883 330311 1
66883 1353714 1
1086494 1095210 1
256430 1248073 2
74921 1029232 1
74921 1530207 1
74921 457999 1
9786 819820 1
22247 41275 1
22247 1054818 1
1009322 1273170 1
255053 783169 1
71140 490215 1
71140 1392043 1
71140 396955 1
363154 862439 1
363154 915894 1
363154 412623 1
208759 434849 1
27852 1066884 1
1008653 1074249 1
1321678 1505444 1
1229250 1240191 1
9392 107882 1
4051 939225 1
4051 219822 1
4051 547542 1
4051 34098 1
4051 941808 1
4051 41200 1
519120 647974 1
1362363 1383988 1
43849 309250 1
84468 758508 1
772048 1499529 1
68973 169369 1
68973 1368728 1
154059 1381814 1
482685 708916 1
202084 402579 1
753837 999318 1
120884 1314265 1
120884 1054091 1
281493 457013 2
281493 631586 4
281493 561645 4
60246 285837 1
60246 1289676 1
60246 634534 1
60246 70317 1
60246 1201988 1
60246 949705 1
707039 1206565 1
148323 343825 1
607489 901934 1
402579 460468 1
402579 1124539 1
402579 708916 1
119926 1249930 1
447372 1165776 1
423566 1068410 1
423566 430550 1
552505 597858 1
41170 454213 1
41170 569131 1
41170 1322456 1
41170 925391 1
97043 131296 1
1138890 1253722 1
169369 1368728 1
142322 1206565 1
142322 707039 1
565128 14088697 1
565128 157280 1
737572 900436 1
323001 697672 1
235886 1144189 1
235886 1285858 1
235886 606354 1
57073 930192 1
125637 183694 1
494767 501055 1
494767 1222581 1
916768 1070173 2
158100 1276298 1
158100 840705 1
158100 605385 1
158100 790087 1
158100 550982 1
158100 631456 1
72442 124145 1
72442 742301 1
72442 639731 1
720063 1356814 1
722487 1077712 1
638221 990848 1
572658 1124207 1
26513 644594 1
346777 1085033 1
363470 655639 1
812723 1314441 1
239750 681626 1
239750 1383988 1
239750 1352097 1
239750 313749 1
239750 1362363 1
258861 754680 1
587898 1007144 1
627260 1229250 1
627260 843997 1
627260 1240191 1
500988 900436 1
500988 737572 1
55606 105470 1
781013 1239450 1
1081447 1344168 1
483321 500988 1
483321 900436 1
483321 737572 1
184345 397780 1
253028 400858 1
134893 141821 1
1074048 1368728 1
54572 462837 1
83917 376982 1
1162893 1413295 1
278211 1158906 1
59089 805801 1
59089 949473 1
272071 360592 1
608483 786139 1
531049 1191996 1
73314 898239 1
73314 1315922 2
708916 1144712 1
307873 150636 1
373293 1357197 1
68975 1074048 1
68975 1368728 1
1188871 1391091 1
869816 1016314 1
240392 346654 1
34885 368982 1
34885 461978 1
325253 710181 1
325253 1173914 1
325253 705546 1
1401227 1408114 1
501055 1222581 1
470814 1248073 2
470814 863057 1
156445 1315922 1
256652 1326391 1
290619 681883 2
94281 1240191 1
94883 753030 1
487652 902157 1
47834 725152 1
1373219 1447285 1
1373219 1415430 1
249214 821276 1
288638 1494061 1
242752 501055 1
242752 1222581 1
242752 494767 1
230660 1077152 1
133492 1255190 1
534788 1162893 1
534788 1413295 1
4201 972640 1
550982 840705 1
550982 605385 1
550982 790087 1
550982 1276298 1
550982 631456 1
763799 1192363 1
763799 1303055 1
763799 926587 1
763799 1223046 1
209326 501337 1
209326 1508120 1
254567 1101942 1
254567 983212 1
254567 1130873 1
915408 1236320 1
885962 1396410 1
70317 949705 1
70317 634534 1
70317 285837 1
70317 1201988 1
70317 1289676 1
481757 727256 1
58084 111039 1
157280 14088697 1
315039 611745 1
315039 744824 1
739615 1005762 1
342181 500816 1
342181 1372790 1
342181 1443216 1
342181 1387690 2
116034 867033 1
175477 1026582 1
500850 810268 1
805122 840726 1
805122 1270385 1
805122 1388473 1
1070173 1203254 1
694284 910932 1
556181 582796 1
922155 1413295 1
201087 230303 1
146893 840726 1
146893 805122 1
146893 1270385 1
1413969 1480418 1
285859 1381925 2
27000 38040 1
7018 47834 1
7018 725152 1
477562 662571 1
285853 321778 1
285853 1080555 1
285853 349010 1
285853 1396842 1
191698 625023 1
191698 708916 1
191698 466863 1
43441 1515923 1
541065 1132362 1
117932 954236 1
680257 699779 1
680256 844844 1
41181 278108 1
490861 1151506 1
27126 112731 1
27126 663835 1
112731 663835 1
766753 1203803 1
766753 1271286 1
575425 730523 1
1310860 1476712 1
649499 1001647 1
462022 1487709 1
462022 1136872 1
304501 1084052 1
304501 1389624 1
710181 1173914 1
538625 1299191 1
686711 890433 1
476597 938589 1
476597 1368728 2
149445 501337 1
149445 209326 1
149445 1508120 1
67823 623279 1
144403 1035398 1
863057 1248073 1
254909 369056 1
840726 1270385 1
1372790 1443216 1
313749 681626 1
313749 1383988 1
313749 1352097 1
313749 1362363 1
606850 1194090 1
338606 1165896 1
219549 1408114 1
219549 1401227 1
219549 861687 1
173806 1201043 1
162294 989720 1
833966 1171759 1
31225 1247321 1
31225 1382577 1
31225 469576 1
31225 274827 1
316822 1229919 1
169459 287750 1
216559 430484 1
684568 1003655 1
518473 710724 1
41275 1054818 1
9512 13615 2
9512 1062858 2
9512 464694 2
1223046 1303055 1
1012519 1243771 1
749530 1116872 1
236347 753754 1
508714 1009322 1
508714 1273170 1
94103 606354 1
94103 1285858 1
94103 235886 1
94103 470528 1
94103 1144189 1
975258 1146103 1
1056502 1344168 1
1056502 1081447 1
639731 742301 1
79555 1086494 1
79555 764268 1
79555 1040480 1
79555 1095210 1
606354 1144189 1
606354 1285858 1
351781 1151506 1
351781 490861 1
41200 939225 1
41200 941808 1
41200 219822 1
41200 547542 1
707992 1054091 1
707992 877722 1
80540 1155180 1
80540 862439 1
80540 412623 2
792235 1129823 1
