103944 874903 2
490264 748102 1
304734 609776 1
736264 1476712 2
310973 976869 1
896862 957635 1
537581 816909 1
537581 1193446 1
537581 1488511 1
142294 712609 1
882653 1193003 1
411846 1142122 1
171504 805233 1
350843 841131 1
886316 1439297 1
1636736 1607497 1
14989 490264 1
14989 70317 1
740149 850148 1
1025843 1154146 1
255285 569505 1
255285 502870 1
945808 1538796 1
945808 1262563 3
521226 1516119 1
74831 1513946 1
74831 510588 1
74831 963489 3
74831 881426 1
74831 628080 1
74831 402229 1
74831 46913 1
44341 815140 1
945024 1278132 1
945024 1315922 1
978480 1337231 1
398936 786723 1
788190 1340484 1
91115 21080 1
773246 1063058 1
298506 1035398 1
298506 775691 1
538275 1440760 1
705218 954924 1
1188025 1453708 1
756607 1150848 1
756607 1155180 1
756607 1476170 1
20044 628080 1
452620 602451 1
963489 1516992 2
232510 823664 1
166485 1149869 1
592436 746094 1
424420 1188225 1
424420 1513699 1
424420 482542 1
56754 145609 1
56754 166485 1
56754 1149869 1
219822 547542 1
536448 1052701 1
536448 1281750 1
439337 962798 1
665557 904708 1
433614 821889 1
433614 1339692 1
595281 988741 2
896000 1482242 1
896000 1250572 1
302353 720224 1
14454 655317 1
4556 14989 1
4556 490264 2
4556 748102 1
4556 70317 2
4556 57010 1
34885 415002 1
76627 91724 1
985339 1233491 1
880251 1464561 1
186916 989255 1
66311 1117991 1
266523 528952 1
245827 1041539 1
245827 450146 1
245827 1227280 1
122226 463038 1
679719 1324776 1
204735 366849 1
356497 1018102 1
572522 1204047 1
572522 1011161 1
572522 869980 1
607772 766193 1
607772 982023 1
945643 1413235 1
402229 1513946 1
402229 510588 1
402229 628080 1
402229 881426 1
181082 862439 1
181082 1135406 1
181082 412623 1
458389 636351 1
549243 898040 1
200412 1397426 1
845326 938675 1
739505 1077034 1
739505 1200346 1
739505 1094356 1
672873 1084050 1
108372 695753 1
456843 1122603 1
457878 1024527 1
457878 746213 1
392695 821304 1
22906 945762 1
898239 1278132 1
898239 1315922 1
898239 945024 1
843997 1240191 1
447487 1502607 1
249802 632249 1
249802 977162 1
355077 827558 1
355077 1413295 1
874351 896862 1
530077 1361072 1
191192 569131 1
28356 560266 1
45110 272039 1
45110 1479443 1
356179 945808 1
662688 899567 1
1188293 1385871 1
1188293 1404326 1
1188293 1293608 1
6375 474635 1
858642 1131499 1
643214 1479693 1
643214 1069028 1
921767 1426345 1
241149 1053823 1
86047 881434 1
1153575 1373481 1
8465 261104 1
460970 1339467 1
175541 773246 1
175541 1063058 1
175541 249070 1
263882 1354513 1
308356 673550 1
352277 654240 1
300733 405390 1
194320 959115 1
194320 740002 1
1246031 1328826 1
816909 1488511 1
827558 1413295 1
462791 1154903 1
462791 636899 1
462791 1212135 1
862439 46913 1
862439 1135406 1
862439 963489 1
838536 898990 1
2682 1292116 1
2682 967591 1
516120 679719 1
516120 1324776 1
71128 851695 1
1378223 1505314 1
1257062 1419777 1
431721 1461898 1
431721 1010586 1
786590 957035 1
110101 740149 1
110101 461039 1
110101 850148 1
130683 500850 1
815503 1187181 1
223085 621370 1
503742 1370891 1
382251 580796 1
1461898 431721 1
1218334 1222082 1
157352 847250 1
509230 824079 1
509230 904111 1
561007 920073 1
561007 1217187 1
1112257 1263231 1
1155180 1476170 1
310479 359914 1
101759 242310 1
1250572 1482242 1
984485 1350519 1
464694 1062858 3
92989 347966 1
642777 1308836 1
642777 1202228 1
449581 526519 1
534615 608784 1
50638 1438219 1
50638 1344761 1
321749 1216528 1
13057 616393 1
13057 436801 1
194828 578081 1
194828 267354 1
520288 733271 1
520288 1050044 1
692316 1270874 1
692316 876697 1
121994 568029 1
305432 1194089 1
530620 1150848 1
530620 1114799 1
530620 1155180 1
530620 1476170 1
530620 756607 1
300812 434156 1
680418 874479 1
244513 1248073 1
7671 1385978 1
76714 993522 1
465778 838400 1
465778 570834 1
465778 915032 1
919574 1323808 1
919574 1041695 1
919574 1226666 1
307491 412782 2
307491 598334 1
705546 1516286 1
164984 1002100 1
786232 1135406 1
436801 616393 1
278408 824079 1
278408 388646 1
278408 509230 1
278408 904111 1
278408 454318 1
92192 210318 1
257780 439331 1
208287 458453 1
387380 935628 1
387380 1375664 1
602831 792956 1
820080 842676 1
862003 1257318 1
79917 1141199 1
179857 1439297 1
474663 891708 1
429838 1525597 1
216559 1503102 1
722677 777956 1
722677 981618 1
535198 727869 1
535198 1399445 1
151958 1330874 1
254319 582472 1
676142 1173209 1
830363 1001536 1
698935 772190 1
312962 1101594 1
384486 1529675 1
411323 892009 1
411323 555301 1
813851 817088 1
104114 1270874 1
104114 692316 1
104114 876697 1
1232170 1448804 1
1035398 1216155 1
294607 920073 2
294607 1217187 1
294607 561007 1
825478 1202712 1
141493 360592 1
707973 1077034 1
707973 1094356 1
707973 722238 1
707973 1200346 1
707973 739505 1
1154903 1212135 1
590105 828647 1
590105 1273089 1
135605 1086465 1
9361 9561 1
360127 744231 1
250385 1023146 1
824480 1244734 1
321794 336597 1
321794 451919 1
321794 1022405 1
272374 1483614 1
433819 1315922 1
433819 738750 1
17002 721180 1
291510 928621 1
1024577 1115354 1
413917 1320831 1
1226666 1323808 1
346719 1086204 1
118976 1528199 1
198160 475176 1
568176 978480 1
568176 1337231 1
141790 488839 2
141790 1317196 1
141790 381647 1
371806 1328826 1
371806 1246031 1
236196 842676 1
236196 820080 1
1212681 744230 1
1212681 1368728 1
1212681 525075 1
658906 741101 1
658906 1465081 1
553194 606552 1
156703 268617 1
156703 452620 1
156703 602451 1
173154 704635 1
173154 270255 1
32899 258065 1
1257555 1337596 1
790145 942185 1
1202228 1308836 1
308004 340566 1
440295 1150848 1
440295 530620 1
440295 1476170 1
440295 756607 1
440295 1155180 1
83822 103944 2
83822 874903 2
381647 488839 1
381647 1317196 1
412623 583884 1
412623 963489 2
412623 1112987 1
412623 862439 4
412623 1135406 1
412623 46913 1
678581 1078721 1
372163 1368728 1
372163 744230 1
501635 581164 1
501635 735316 1
649834 665557 1
649834 904708 1
581863 690367 1
581863 1000521 1
256003 257400 1
413468 1092541 1
413468 1160412 1
413468 471797 1
280181 747251 1
482542 1188225 1
482542 1513699 1
289635 860337 1
173641 949309 1
282887 938702 1
755679 838536 1
517851 1014510 1
39005 785755 1
285473 838536 1
285473 378353 1
285473 898990 1
1636735 1636736 1
1636735 1607497 1
120738 1444269 1
1086411 1194383 1
1385871 1404326 1
689546 794324 1
593857 1023971 1
593857 973798 1
584065 746625 1
1123757 1516286 2
752003 890228 1
1439771 1445906 1
234461 1534542 1
282990 868113 1
282990 424079 1
202173 206372 1
910932 1523070 1
842291 1454814 1
13437 1357197 1
442719 888085 1
442719 970682 1
1198969 1508669 1
2276 850760 1
291606 1315922 1
291606 403403 1
1072654 1175900 1
264033 1354137 1
581164 735316 1
99156 722289 1
636371 1046401 1
636371 1143674 1
73979 347887 1
718741 1280448 1
157445 1113070 1
229040 845542 1
796818 1323808 1
796818 1041695 1
796818 1226666 1
796818 919574 1
88521 1142122 1
88521 411846 1
128280 1056858 1
128280 305734 1
128280 286426 1
747972 1135406 1
747972 786232 1
865240 1303289 1
360698 371806 1
360698 1328826 1
360698 1246031 1
39919 71128 1
39919 851695 1
566985 805009 1
1383507 1434512 1
15412 892009 1
15412 555301 1
15412 411323 1
930192 1036221 1
356047 1217279 1
628080 1513946 1
628080 881426 1
320585 954103 1
216230 706911 1
496584 1039913 1
99828 108166 1
99828 1454952 1
399766 1011161 1
399766 1204047 1
399766 508122 1
399766 572522 1
399766 869980 1
385084 452924 1
378353 488839 1
378353 898990 1
378353 1474574 1
378353 1198458 1
378353 770287 1
378353 838536 1
525075 1368728 1
525075 744230 1
570834 838400 1
570834 915032 1
417115 1180535 1
782074 921677 1
45710 620035 1
461039 740149 1
461039 850148 1
1124207 1126733 1
758508 926464 1
325118 1476712 2
325118 736264 2
336061 1155180 1
399987 1308836 1
399987 1202228 1
399987 642777 1
1175900 1367383 1
748730 820378 1
748730 1206215 1
332861 1012937 1
87931 211614 1
738750 1315922 1
935628 1375664 1
846298 1239450 1
25914 582374 1
25914 105219 1
438925 732284 1
183694 563359 1
183694 698918 1
183694 1064786 1
957070 1069999 1
317016 822796 1
317016 503253 1
842123 1303149 1
223378 882653 1
223378 1193003 1
41170 1322456 1
41170 268430 1
41170 1487648 1
41170 569131 1
41170 103520 1
1337131 1444793 1
1260176 1392943 1
74683 664182 1
1254606 1300333 1
334413 442577 1
334413 363808 1
1046076 1339971 1
245199 1093941 1
443657 988741 1
394630 1087318 1
394630 1479310 1
247328 1217187 1
786139 1168636 1
881426 1513946 1
103520 1487648 1
468379 707973 1
468379 600415 1
468379 722238 1
766735 1257318 1
766735 862003 1
660439 1353534 1
660439 1054818 1
923213 1466037 1
604016 674176 1
135085 1037915 1
268361 926407 1
130742 1010869 1
17830 787961 1
17830 512053 1
141246 505683 1
141246 418905 1
107178 752003 1
107178 890228 1
528967 1309853 1
775691 1035398 1
744230 1368728 2
876697 1270874 1
403403 1315922 1
746213 1024527 1
1041695 1323808 1
1041695 1226666 1
788408 1393215 1
37943 219822 1
37943 547542 1
124024 899567 1
268283 295640 1
268283 1361883 1
268283 1538552 1
421688 422665 1
376977 1180535 1
376977 417115 1
42058 138446 1
42058 189584 1
879354 1043409 1
188102 1074048 1
188102 564394 1
689043 1518080 1
191767 1257318 1
191767 766735 1
191767 862003 1
803197 1120004 1
372470 1205035 1
203931 1093303 1
817088 1116872 1
690367 1000521 1
773780 1498304 1
1408594 1421150 1
508122 1011161 1
508122 1204047 1
508122 572522 1
508122 869980 1
117276 1306767 1
605918 1076075 1
260836 368438 1
529115 922628 1
79709 1203454 1
821335 1272046 1
205213 584045 1
600415 707973 1
600415 722238 1
446520 466821 1
469188 1222208 1
356716 818469 1
72361 547711 1
1077138 1218334 1
1077138 1222082 1
1052701 1281750 1
229779 618938 1
22247 41275 4
22247 378652 1
22247 1054818 4
22247 1353534 1
22247 660439 1
1033704 1408594 1
1033704 1421150 1
1180788 1318062 1
100135 1339692 1
100135 433614 1
1087318 1479310 1
967591 1292116 1
568060 937887 1
369056 527158 1
1293608 1385871 1
1293608 1404326 1
521246 525111 1
13615 464694 3
13615 1062858 3
104764 285859 1
1077034 1094356 1
1077034 1200346 1
606850 1194090 1
345100 1204047 1
345100 572522 1
345100 869980 1
345100 399766 1
345100 508122 1
345100 1011161 1
933840 1175900 1
933840 1072654 1
213773 923213 1
213773 1466037 1
275781 1204047 1
275781 1468521 1
275781 572522 1
275781 869980 1
275781 399766 1
275781 345100 1
275781 508122 1
275781 1011161 1
58871 1190156 1
58871 990679 1
73314 1315922 1
73314 291606 1
73314 403403 1
73314 765637 1
406727 1323393 1
583684 946344 1
656006 1473498 1
295799 314288 1
295799 777956 1
295799 679159 1
295799 722677 1
295799 981618 1
200642 1223522 1
510588 1513946 1
510588 881426 1
510588 628080 1
527340 1530480 1
191034 1323808 1
191034 919574 1
191034 1041695 1
191034 1226666 1
191034 796818 1
620052 1180041 1
582483 1434512 1
582483 1383507 1
740002 959115 1
22990 1128136 1
22990 1128141 1
172325 1407201 1
563530 828647 1
563530 1273089 1
563530 590105 1
312471 939910 1
109177 128749 1
1056797 1114975 1
74921 1530207 2
254057 1262563 2
254057 945808 2
451919 1022405 1
162651 1353714 1
635750 1195567 1
266608 1517352 1
1322808 1481879 1
295640 1538552 1
255053 783169 1
1052906 1112744 1
973798 1023971 1
223993 1124632 1
363154 388304 1
363154 784376 1
363154 1413295 1
314288 777956 1
314288 679159 1
314288 722677 1
314288 981618 1
471797 1092541 1
471797 1160412 1
371059 790145 1
371059 942185 1
1391091 1468584 1
201142 805651 1
453778 1104595 1
1011161 1204047 1
249070 773246 1
249070 1063058 1
219179 1023971 1
219179 282822 1
219179 973798 1
219179 593857 2
219179 335913 1
869980 1204047 1
869980 1011161 1
37483 222344 1
1262563 1538796 1
137795 535198 1
137795 1399445 1
594408 1325745 1
1145116 1259871 1
163235 933717 1
450146 1227280 1
450146 1041539 1
1128136 1128141 1
1272533 1322002 1
103519 323312 1
68973 169369 1
68973 1368728 1
432607 1289312 1
377155 499903 1
377155 763876 1
68974 275057 1
68974 1368728 1
68974 372163 1
68974 744230 1
741101 1465081 1
120243 447198 1
138446 189584 1
272039 1479443 1
824079 904111 1
454318 824079 1
454318 509230 1
454318 904111 1
706611 731607 1
1188225 1513699 1
424079 868113 1
363808 442577 1
363808 895860 1
300833 820378 1
300833 748730 1
300833 1206215 1
148323 343825 1
669664 996372 1
129775 1475683 1
402579 963489 1
183208 1322707 1
990679 1190156 1
37643 570104 1
282822 1023971 1
282822 973798 1
282822 593857 1
282822 335913 1
1399175 1513946 1
56909 183008 1
56909 268283 1
405115 488839 1
405115 678581 1
405115 1078721 1
405115 422056 1
546431 1024577 1
546431 1115354 1
502717 820932 1
263301 750397 1
433352 1287745 1
394811 568421 1
784 1105901 1
207695 1381925 1
838400 915032 1
145551 223378 1
145551 882653 1
145551 1193003 1
21384 598334 1
169369 1368728 1
169369 744230 1
169369 377155 1
705749 885548 1
149125 1294943 1
240060 428161 1
8429 858642 1
8429 1131499 1
961656 1052045 1
9865 896091 1
335913 1023971 1
335913 973798 1
335913 593857 1
70003 623962 1
36708 782310 1
256652 1326391 1
228250 293421 1
310869 1493116 1
388304 784376 1
766193 982023 1
471633 746625 1
471633 584065 1
57073 930192 1
57073 1036221 1
139188 302508 1
972991 1502378 1
254909 369056 1
639399 894403 1
418905 505683 1
87343 622429 1
87343 1433556 1
1069028 1479693 1
78831 79917 1
78831 1141199 1
270255 704635 1
41009 1413295 1
719386 731588 1
49716 1205739 1
49716 385625 2
572658 1124207 1
249250 1501456 1
298953 683774 1
626013 866482 1
697656 1121883 1
177441 777956 1
177441 679159 1
177441 981618 1
177441 314288 1
177441 295799 1
177441 722677 1
1092541 1160412 1
1150848 1155180 1
1150848 1476170 1
583630 1138966 1
448095 494873 1
1218528 1476170 1
438931 896933 1
305734 1056858 1
105219 582374 1
838721 1523307 1
911066 1003094 1
35222 334413 1
35222 442577 1
35222 363808 1
145609 166485 1
145609 1149869 1
378652 1054818 1
248242 1201043 1
127982 378353 1
733271 1050044 1
622429 1433556 1
564394 1074048 1
564394 1474574 1
483321 593879 1
545716 1188871 1
5970 228970 1
263872 651219 1
52872 624697 1
52872 1030082 1
160395 394811 1
160395 568421 1
122797 1001536 1
122797 830363 1
963580 1123757 1
963580 1516286 1
770287 1198458 1
54275 1029661 1
888085 970682 1
552095 604016 1
8854 310334 1
470359 1135800 1
470359 1304812 1
59089 1184956 1
839559 1322808 1
1041539 1227280 1
248994 570501 1
248994 969113 1
1051831 1121882 1
560918 1207054 2
560918 1538536 1
1218770 1283648 1
1218770 1350346 1
973606 1007378 1
920775 1239829 1
300382 1452718 1
97373 694714 1
97373 1513946 1
97373 1399175 1
105109 278408 1
105109 122339 1
105109 388646 1
105109 904111 1
105109 824079 1
105109 509230 1
105109 454318 1
160054 230660 1
154059 574164 1
1078 1287745 1
1078 433352 1
323549 635750 1
323549 1195567 1
240987 308356 1
240987 673550 2
164146 1092541 1
164146 1160412 1
164146 413468 1
164146 471797 1
1110905 1221585 1
877751 1423905 1
348242 488393 1
744415 800061 2
166819 705179 1
53153 1308836 1
53153 399987 1
53153 1202228 1
53153 642777 1
632249 977162 1
178403 726959 1
1107371 1186976 1
1054818 1353534 1
154998 256003 1
154998 257400 1
154998 432785 1
1207054 1538536 1
98083 1454814 1
98083 842291 1
13558 1431625 1
555301 892009 1
122339 278408 1
122339 388646 1
122339 904111 1
122339 824079 1
122339 509230 1
122339 454318 1
829093 1076787 1
417363 462408 1
920073 1217187 1
171182 731705 1
171182 1457893 1
331191 368851 1
598466 1108686 1
870914 1207311 1
870914 1489463 1
128909 807054 1
725264 1020720 1
205432 1081806 1
422056 488839 1
422056 1078721 1
422056 678581 1
812240 1505314 1
235877 1468584 1
235877 1391091 1
51459 412900 1
570501 969113 4
230660 874351 1
230660 896862 1
268617 602451 1
268617 452620 1
537077 894403 1
537077 639399 1
762923 920392 1
272391 641215 1
693278 772190 1
693278 698935 1
555055 1318523 1
1290473 1536143 1
286426 1056858 1
286426 305734 1
66095 482542 1
1094356 1200346 1
358453 443657 1
358453 988741 1
679159 777956 1
679159 722677 1
679159 981618 1
48996 1320380 1
690306 1339971 1
690306 1046076 1
690306 917091 1
203627 790145 1
203627 371059 1
203627 942185 1
681443 761499 1
1278132 1315922 1
141425 198886 1
457625 555055 1
457625 1318523 1
271215 1511528 1
125344 938675 1
125344 845326 1
428918 796871 1
44272 821335 1
44272 1272046 1
70317 490264 2
70317 748102 1
481757 727256 1
538764 1049460 1
836305 1171809 1
1436406 1514638 1
315039 744824 1
738271 805088 1
116137 993165 1
1013364 1385871 1
1013364 1188293 1
1013364 1404326 1
1013364 1293608 1
336280 894403 1
336280 537077 1
336280 639399 1
192206 214773 1
209762 1498304 1
209762 773780 1
825593 835619 1
598334 1516694 1
175477 1026582 1
175477 1004691 1
42133 1238342 1
42133 504514 1
42133 846693 1
503253 822796 1
334822 786232 1
334822 1135406 1
334822 747972 1
267354 578081 1
48279 973798 1
48279 219179 2
48279 1023971 1
48279 282822 1
48279 593857 2
48279 335913 1
1010586 1461898 1
259105 394224 1
514190 608116 1
949450 1046432 1
871268 1027809 1
313804 1406678 1
1344761 1438219 1
84500 718172 1
285859 321586 2
285859 1381925 1
55797 1528199 1
55797 118976 1
7018 46452 1
694714 1513946 1
694714 1399175 1
104710 554968 1
663012 1077727 1
474302 1424283 1
121653 829093 1
636899 1154903 1
636899 1212135 1
1341437 1436154 1
1283648 1350346 1
624697 1030082 1
37080 1041539 1
37080 245827 1
37080 450146 1
37080 1227280 1
65661 1353714 1
780128 884176 1
570104 1039652 1
899435 1007171 1
912474 1077887 1
275057 434849 1
275057 1368728 1
275057 372163 1
275057 744230 1
62391 920775 1
62391 1239829 1
356198 1126733 1
269953 1290969 1
820378 1206215 1
301949 557523 1
56205 610253 1
377091 1366542 1
412782 598334 1
1636737 21080 1
1636737 91115 1
220594 617845 1
216033 995757 1
470528 664040 1
488839 1474574 1
488839 1317196 1
488839 1078721 1
488839 678581 1
908926 974079 1
812473 1153575 1
812473 1373481 1
73342 363154 1
616540 786590 1
57010 490264 1
57010 748102 1
57010 70317 1
917091 1339971 1
917091 1046076 1
1207311 1489463 1
273581 961656 1
18030 570501 1
18030 969113 2
291207 1124207 1
291207 1126733 1
337364 1187181 1
337364 815503 1
502870 569505 2
777956 981618 1
731705 1457893 1
241486 537077 1
301332 398936 1
301332 786723 1
1046401 1143674 1
413295 1425254 1
628542 1511130 1
765785 1205052 1
388646 824079 1
388646 509230 1
388646 904111 1
388646 454318 1
81847 854046 1
29170 1216155 1
29170 1035398 1
50490 733299 1
41275 378652 1
41275 1054818 4
41275 1353534 1
41275 660439 1
512053 787961 1
128157 536288 1
1345277 1513951 1
46913 1516992 1
46913 963489 3
262363 1206554 1
796664 1007755 1
594671 659538 1
828647 1273089 1
94103 146278 1
975258 1146103 1
9512 13615 3
9512 1062858 3
9512 464694 3
183008 268283 1
707992 720865 1
80540 1155180 1
80540 336061 1
496770 514790 1
