204222 1097664 1
257326 1364768 1
257326 1129086 1
257326 340834 1
257326 1205086 1
658026 1089863 1
658026 687056 1
71918 954237 1
13848 57750 1
322344 1255051 1
322344 657665 1
1463670 1501065 1
658184 999051 1
33730 1114202 1
569363 1346097 1
569363 710724 1
906794 1496056 1
906794 1139261 1
488863 831958 1
376751 569529 1
142294 813851 1
561645 949861 1
561645 631586 1
389383 1384702 1
3711 244960 1
318232 361479 1
318232 1247535 1
318232 324123 1
295263 724835 1
628259 1457662 1
628259 1055057 1
628259 1100234 1
635137 1335166 1
635137 1071823 1
342253 426990 1
810293 1065128 1
209732 251369 1
209732 1112987 1
196487 1297396 1
323300 1380086 1
323300 1278237 1
89275 214676 1
107881 169369 1
945808 1538796 1
945808 1299927 1
945808 1247938 1
307924 1289723 1
307924 1319810 1
534865 1208611 1
534865 622807 1
627327 810525 1
523496 543792 1
52346 886936 1
898345 1097517 1
364407 978520 1
132485 182961 1
120569 1150866 1
346120 622991 1
346120 1445533 1
346120 562635 1
468379 707973 1
468379 600415 1
120738 844075 1
120738 412623 1
591880 775697 1
836559 1526267 1
74831 963489 1
196888 1295759 1
155416 547130 1
155416 1359444 1
155416 1046895 1
155416 602490 1
1222115 1354893 1
449378 762635 1
60218 815161 1
60218 974092 1
150399 532961 1
150399 338938 1
150399 854849 1
150399 484393 1
150399 921590 1
150399 1011237 1
440354 1025114 1
871710 887681 1
871710 1185153 1
122905 513087 1
447919 1408266 1
453757 1539163 1
476131 930492 1
476131 1378121 1
977251 472007 1
977251 1250239 1
140959 364407 1
140959 335132 1
140959 156457 1
140959 978520 1
705218 1312735 1
388500 496493 1
388500 1236374 1
388500 530957 1
114779 1195939 1
114779 192409 1
310334 976335 1
528194 1239450 1
484393 1011237 1
484393 532961 1
484393 854849 1
484393 921590 1
452620 901175 3
57722 707994 1
256392 1078743 1
256392 1317196 1
230935 504066 1
620506 1393603 1
241352 604040 1
241352 1385038 1
241352 336092 1
154659 540682 1
169631 1290146 1
169631 1032343 1
1636738 260701 1
1636738 14088698 1
275080 1486432 1
165214 593113 1
636371 1004691 1
202328 538863 1
142436 593833 1
302353 720224 1
40201 207078 1
40201 694766 1
40201 357148 1
40201 419706 1
40201 768439 1
832084 948621 1
832084 1071088 1
542187 1258258 1
1054786 1089928 1
1054786 1427804 1
569032 1249411 1
536448 1052701 2
536448 1281750 2
1202738 1294462 1
177275 415030 1
177275 1223929 1
334992 377604 1
108472 912506 1
752003 890228 1
928077 1497832 1
310154 1246981 1
447411 570637 1
447411 673759 1
940670 1056502 2
1086156 1535547 1
1365570 1373019 1
309284 1185582 1
56834 365601 1
56834 834297 1
56834 511033 1
56834 651673 1
56834 860612 1
602451 694423 1
245827 1041539 1
245827 450146 1
245827 1227280 1
1296841 1423097 1
686030 872929 1
218068 1371925 1
345224 367506 1
1278237 1380086 1
1100234 1457662 1
544493 702554 1
280290 644447 1
754398 1192570 1
754398 39032 1
654240 668977 1
607772 766193 1
220233 235565 1
267594 1186974 1
1157522 1381806 1
754643 1146628 1
433277 488863 1
433277 831958 1
69777 1123620 1
435368 1295759 1
435368 645523 1
435368 682155 1
703910 875921 1
267618 274586 1
267618 658637 1
267618 276565 1
267618 969909 1
234323 593524 1
234323 1535547 1
234323 1086156 1
1323804 1356749 1
171602 894120 1
1393063 1434048 1
608179 1026366 1
707514 1135800 1
277484 1501065 1
277484 1463670 1
387302 1212681 1
516547 699258 1
660097 1006920 1
236797 288875 1
279205 1422357 1
392695 821304 1
285365 985544 1
9481 368495 1
64057 232852 1
284913 838574 1
7869 269437 1
7869 921126 1
1094037 1531266 1
490690 839306 1
622991 1445533 1
473479 682483 1
843997 1461898 1
843997 1240191 1
749278 1142122 1
514699 679765 1
924082 1168636 1
355077 827558 2
355077 1413295 2
125386 1125821 1
212824 630230 1
212824 1020079 1
212824 554147 1
212824 706234 1
212824 254563 1
562635 622991 1
562635 862666 1
562635 1445533 1
607500 866482 1
1054240 1202738 1
1054240 1294462 1
140432 715576 1
633288 658637 1
633288 747645 1
23061 1025114 1
23061 440354 1
947451 1054091 1
45110 272039 1
45110 1479443 1
20828 595327 1
662688 899567 1
1188293 1520521 1
1188293 1404326 1
751584 1221209 1
267666 399690 1
267666 574238 1
1129086 1364768 1
1129086 1205086 1
76528 1249411 1
76528 124342 1
76528 569032 1
1291616 1413692 1
795666 870903 1
795666 921153 1
964724 1482695 1
957348 1186245 1
435045 877921 1
435045 1470071 1
237209 1131968 1
237209 824158 1
211096 1153009 1
382809 432785 1
382809 396772 1
126422 500988 1
126422 811178 1
126422 171494 1
126422 900436 1
126422 284803 1
583096 850209 1
790684 905472 1
790684 1274038 1
122769 311524 1
348831 892189 1
348831 770344 1
391571 428896 1
1436406 1514638 2
326119 1017348 1
104657 1371925 1
104657 218068 1
622807 1208611 1
888077 1221347 1
40986 599333 1
40986 752481 1
40986 298560 1
824601 900240 1
51736 169631 1
51736 1290146 1
51736 1032343 1
356061 385677 1
356061 1247321 1
352275 890382 1
981139 1461200 1
653287 750499 1
653287 1094037 1
653287 980124 1
653287 1531266 1
392936 1477816 1
392936 1496097 1
340364 1482113 1
412572 958286 1
127209 939551 1
827558 1413295 2
1170395 1447803 1
1173807 1468456 1
599333 752481 1
239951 363598 1
239951 1026299 1
269497 839321 1
269497 1005213 1
2682 961661 1
2682 1431431 1
2682 378660 1
763876 928294 1
223362 404303 1
648009 1482719 1
648009 1196881 1
731628 1267375 1
731628 946663 1
426240 1528289 1
214440 933717 1
431721 514790 1
431721 1461898 2
431721 843997 1
342181 1372790 1
342181 1443216 1
342181 622746 1
274586 658637 1
274586 276565 1
274586 969909 1
527065 1068045 1
527065 877244 1
695202 851145 1
695202 866651 1
255653 985236 1
110293 130981 1
397055 1155180 1
397055 412623 1
986902 1187181 1
417576 1523658 1
424901 1027609 1
424901 1005073 1
424901 558478 1
424901 625175 1
424901 1157522 1
424901 1381806 1
88745 1244418 1
22539 922293 1
22539 145181 1
22539 749045 1
22539 1227082 1
22539 343457 1
22539 368299 1
196045 481751 1
196045 250930 1
196045 379487 1
196045 752413 1
370859 680703 1
370859 812723 1
225300 792211 1
331920 632674 1
331920 804266 1
331920 809772 1
225142 1403159 2
225142 704978 2
225142 1239450 2
140119 570637 1
530046 915891 1
530046 753713 1
165641 1127387 1
1026420 1250753 1
1026420 1099510 1
150184 187262 1
861687 1039264 1
338938 1011237 1
338938 532961 1
338938 484393 1
338938 921590 1
338938 854849 1
360978 364067 1
706234 1020079 1
315114 1262902 2
315114 334117 2
146278 1121881 1
146278 1406401 1
146278 155891 1
146278 701182 1
243284 497017 2
243284 849748 1
984485 1350519 1
736914 762567 1
65110 371150 1
55651 67282 1
55651 1379441 1
55651 882153 1
55651 416810 1
708252 788014 1
377833 407191 1
377833 397159 1
92989 347966 1
1289723 1319810 1
897510 1495936 1
50638 1438219 1
50638 1344761 1
220138 804266 1
220138 330644 1
220138 331920 1
220138 632674 1
220138 809772 1
194828 267354 1
120128 939016 1
120128 584615 1
120128 1472882 1
322752 407191 1
322752 397159 1
322752 371816 1
322752 377833 1
1067367 1397175 1
108473 397764 1
108473 984087 1
235187 370147 1
296427 1347392 1
252333 252656 1
252333 890312 1
252333 362254 1
466868 1537054 1
466868 852444 1
466868 535380 1
466868 543780 1
179984 826879 1
179984 1144712 1
179984 508780 1
469188 1222208 1
252336 647944 1
252336 291222 1
252336 463826 1
252336 956029 1
1392148 1418414 1
530620 1513630 1
79395 240987 1
80800 1230371 1
39524 732539 1
454931 1068120 1
230303 985236 1
230303 255653 1
257431 964368 1
149249 1537054 1
149249 465642 1
149249 543780 1
149249 306851 1
149249 261473 1
149249 160667 1
149249 466868 1
149249 852444 1
149249 535380 1
259080 46913 1
259080 963489 1
415030 1223929 1
178216 514951 1
1241606 1354162 1
476069 856955 1
476069 1300672 1
476069 736848 1
660546 790739 2
828542 953206 1
26513 644594 1
714005 728875 1
693065 1161434 1
201464 914923 1
201464 475962 1
308004 340566 1
133288 720115 1
133288 153245 1
436801 1259122 1
436801 475490 1
436801 466570 1
577327 1169544 1
124132 1218528 1
166165 376982 1
277230 338219 1
243609 1277882 1
193262 1336986 1
495945 719149 1
532961 1011237 1
532961 854849 1
532961 921590 1
339692 1399036 1
815069 1538536 1
267263 299008 1
267263 1024414 1
21045 336851 1
21045 831958 1
21045 488863 1
21045 433277 1
21045 321524 1
106749 1432249 1
106749 1109630 1
106749 737756 1
339751 1483781 1
339751 1133413 1
306851 1537054 1
306851 543780 1
306851 465642 1
306851 466868 1
306851 852444 1
306851 535380 1
276935 426893 1
516278 725968 1
558744 976637 1
558744 1390436 1
274568 335091 1
662328 1517325 1
377107 880331 1
648269 1452454 1
648269 1167822 1
648269 1017987 1
648269 1411297 1
648269 868600 2
570637 673759 1
549243 1227157 1
644388 998324 1
644388 859265 1
262233 736914 1
262233 762567 1
113038 857947 2
113038 1429493 2
350871 705749 1
236458 831904 1
656578 945169 1
656578 1017891 1
677325 790684 1
677325 905472 1
677325 1274038 1
261154 1304505 1
1202712 1446466 1
119297 857635 1
119297 144570 1
119297 187503 1
119297 616654 1
238837 555034 1
1055057 1457662 1
1055057 1100234 1
428027 1034312 1
77978 361615 1
433710 1259122 1
433710 466570 1
433710 436801 1
1233179 1368728 1
292122 973925 1
292122 757715 1
292122 1214932 1
424540 1084684 1
424540 886936 1
424540 1009520 1
424540 1293660 1
424540 716078 1
424540 1438464 1
1034108 1112086 1
873891 1219112 1
270652 511002 1
349016 1201190 1
135154 398617 1
135154 1002364 1
135154 189019 1
135154 1265362 1
135154 1138506 1
1312735 1336026 1
148093 747197 1
287373 940376 1
537662 932870 1
390404 1053981 1
390404 673550 2
390404 709908 1
136344 1477816 1
136344 392936 1
136344 141424 1
136344 1496097 1
707973 1178547 1
707973 496873 1
1027609 1157522 1
1027609 1381806 1
946663 1267375 1
724706 837616 1
470896 1011231 1
638243 1015334 1
82112 627327 1
82112 414934 1
82112 480461 1
82112 810525 1
7227 922293 1
7227 145181 1
7227 749045 1
7227 1227082 1
7227 22539 1
7227 343457 1
7227 368299 1
8854 541900 1
842095 954468 1
250930 481751 1
433819 1315922 1
283305 417324 1
1109200 1250239 1
1109200 472007 1
1109200 977251 1
446089 724918 1
446089 452691 1
446089 1526274 1
545782 1178547 1
545782 707973 1
783939 907016 1
783939 1220413 1
676600 870959 1
676600 928077 1
676600 1497832 1
153245 720115 1
1085604 1241606 1
1085604 1354162 1
639571 831856 1
658616 1248020 1
658616 902638 1
658616 1506175 1
763128 1339007 1
1412835 1524998 1
141790 602451 1
141790 488839 3
141790 1317196 1
141790 381647 1
1483998 223041 1
241317 364084 1
241317 1228933 1
241317 1257881 1
349305 1054102 1
349305 1333141 1
183407 479105 1
657153 1050833 1
657153 1271153 1
1089797 1269213 1
70508 1084684 1
70508 716078 1
70508 489576 1
70508 510745 1
70508 980124 1
70508 1457662 1
70508 628259 1
70508 231618 1
70508 440332 1
70508 1094037 1
70508 653287 1
70508 1100234 1
70508 113778 1
70508 312799 1
70508 1438464 1
70508 76516 1
70508 750499 1
70508 1055057 1
70508 886936 1
70508 1009520 1
70508 1293660 1
70508 270750 1
70508 626013 1
70508 424540 1
70508 1531266 1
143297 421818 1
731589 745832 1
212494 494481 1
267796 280735 1
267796 516547 1
267796 387779 1
267796 699258 1
274827 896862 1
969113 1361249 1
636899 1356251 1
203457 1421267 1
203457 939952 1
431768 964250 1
869289 933525 1
911904 1205052 1
406423 446163 1
694766 768439 1
167948 838536 1
517470 953206 1
517470 828542 1
517470 536391 1
517470 627349 1
299008 1024414 1
41170 1131379 1
301263 1367119 1
301263 1158308 1
499332 1292116 1
439788 789767 1
29204 1124218 1
69255 844834 1
1144918 1258734 1
81433 1121881 1
81433 1406401 1
81433 146278 1
81433 155891 1
81433 701182 1
455737 486034 1
455737 731589 1
455737 745832 1
43490 1359444 1
43490 602490 1
43490 155416 1
43490 547130 1
43490 1046895 1
43490 110369 1
385677 1247321 1
190812 754931 1
796036 1049369 1
796036 1029832 1
844075 1281750 1
722452 798376 1
486034 731589 1
486034 745832 1
78325 252965 1
716078 1084684 1
716078 1293660 1
716078 1438464 1
716078 1009520 1
716078 886936 1
381647 488839 1
381647 1317196 1
412623 583884 1
412623 1155180 1
412623 844075 1
412623 519573 1
412623 963489 1
412623 862439 2
1205086 1364768 1
583782 1482113 1
815161 974092 1
395061 1180438 1
395061 400998 1
819699 1110360 1
770344 892189 1
743375 1308663 1
203582 1203993 1
176732 1173807 1
176732 1468456 1
162780 511033 1
162780 651673 1
331150 932870 2
331150 537662 1
540096 1063081 2
479105 1002994 1
189019 398617 1
189019 1002364 1
189019 1265362 1
189019 1138506 1
500457 1461200 1
500457 981139 1
698402 771035 1
59886 1461200 1
59886 500457 1
59886 981139 1
411589 1129104 1
436837 1136094 1
571696 1161434 1
571696 693065 1
489576 1457662 1
489576 1055057 1
489576 628259 1
489576 510745 1
489576 1100234 1
659806 1023440 1
321138 875533 1
321138 921590 1
321138 796169 1
701182 1121881 1
701182 1406401 1
460619 1039665 1
12713 1084684 1
12713 1438464 1
12713 1009520 1
12713 886936 1
12713 1293660 1
12713 716078 1
12713 270750 1
12713 70508 1
12713 424540 1
12713 548937 1
804266 809772 1
631586 949861 1
714046 1103387 1
257247 274122 1
605809 1320344 1
898590 1221349 1
554147 630230 1
554147 706234 1
554147 1020079 1
50149 265606 1
50149 295658 1
50149 94260 1
50149 1458715 1
50149 683815 1
783169 1179875 1
849268 1319810 1
598334 1516694 1
598334 412782 2
950129 1403631 1
9387 1155180 1
9387 107881 1
9387 412623 1
9387 397055 1
9387 169369 1
9387 80540 2
921590 1011237 1
361523 648009 1
361523 1482719 1
361523 1196881 1
282887 938702 2
186157 361479 1
186157 318232 1
186157 1247535 1
186157 324123 1
559659 1026582 1
99775 1306600 1
786215 895660 1
786215 848468 1
786215 1308130 1
769839 944525 1
769839 1276022 1
798 214676 1
798 89275 1
945222 1064292 1
1135800 1304812 1
419706 694766 1
419706 768439 1
736848 856955 1
736848 1300672 1
1071823 1335166 1
378660 961661 1
378660 1431431 1
120041 348831 1
120041 892189 1
120041 770344 1
82335 370147 1
82335 235187 1
593857 1023971 1
1210507 1309639 1
1210507 1386574 1
82803 1110360 1
82803 819699 1
358585 1354510 1
892367 1022382 1
923151 980927 1
839321 1005213 1
32203 803863 1
219954 1080635 1
411535 1008827 1
397764 984087 1
710724 1346097 1
710724 1446645 1
69147 200348 1
541900 1050833 1
541900 657153 1
541900 1271153 1
910932 1343599 1
621276 675749 1
621276 1432288 1
551554 945169 1
551554 1017891 1
551554 656578 1
19962 940170 1
1158308 1367119 1
815503 1187181 1
336575 660894 2
147092 1294943 1
750397 1330638 1
447372 783939 1
447372 907016 1
447372 1220413 1
991913 1296841 1
991913 1241073 1
991913 1423097 1
870903 921153 1
394240 419682 1
167753 471619 1
298560 599333 1
298560 752481 1
238113 307025 1
166583 1294815 1
604040 1385038 1
69982 980726 1
69982 106698 1
571805 1304271 1
174270 269497 1
174270 839321 1
174270 1005213 1
1071088 1285994 1
1071088 1415152 1
907016 1220413 1
129686 932870 1
129686 331150 1
129686 537662 1
184393 447492 1
184393 1008153 1
88521 1142122 1
88521 749278 1
1031073 1455169 1
1177849 1345740 1
34467 830724 1
34467 767294 1
34467 52058 1
898971 1102698 1
506718 1023440 1
506718 659806 1
877921 1470071 1
747970 862439 1
413645 1263394 1
331157 382276 1
75742 770131 1
75742 1320344 1
75742 978379 1
16436 962325 1
1029945 1503130 1
791189 838984 1
274988 339895 1
274988 314961 1
326611 998526 1
50813 1103010 1
391037 844438 1
535434 826353 1
103505 413645 1
103505 1263394 1
440332 489576 1
440332 510745 1
440332 1055057 1
440332 1100234 1
440332 1457662 1
440332 628259 1
321524 336851 1
321524 831958 1
321524 488863 1
321524 433277 1
1142389 1514238 1
628080 1040129 1
826879 1144712 1
103025 1414385 1
103025 432645 1
272135 721180 1
453568 540697 1
453568 601260 1
651673 834297 2
651673 860612 1
238234 601260 1
520558 1101296 1
520558 681432 1
520558 848409 1
235423 1385188 1
440877 1039726 1
99828 202062 1
99828 797989 1
99828 556247 1
99828 969113 2
99828 365791 1
99828 895559 1
905472 1274038 1
313032 516819 1
179859 1186245 1
179859 243487 1
179859 957348 1
301949 1467233 1
301949 433983 1
937453 1317679 1
1248020 1506175 1
704978 1403159 2
704978 1239450 2
393789 774894 1
239460 1112987 1
20941 1506175 1
20941 156534 1
20941 902638 1
20941 1248020 1
20941 658616 1
63288 846298 1
63288 231199 1
1413295 1470226 1
44785 1525115 1
255393 945643 1
1004229 1245566 1
368754 1053981 1
368754 673550 1
368754 390404 1
368754 377155 1
88987 770303 1
88987 248980 1
158662 194828 1
158662 267354 1
635892 1034353 1
516448 587547 1
1033704 1408594 1
1141862 1381857 1
433983 1467233 1
760315 1085570 1
237601 1520531 1
394892 464744 1
1029832 1049369 1
1125232 1295921 1
172073 1035820 1
172073 335557 1
172073 325723 1
172073 558420 1
694000 730963 1
618547 794324 1
433196 534865 1
433196 1208611 1
433196 622807 1
558420 1035820 1
116081 187266 1
895660 1308130 1
593601 1197560 1
327234 1340598 1
327234 1202702 1
1050136 240987 1
1050136 261116 1
663720 1480314 1
717453 1298877 1
717453 1014840 1
122557 314290 1
880624 960674 1
1307556 1378938 1
514790 1461898 1
640918 1003094 1
640918 1354660 1
414934 627327 1
414934 480461 1
414934 810525 1
424072 575319 1
1449937 1457522 1
725518 743445 1
633003 656519 1
776845 1525550 1
77141 152849 1
334413 442577 1
334413 648977 1
524737 1217994 1
248546 699258 1
248546 280735 1
248546 516547 1
248546 267796 1
248546 387779 1
245199 1093941 1
848409 1101296 1
212798 354650 1
212798 486034 1
212798 731589 1
212798 423083 1
212798 745832 1
212798 455737 1
284803 500988 1
284803 811178 1
284803 900436 1
468154 844438 1
384486 1529675 1
542511 1417855 1
405756 973744 1
405756 628542 1
1241073 1296841 1
1241073 1423097 1
786139 924082 1
786139 1168636 1
30316 346120 1
30316 622991 1
30316 1445533 1
30316 562635 1
187503 857635 1
187503 616654 1
634701 733868 1
508780 1402330 1
508780 1144712 2
508780 637037 1
508780 826879 1
1133413 1483781 1
16020 1447803 1
16020 1170395 1
177207 348623 1
133722 991593 1
264340 954461 1
474977 1493436 1
476510 1253853 1
476510 1056054 1
476510 775607 1
811178 900436 1
593524 1535547 1
593524 1086156 1
71749 289843 1
381884 1238775 1
334117 1262902 2
527340 810851 1
876601 1181505 1
364084 1257881 1
364084 1228933 1
243315 500816 1
888567 1137748 1
253907 1061022 1
39032 1112734 1
518436 945169 1
518436 1017891 1
518436 551554 1
518436 656578 1
1314867 1346954 1
160667 1537054 1
160667 465642 1
160667 543780 1
160667 306851 1
160667 261473 1
160667 466868 1
160667 852444 1
160667 535380 1
584615 939016 1
584615 1472882 1
758216 959043 1
769484 832372 1
207078 694766 1
207078 419706 1
207078 768439 1
611304 712312 1
611304 1314867 1
611304 1346954 1
611304 989344 1
165576 961807 1
736953 1317679 1
736953 937453 1
744231 975335 1
404821 1429493 1
323996 1246565 1
19943 1220413 1
19943 152397 1
19943 403742 1
19943 447372 1
19943 907016 1
19943 783939 1
68228 676997 1
973925 1214932 1
156457 335132 1
156457 364407 1
156457 978520 1
968974 1394543 1
968974 1304517 1
364794 1188259 1
757715 973925 1
757715 1214932 1
268283 295640 1
489100 1392533 1
346385 1161434 1
346385 571696 1
346385 693065 1
400998 1180438 1
279239 658637 1
279239 633288 1
279239 747645 1
601297 957004 1
29700 350067 1
523329 684648 1
523329 636482 1
292145 775697 1
292145 511203 1
428732 756640 2
12484 1340598 1
12484 1202702 1
12484 1027609 1
12484 1005073 1
12484 268617 1
12484 558478 1
12484 625175 1
12484 1157522 1
12484 327234 1
12484 424901 1
12484 1381806 1
340834 1364768 1
340834 1205086 1
340834 1129086 1
832284 1296781 1
882257 1327179 1
67377 1203993 1
67377 203582 1
67377 169968 1
67377 311730 1
1032683 1273628 1
21080 443092 1
21080 1446807 1
1252852 1450096 1
59004 1022466 1
593325 602540 1
156534 1248020 1
156534 902638 1
156534 1506175 1
156534 658616 1
341166 1182619 1
315595 743445 1
315595 725518 1
1055631 1312449 1
658637 969909 1
658637 747645 1
220844 967652 1
922293 1227082 1
673550 1053981 1
167628 1294815 2
657665 1255051 1
270750 1084684 1
270750 1009520 1
270750 886936 1
270750 1293660 1
270750 716078 1
270750 1438464 1
270750 424540 1
398617 1002364 1
398617 1265362 1
398617 1138506 1
194713 1380086 1
194713 323300 1
194713 1278237 1
73816 119307 1
436550 1113294 1
436550 487388 1
252656 890312 1
252656 362254 1
930492 1378121 1
616654 857635 1
31208 161223 1
78796 502155 1
78796 684727 1
78796 220553 1
600415 707973 1
359425 636899 1
359425 1356251 1
1304517 1394543 1
93309 214810 1
111705 792211 1
111705 225300 1
1299927 1538796 1
225324 1131968 1
225324 237209 1
225324 824158 1
1099510 1250753 1
148086 148093 1
148086 747197 1
1121881 1406401 1
432645 1414385 1
1052701 1281750 2
383507 1052906 1
383507 1072070 1
770034 1173396 1
631219 1276244 1
1411297 1452454 1
336221 1150309 1
37506 594607 1
430278 992010 1
1032343 1290146 1
238463 1517325 1
238463 662328 1
552030 931031 1
124477 405756 1
124477 973744 1
124477 628542 1
1039904 1525262 1
1477816 1496097 1
61907 136299 1
61907 709951 1
61907 848468 1
61907 1308130 1
61907 786215 1
61907 895660 1
952849 1089928 1
952849 1427804 1
952849 1054786 1
145857 150061 1
796169 875533 1
796169 921590 1
443092 1446807 1
759712 1323239 1
585564 832084 1
585564 948621 1
585564 1071088 1
166520 416772 1
4402 721180 1
4402 272135 1
535380 1537054 1
535380 852444 1
535380 543780 1
630712 1436627 1
436674 1449937 1
436674 1457522 1
496875 1171293 2
178769 1517325 1
178769 238463 1
178769 662328 1
139712 683703 1
1054102 1333141 1
136922 1239450 1
927 720865 1
449409 1224251 1
275781 1144712 1
217757 501331 1
217757 927333 1
397159 407191 1
368299 749045 1
368299 922293 1
368299 1227082 1
14169278 120569 1
14169278 1150866 1
1138506 1265362 1
199528 257326 1
199528 1364768 1
199528 1129086 1
199528 340834 1
199528 1205086 1
276565 658637 1
276565 969909 1
452691 724918 1
452691 1526274 1
82143 944525 1
82143 1276022 1
82143 769839 1
82143 536644 1
82143 526055 1
152397 403742 1
152397 447372 1
152397 783939 1
152397 1220413 1
152397 907016 1
330644 804266 1
330644 632674 1
330644 331920 1
330644 809772 1
442577 120569 1
442577 1150866 1
442577 14169278 1
442577 648977 1
309230 662469 1
309230 1413247 1
1199936 1222581 1
106698 980726 1
231199 846298 1
81832 299008 1
81832 1024414 1
81832 267263 1
1050833 1271153 1
751996 1221352 1
683649 766753 1
449797 1218777 1
225925 462273 1
231618 440332 1
231618 489576 1
231618 510745 1
231618 1055057 1
231618 1100234 1
231618 1457662 1
231618 312799 1
231618 628259 1
3476 872929 1
3476 686030 1
324123 361479 1
324123 1247535 1
943172 1234708 1
247206 349535 1
247206 1087318 1
854849 1011237 1
854849 921590 1
545723 1004691 1
220148 1309639 1
220148 796169 1
220148 875533 1
220148 321138 1
220148 921590 1
220148 1019374 1
220148 1386574 1
220148 1210507 1
254057 1262563 1
254057 923151 1
254057 980927 1
266601 743445 2
266601 725518 1
266601 315595 1
563083 940170 1
9786 387302 1
9786 1212681 1
9786 819820 1
144570 857635 1
144570 187503 1
144570 616654 1
635750 1195567 1
480045 1061022 1
335132 978520 1
335132 364407 1
18406 71899 2
18406 73314 2
192409 733868 1
192409 634701 1
192409 1195939 1
593113 598069 1
744343 1434048 1
744343 1393063 1
1052906 1072070 1
261116 240987 1
851145 866651 1
363650 447411 1
363650 570637 1
363650 673759 1
338723 736953 1
338723 1317679 1
338723 937453 1
861616 1054240 1
861616 1202738 1
861616 1294462 1
396772 432785 1
337032 976637 1
337032 558744 1
337032 1390436 1
15889 223041 1
157680 200729 1
53534 1238762 1
775607 1253853 1
775607 1056054 1
38694 562616 1
38694 1299852 1
366674 866179 1
1056054 1253853 1
418418 521226 1
1196881 1482719 1
399690 574238 1
570202 1106066 1
295658 419535 1
295658 762635 1
295658 449378 1
295658 1458715 1
295658 683815 1
354650 486034 1
354650 731589 1
354650 745832 1
354650 455737 1
354650 423083 1
511033 834297 2
511033 651673 3
511033 860612 1
886936 1084684 1
886936 1293660 1
886936 1438464 1
886936 1009520 1
106602 1161434 1
106602 571696 1
106602 346385 1
106602 693065 1
547130 1359444 1
547130 1046895 1
547130 602490 1
219174 345437 1
1057096 1277686 1
297533 676875 1
297533 991424 1
37124 596430 1
626013 1094037 1
626013 653287 1
626013 866482 1
626013 750499 1
626013 980124 1
626013 1531266 1
5919 583771 1
221640 540096 1
221640 1063081 1
582576 670727 1
145181 749045 1
145181 922293 1
145181 368299 1
145181 343457 1
145181 1227082 1
450146 1227280 1
450146 1041539 1
895559 969113 1
516322 1225671 1
432607 1289312 1
385797 1525262 1
385797 1039904 1
377155 1053981 1
377155 673550 2
377155 390404 2
336851 831958 1
336851 488863 1
336851 433277 1
130273 1186245 1
130273 243487 1
130273 957348 1
130273 179859 1
1046895 1359444 1
737756 1432249 1
857947 1429493 2
171494 500988 1
171494 811178 1
171494 900436 1
171494 284803 1
83378 1032068 1
83378 973606 1
868600 1452454 1
868600 1167822 1
868600 1017987 1
868600 1411297 1
272039 1479443 1
870959 928077 1
870959 1497832 1
1204599 1290869 1
724888 829093 1
980124 1094037 1
980124 1531266 1
133534 626013 1
824158 1131968 1
280735 516547 1
280735 387779 1
280735 699258 1
852444 1537054 1
501331 927333 1
591415 614905 1
726391 824964 1
71899 73314 2
637037 1402330 1
637037 1144712 1
669664 996372 1
88121 964250 1
88121 431768 1
349535 1087318 1
335557 1035820 1
335557 558420 1
169968 311730 1
191873 963955 1
119431 786325 1
364269 663720 1
364269 1480314 1
282822 1023971 1
282822 335913 1
282822 843997 1
282822 593857 1
540697 601260 1
480461 627327 1
480461 810525 1
288391 1221352 1
288391 751996 1
288391 302903 1
13001 1354510 1
13001 358585 1
1167822 1411297 1
1167822 1452454 1
433352 1450143 1
156043 863168 1
200991 282887 1
200991 938702 1
647944 956029 1
602490 694000 1
602490 1046895 1
602490 730963 1
602490 1359444 1
57412 87441 1
20899 964250 1
20899 431768 1
20899 88121 1
418744 1178547 1
418744 707973 1
418744 545782 1
52058 830724 1
52058 767294 1
10316 61907 1
10316 136299 1
10316 709951 1
10316 848468 1
10316 1308130 1
10316 786215 1
10316 895660 1
169369 744230 1
169369 372163 1
169369 1040129 1
169369 628080 1
1180447 1366204 1
95243 974063 1
95243 297049 1
95243 506031 1
753713 915891 1
536644 944525 1
536644 1276022 1
536644 769839 1
556426 858491 1
517655 807803 1
662737 719149 2
662737 1164482 1
335913 1023971 1
335913 593857 1
4687 807946 1
848468 895660 1
848468 1308130 1
1009520 1084684 1
1009520 1293660 1
1009520 1438464 1
823558 1424689 1
1387345 1412049 1
397438 645523 1
397438 1295759 1
397438 435368 1
397438 682155 1
219179 1023971 1
219179 282822 1
219179 593857 1
219179 335913 1
519573 862439 1
8660 231646 1
1293660 1438464 1
902638 1062201 1
902638 1248020 1
902638 1506175 1
198763 359425 1
198763 636899 1
198763 1356251 1
249802 632249 1
249802 977162 1
126100 555700 1
126100 675749 1
126100 621276 1
126100 1432288 1
508665 1496056 1
508665 1139261 1
508665 906794 1
362254 890312 1
1082993 1144494 1
191986 1124218 1
339374 1394365 1
175018 1504491 1
18030 570501 1
18030 969113 1
302903 1221352 1
302903 751996 1
139912 935628 1
423083 486034 1
423083 731589 1
423083 745832 1
423083 455737 1
243487 1186245 1
243487 957348 1
948765 1004235 1
1089928 1427804 1
155891 990325 1
155891 1121881 1
155891 1406401 1
155891 701182 1
434064 647844 1
260701 14088698 1
373869 844213 1
1144712 1402330 1
343457 749045 1
343457 922293 1
343457 368299 1
343457 1227082 1
501232 573724 1
501232 1167822 1
501232 1017987 1
501232 1411297 1
501232 868600 1
501232 648269 1
501232 1452454 1
8404 432607 1
8404 1289312 1
249250 957004 1
555700 675749 1
555700 621276 1
555700 1432288 1
76527 1005873 1
557639 1513946 1
207993 983526 1
269212 790684 1
269212 905472 1
269212 677325 1
269212 1274038 1
466570 1259122 1
667762 1335736 1
676728 1440919 1
627349 953206 1
627349 828542 1
682155 1295759 1
367230 986902 1
367230 1187181 1
367230 446809 1
321586 488393 1
171787 1540831 1
143845 1361883 1
834297 860612 1
210236 601260 1
32899 94103 1
32899 470528 1
206438 871710 1
145600 341430 1
176908 888567 1
176908 1137748 1
86501 234323 1
86501 593524 1
86501 1535547 1
86501 1086156 1
86501 119923 1
622746 1372790 1
622746 1443216 1
978376 1052775 1
500988 811178 1
500988 900436 1
978379 1320344 1
266472 964724 1
266472 1482695 1
573724 1452454 1
573724 1017987 1
573724 1411297 1
573724 868600 1
573724 648269 1
573724 1167822 1
1003074 1503239 1
268617 1463670 1
268617 1027609 1
268617 1005073 1
268617 558478 1
268617 277484 1
268617 625175 1
268617 1501065 1
268617 1157522 1
268617 424901 1
268617 1381806 1
1139261 1496056 1
89365 888976 2
63389 779222 1
944525 1276022 1
372163 744230 1
82286 254563 1
82286 706234 1
82286 212824 1
82286 630230 1
82286 1020079 1
82286 554147 1
467471 819820 1
625175 1157522 1
625175 1027609 1
625175 1381806 1
625175 1005073 1
483321 1285464 1
1285994 1415152 1
683803 905000 1
683803 1177849 1
683803 1345740 1
284186 660893 1
344378 665423 1
344378 761517 1
949123 1508748 1
654661 743445 1
586933 1138737 1
683815 1458715 1
39889 695202 1
39889 851145 1
39889 866651 1
122797 830363 1
279102 694000 1
279102 730963 1
279102 602490 1
911178 1312336 1
745601 753239 1
586858 614006 1
463826 647944 1
463826 956029 1
397118 469661 1
87486 1303206 1
103519 295844 1
361479 1247535 1
342858 858101 1
475962 914923 1
470359 1304812 1
1017119 1514315 1
55852 1367119 1
55852 301263 1
55852 1158308 1
60206 443164 1
387779 516547 1
387779 699258 1
365601 834297 2
365601 511033 2
365601 651673 2
365601 860612 1
420587 807971 1
714597 1247321 1
1041539 1227280 1
187833 235711 2
187833 1523070 2
365606 530046 1
365606 915891 1
365606 753713 1
409473 645404 1
664361 785429 1
311514 1062858 1
560918 1538536 1
560918 815069 1
7018 46452 1
73314 480045 1
73314 253907 1
73314 1061022 3
90841 1004691 1
90841 175477 3
371816 407191 1
371816 397159 1
371816 377833 1
667495 1229401 1
27365 1137017 1
5277 1238775 1
5277 381884 1
125265 365632 1
67282 1379441 1
67282 882153 1
67282 416810 1
230433 838984 1
230433 791189 2
230433 915724 1
641441 1510178 1
308560 549053 1
268119 535434 1
666940 789211 1
536391 953206 1
536391 627349 1
536391 828542 1
366902 664361 1
366902 785429 1
366902 1024576 1
366902 1054091 1
336092 604040 1
336092 1385038 1
945169 1017891 1
312799 440332 1
312799 489576 1
312799 510745 1
312799 1055057 1
312799 1100234 1
312799 1457662 1
312799 628259 1
853466 1473632 1
34885 461978 1
875533 921590 1
505376 1501412 1
714397 1063662 1
63128 1503239 1
810525 820578 1
810525 1354162 1
810525 1241606 1
810525 1085604 1
632249 977162 1
338289 1052775 1
76516 231618 1
76516 440332 1
76516 489576 1
76516 510745 1
76516 113778 1
76516 1055057 1
76516 1100234 1
76516 1457662 1
76516 312799 1
76516 628259 1
1005073 1157522 1
1005073 1027609 1
1005073 1381806 1
1349890 1383305 1
119339 849268 1
119339 1319810 1
21078 1228577 1
21078 447333 1
154998 396772 1
154998 382809 1
154998 432785 1
377514 778229 1
998721 1376357 1
429500 1056054 1
429500 1253853 1
429500 476510 1
429500 775607 1
747197 1285858 1
687056 1089863 1
1094327 1235567 1
108564 637965 1
414163 639476 1
1003094 1354660 1
470814 1248073 1
488272 1373632 1
555301 892009 1
197003 960766 1
829093 1022250 1
1163644 1412805 1
103523 1078502 1
1192570 39032 1
709951 895660 1
709951 848468 1
709951 786215 1
709951 1308130 1
1017987 1452454 1
1017987 1167822 1
1017987 1411297 1
271777 1528289 1
271777 426240 1
1157664 1454404 1
1157664 1334915 1
332492 1424689 1
332492 823558 1
1024576 1314265 1
1241674 1450791 1
217999 882257 1
217999 1327179 1
427939 998721 1
427939 1376357 1
292532 414608 1
220553 502155 1
220553 684727 1
496493 1236374 1
496493 530957 1
280288 1095825 1
662469 1413247 1
821304 1150035 1
502155 684727 1
806654 831705 1
303659 1468084 1
5014 104657 1
5014 95667 1
5014 1371925 1
5014 218068 1
491846 1323804 1
491846 1356749 1
1309639 1386574 1
1142161 1454404 1
1142161 1334915 1
1142161 1157664 1
681432 1101296 1
681432 848409 1
152707 790684 1
152707 905472 1
152707 269212 1
152707 677325 1
152707 1274038 1
196245 476337 1
506031 974063 1
857635 1123061 1
570501 1361249 1
570501 969113 2
724918 1526274 1
73979 519687 1
94260 265606 1
94260 295658 1
94260 1458715 1
94260 683815 1
905000 1177849 1
905000 1345740 1
762923 920392 1
511203 775697 1
1228933 1257881 1
108166 910932 1
108166 1343599 1
312504 870726 1
312504 906589 1
447492 1008153 1
16786 1164203 1
953699 1126622 1
129891 1023971 1
129891 282822 1
129891 593857 1
129891 335913 1
129891 219179 1
526055 944525 1
526055 769839 1
526055 536644 1
526055 1276022 1
948621 1071088 1
1143479 1478072 1
403742 783939 1
403742 447372 1
403742 907016 1
403742 1220413 1
171504 805233 1
558478 1157522 1
558478 1027609 1
558478 625175 1
558478 1381806 1
558478 1005073 1
17091 247275 1
720224 1024959 1
124342 1249411 1
124342 569032 1
1002364 1138506 1
1002364 1265362 1
976637 1390436 1
770131 978379 1
770131 1320344 1
1084684 1293660 1
1084684 1438464 1
391499 419682 1
391499 394240 1
141424 1477816 1
141424 392936 1
141424 1496097 1
1086096 1262949 1
210560 1055843 1
179088 252656 1
179088 890312 1
179088 252333 1
179088 362254 1
254563 630230 1
254563 554147 1
254563 1020079 1
254563 706234 1
335495 1235567 1
335495 1094327 1
216083 338723 1
216083 736953 1
216083 1317679 1
216083 937453 1
418174 1409200 2
248530 336575 1
248530 660894 1
481757 727256 1
34263 778229 1
34263 377514 1
1274050 1368636 1
29229 145600 1
29229 341430 1
794324 1463304 2
509503 836305 1
447333 1228577 1
506993 753239 1
235711 1523070 2
317281 1503239 1
317281 1003074 1
124285 718069 1
712312 1314867 1
712312 1346954 1
712312 989344 1
890941 1007171 1
261473 1537054 1
261473 465642 1
261473 543780 1
261473 306851 1
261473 466868 1
261473 852444 1
261473 535380 1
613751 786232 1
231182 496493 1
231182 388500 1
231182 1236374 1
231182 530957 1
237256 583096 1
176301 350568 1
625734 1142389 1
625734 1514238 1
297049 974063 1
297049 506031 1
620203 1436627 1
620203 630712 1
265606 295658 1
265606 1458715 1
265606 683815 1
188889 361174 1
251369 1112987 1
439122 572022 1
446809 986902 1
446809 1187181 1
334554 482870 1
175477 235711 2
175477 187833 2
175477 1523070 3
175477 1004691 6
175477 1393215 1
630230 706234 1
630230 1020079 1
50052 875921 1
50052 703910 1
54433 130911 1
379487 752413 1
199445 635892 1
199445 1034353 1
349175 929862 1
48279 129891 1
48279 219179 1
48279 1023971 1
48279 282822 1
48279 593857 1
48279 335913 1
645523 1295759 1
645523 682155 1
531000 832284 1
531000 1296781 1
856955 1300672 1
480579 629775 1
677251 681075 1
469430 1026085 1
1344761 1438219 1
562616 1299852 1
749045 1227082 1
749045 922293 1
323869 328404 1
522130 1190638 1
725264 769749 1
632674 804266 1
632674 809772 1
129266 254909 1
110369 547130 1
110369 1359444 1
110369 1046895 1
110369 602490 1
110369 155416 1
285859 488393 1
285859 321586 1
285859 1381925 1
228484 442577 1
495109 1525420 1
606039 1415259 1
169616 433196 1
169616 534865 1
169616 1208611 1
169616 622807 1
251961 711859 1
285853 362278 2
285853 1195611 1
53528 1136364 1
767294 830724 1
95667 104657 1
95667 1371925 1
95667 218068 1
263229 795666 1
263229 921153 1
263229 870903 1
246259 639476 1
246259 414163 1
210318 844438 1
210318 391037 1
877244 1068045 1
121653 880331 5
121653 377107 1
303531 1506516 1
325723 335557 1
325723 1035820 1
325723 558420 1
593879 1242185 1
636482 684648 1
680703 812723 1
119923 234323 1
119923 593524 1
119923 1535547 1
119923 1086156 1
113778 231618 1
113778 440332 1
113778 489576 1
113778 510745 1
113778 1055057 1
113778 1100234 1
113778 1457662 1
113778 312799 1
113778 628259 1
564195 1436406 1
564195 1066088 1
564195 1514638 1
989344 1314867 1
989344 1346954 1
1019374 1309639 1
1019374 1386574 1
1019374 1210507 1
37080 1041539 1
37080 245827 1
37080 450146 1
37080 1227280 1
65661 1353714 2
1239450 1403159 2
807252 1143479 2
807252 1478072 1
285688 775697 1
683377 708941 1
64139 1161434 1
64139 571696 1
64139 346385 1
64139 693065 1
64139 106602 1
248980 770303 1
819915 1454404 1
819915 1334915 1
819915 1142161 1
819915 1157664 1
665423 761517 1
1102255 1465777 1
690879 1311128 1
35076 353552 1
35076 619774 1
598422 857635 1
598422 1123061 1
53328 203457 1
53328 1421267 1
53328 939952 1
1250239 472007 1
359776 727869 1
621090 1082993 1
621090 1144494 1
1334915 1454404 1
687711 810525 1
687711 1241606 1
687711 1354162 1
687711 1085604 1
360361 910485 1
434274 1212681 1
123716 167753 1
123716 471619 1
862439 963489 1
645878 683244 1
1078743 1317196 1
140210 211731 1
140210 754643 1
140210 1146628 1
594671 659538 1
465642 1537054 1
465642 466868 1
465642 852444 1
465642 535380 1
465642 543780 1
271865 1538536 1
271865 560918 1
271865 815069 1
351562 424460 1
126026 1180438 1
126026 400998 1
126026 395061 1
495625 946421 1
211731 754643 1
211731 1146628 1
583431 818432 1
235446 629773 1
419535 762635 1
419535 449378 1
476597 938589 1
476597 583313 1
137795 535198 1
243871 420587 1
243871 807971 1
487388 1113294 1
488839 602451 1
488839 1317196 1
67355 449695 1
281740 524827 1
870726 906589 1
640708 667495 1
640708 1229401 1
1205 1492342 1
686438 1499939 1
556726 598422 1
556726 857635 1
556726 1123061 1
57010 252967 1
254909 369056 1
565657 1406186 1
214110 522130 1
214110 1190638 1
138675 178216 1
138675 514951 1
138675 181690 1
719149 1164482 1
337364 1187181 1
337364 815503 1
961661 1431431 1
1372790 1443216 1
269437 921126 1
510745 1457662 1
510745 1055057 1
510745 1100234 1
510745 628259 1
40436 1537054 1
40436 465642 1
40436 543780 1
40436 306851 1
40436 261473 1
40436 160667 1
40436 852444 1
40436 466868 1
40436 149249 1
40436 535380 1
305734 1056858 1
166076 1296781 1
166076 531000 1
166076 832284 1
1202702 1340598 1
543780 1537054 1
543780 852444 1
1321168 1490477 1
16339 743445 1
16339 266601 1
16339 725518 1
16339 315595 1
714706 1262949 1
714706 1086096 1
628542 1307791 1
628542 973744 1
7451 129686 1
7451 932870 1
7451 331150 1
7451 537662 1
40063 142436 1
40063 593833 1
819387 1055410 1
819387 951662 1
643469 744187 1
291222 647944 1
291222 463826 1
291222 956029 1
495809 699939 1
601660 650191 1
854619 1145586 1
1066088 1436406 1
1066088 1514638 1
530957 1236374 1
212559 412685 1
939016 1472882 1
363598 1026299 1
136299 895660 1
136299 709951 1
136299 848468 1
136299 786215 1
136299 1308130 1
882153 1379441 1
38371 1220886 1
1014840 1298877 1
1452457 1538014 1
758489 1439081 1
750499 1094037 1
750499 980124 1
750499 1531266 1
223946 1370040 1
250928 827558 1
488081 725264 1
488081 769749 1
939952 1421267 1
126689 443677 1
67914 132923 1
72733 214810 1
72733 93309 1
46913 963489 1
250927 727256 1
250927 481757 1
720763 1162196 1
651810 682894 1
825346 961122 1
416810 1379441 1
416810 882153 1
1117010 1204599 1
1117010 1290869 1
676875 991424 1
94103 470528 1
975258 1146103 1
1404326 1520521 1
1056502 1362804 1
456579 820487 1
470 377604 1
219530 281330 1
9512 311514 2
768603 1202475 1
120174 751996 1
120174 1221352 1
120174 288391 1
120174 302903 1
80540 169369 1
80540 1155180 2
80540 107881 1
80540 412623 1
80540 397055 1
675749 1432288 1
