241210 277920 1
241210 1292895 1
241210 315869 1
150398 1190212 1
101765 945893 1
844075 1071115 1
424458 558732 1
424458 1062858 1
110488 342181 1
206011 995522 1
206011 377051 1
460468 1402330 1
460468 1144712 1
626553 822361 1
74831 731588 1
74831 75240 1
74831 916768 2
240108 589660 1
1179022 1413295 1
341408 685309 1
402290 908599 1
337210 888104 1
337210 983480 1
337210 861096 1
177311 207078 1
64875 1163035 1
64875 418693 1
1004716 1109427 1
1109423 1448593 1
1109423 1204966 1
861177 1426213 1
104666 1339007 1
40604 1455558 1
40604 1069689 1
40604 1064275 1
40604 977661 1
40604 793804 1
1086156 1418535 1
357647 546661 1
182451 1026420 1
182451 335065 1
888567 1137748 1
318232 1223786 1
411846 1142122 1
411846 1379672 1
411846 749278 1
220233 851145 1
413855 1151087 1
413855 1000123 1
754643 1146628 1
489417 502701 1
537635 664181 1
105625 504628 1
105625 1221002 1
102 499466 1
250305 330435 1
250305 1251416 1
250305 451704 1
749278 1142122 1
749278 1379672 1
36441 1294815 1
200099 1473498 1
46649 1199554 1
46649 157461 1
46649 631229 1
46649 1301229 1
669301 745979 1
6375 384486 1
6375 433983 1
138196 819799 1
40980 708047 1
40980 775041 1
40980 1094144 1
101833 1078404 2
101833 1031210 1
101833 669956 2
101833 444022 1
99510 197773 1
99510 1076255 1
1128630 1152296 1
251397 844438 1
211220 319775 1
211220 793857 1
63594 980134 1
899946 1170216 1
128052 211195 1
418567 1444587 1
598699 820114 1
220899 1055639 1
695202 866651 2
656708 1314028 1
656708 863234 1
656708 1075613 1
656708 1398067 1
270840 1524433 1
824856 948074 1
855175 1449398 1
146278 824378 1
364575 1399101 1
364575 561652 1
364575 1232018 1
41583 864589 1
41583 870903 1
41583 324123 2
41583 1495460 1
41583 1063448 1
162811 1361788 1
296427 46913 1
296427 963489 1
296427 499903 1
296427 301285 1
692316 730969 2
187747 648519 1
718888 1099153 1
80800 407069 1
80800 695085 1
80800 686272 1
694423 1047084 2
528952 698569 2
1072932 1086888 1
284797 825284 1
660785 879208 1
660785 858455 1
637933 1023146 1
751979 1004691 1
18631 46649 1
18631 1199554 1
18631 157461 1
18631 631229 1
18631 1301229 1
1756 1026940 1
37778 103083 1
37778 963955 1
37778 318844 1
37778 1233632 1
333756 610311 1
640475 1164198 1
640475 1113418 1
640475 1359686 1
1031909 1294929 1
822681 1131623 1
179857 1439297 1
322317 496568 1
312377 751573 1
312377 328420 1
312377 1296194 1
170144 571213 1
170144 1146759 1
170144 1462900 1
634019 754765 1
384486 433983 1
566960 674531 1
566960 1506175 1
128978 519878 1
1208841 1365952 1
164185 1244503 1
164185 701292 1
232866 631470 1
720671 1096402 1
720671 734379 1
720671 1377983 1
654661 1191283 1
654661 743445 1
654661 725518 1
273489 985544 1
625664 961349 1
590194 1429028 1
590194 1512933 1
925525 953036 1
1110623 1315922 1
431000 489417 1
431000 502701 1
431000 475360 1
845958 1337295 1
845958 1222276 1
174913 1290115 1
174913 730020 1
383584 603409 1
383584 539177 1
888777 1186228 1
307048 422852 1
307048 525307 1
412623 583884 1
412623 533158 1
412623 844075 3
412623 747970 1
412623 1150309 1
412623 862439 3
412623 1135406 1
412623 1049045 1
466863 1271153 1
466863 708916 1
466863 657153 1
466863 541900 1
331152 1288909 3
331152 770133 3
331152 383536 3
331152 775697 3
877722 1360769 1
895976 1117552 1
327168 389309 1
318055 417363 1
318055 462408 1
828509 1117552 1
828509 895976 1
6784 637933 1
6784 1023146 1
253081 1499994 1
253081 811162 1
485453 1203832 1
485453 558990 1
39005 653569 1
660893 747062 2
660893 1465885 2
120738 844075 4
120738 321586 1
120738 412623 4
266454 625630 1
580368 1188070 1
580368 1338984 1
801474 1062240 1
138729 750269 1
915674 1389990 1
980257 1101861 1
842291 1454814 1
1370343 1477107 1
201555 356381 1
201555 1432958 1
331982 1170704 1
633912 1076878 1
1253766 1285668 1
205415 771021 1
205415 346802 1
205415 314208 1
205415 557132 2
205415 1352563 1
205415 537077 1
1180347 1358452 1
1310664 1331867 1
106358 206819 1
905413 992736 2
542021 719813 1
542021 1087628 1
678278 905510 1
315390 1107742 1
1104595 1465257 1
168073 1087619 1
168073 1194383 1
172377 1120236 1
325118 1476712 1
426171 671669 1
210325 266007 1
210325 477753 1
210325 1290226 1
36011 40604 1
36011 977661 1
36011 1064275 1
36011 793804 1
36011 1069689 1
36011 1455558 1
618547 794324 1
568029 1477193 1
669956 1078404 2
669956 1031210 1
745353 1276529 1
587349 1345708 1
41170 402579 1
41170 454213 1
41170 156445 1
108727 285403 1
688886 1447752 1
38635 1276177 1
317390 435401 1
317390 1389345 1
317390 830375 1
631392 1442950 2
380065 1111150 1
142160 534110 1
142160 171494 1
142160 862226 1
142160 1303946 1
263699 1192271 1
334117 1262902 1
334117 515535 1
334117 863491 1
620446 667521 1
26154 373711 1
557150 633430 1
17830 43427 1
769484 1350519 1
584874 1180347 1
584874 1243235 1
584874 723280 1
584874 1358452 2
196793 294402 1
196793 628362 1
196793 1048359 1
196793 1442253 1
196793 228605 1
196793 789216 1
196793 1065881 1
723280 1243235 1
723280 1358452 1
1298315 1457180 1
1012048 1258358 1
268283 1339476 1
268283 567269 1
268283 295640 1
637928 1522144 1
637928 1257950 1
357837 697818 1
284760 1158569 1
284760 1084272 1
284760 724071 1
95379 1380348 1
399724 744697 1
399724 1063923 1
378318 606348 1
378318 674201 1
541422 1062865 1
541422 751317 1
541422 1097979 1
445727 656708 1
445727 1314028 1
445727 863234 1
445727 1075613 1
445727 1398067 1
417576 1523658 1
7197 881615 1
315869 1292895 1
253926 1409923 1
13848 194320 1
13848 57750 1
318844 963955 1
318844 1233632 1
759712 1162196 1
187396 522719 1
57750 194320 1
129559 1002278 1
129559 775697 1
72620 1283558 1
987687 1457891 1
789216 1048359 1
789216 1442253 1
789216 1065881 1
789211 1217420 1
200412 1397426 1
976972 1072371 1
82415 1503555 1
82415 914925 1
961341 1043129 2
442577 961794 1
76989 619350 1
76989 346802 1
697752 1026839 1
231618 440332 1
231618 510745 1
231618 1055057 1
231618 1100234 1
231618 1457662 1
231618 312799 1
231618 628259 2
334244 669301 1
334244 745979 1
493012 602451 1
493012 1208991 1
187262 1110360 1
273382 1053799 1
273382 443244 1
273382 515041 1
66883 625022 2
66883 570104 1
66883 619774 1
747062 1465885 2
266601 725518 1
266601 1191283 1
266601 743445 1
266601 654661 1
266601 315595 1
22247 801001 1
22247 710724 1
22247 1054818 2
22247 376968 1
22247 1298202 1
75526 1510178 1
25732 1077461 1
314288 722677 1
314288 703424 1
350161 366917 1
350161 1086156 1
350161 1418535 1
511033 834297 1
511033 651673 1
523079 1364299 1
249040 931905 1
249040 1115268 1
881804 1376642 1
734379 1096402 1
734379 1377983 1
308454 934433 1
150571 402290 1
150571 908599 1
96401 172361 2
96401 193340 1
377155 1368728 1
377155 744230 1
377155 499903 1
515041 1053799 1
36223 711404 1
223019 931482 1
148323 343825 1
562869 590264 1
1113418 1164198 1
1113418 1359686 1
664327 989353 1
80771 321778 1
80771 285853 1
736142 1232423 1
415146 422422 1
486267 1166188 1
75185 683803 1
75185 1177849 1
166910 860187 2
1089981 1499350 1
149125 296564 2
890274 1146862 1
531232 815962 1
531232 1101220 1
24916 1502779 1
1069999 1528506 1
737572 1448191 1
312826 412623 1
200545 517621 1
200545 766232 1
609462 1038765 1
418905 505683 1
125394 296263 1
125394 226157 1
125394 291207 1
172361 193340 1
962459 1137997 1
514930 1178462 1
1154883 1539879 1
972291 1346360 1
1441523 1457953 1
239750 313749 1
321586 844075 1
321586 412623 1
152287 814635 1
278283 587894 1
628730 1157085 1
182137 537635 1
182137 267227 1
182137 664181 1
246751 1078007 1
444022 1078404 1
444022 1031210 1
444022 669956 1
490429 769749 1
519858 584874 1
519858 1180347 1
519858 171494 1
519858 1358452 1
1975 1192271 1
1975 263699 1
142179 382251 1
142179 413343 1
490934 842044 1
864589 1495460 1
1188070 1338984 1
11963 67698 1
775697 799641 1
775697 1002278 1
775697 1288909 3
775697 1282401 1
8854 541900 2
470359 1135800 1
257416 1299335 1
914995 1004716 1
914995 1109427 1
365601 834297 1
365601 511033 1
365601 651673 1
191832 1442950 2
191832 631392 2
621963 1071894 1
303576 358919 1
731029 1256396 1
938934 1175900 1
1294815 1324226 1
720240 1380900 1
720240 1250064 1
37750 234902 1
869816 1489547 1
176537 1513380 1
1043037 1439965 1
76516 231618 1
76516 440332 1
76516 510745 1
76516 1100234 1
76516 312799 1
76516 1457662 1
76516 979475 1
76516 628259 1
665469 827558 1
628516 1313441 1
855157 1381397 1
109707 855157 1
109707 1381397 1
109707 164076 1
109707 320930 1
109707 737555 1
109707 989179 1
417363 462408 1
730316 848585 1
8703 196252 1
811162 1499994 1
811162 1109427 1
811162 1004716 1
811162 914995 1
91194 193757 1
725264 769749 1
725264 1020720 1
66244 1478464 1
66244 936290 1
66244 608568 1
165101 1295759 2
51459 228126 1
233881 435401 1
233881 1389345 1
233881 830375 1
233881 317390 1
762923 920392 1
1215280 1535216 1
29631 534110 1
29631 171494 1
29631 126422 1
29631 862226 1
29631 142160 1
29631 1303946 1
770133 1288909 3
770133 775697 3
770134 1288909 1
61787 392194 1
374762 1153772 1
1288234 1397943 1
527486 1244931 1
527486 1227678 1
527486 1206746 1
330159 1117687 1
631229 1199554 1
631229 1301229 1
590083 1057763 1
590083 748438 1
590083 1065612 1
676834 1337295 1
676834 1222276 1
676834 845958 1
223312 1289863 1
223312 557510 1
314290 762448 1
642105 723274 1
1284353 1421083 1
117573 1064657 1
758458 1468456 2
165638 1325745 1
213437 1329034 1
213437 499553 1
213437 227729 1
113778 541900 1
396840 584564 1
396840 1433458 1
65661 1076755 1
1194363 1303841 1
65442 445274 1
1032016 1284603 1
1048359 1442253 1
1048359 1065881 1
359776 727869 1
359776 865026 1
766286 1386438 1
346802 619350 1
56205 610253 1
686711 1078908 1
686711 687262 1
405477 1045170 1
19586 1071762 1
19586 277527 1
19586 637186 1
879627 1043129 1
879627 961341 1
633482 948842 1
173571 332243 1
1163738 1313511 2
477753 1290226 1
90272 287922 1
90272 1171029 1
14673 80540 1
14673 916768 1
633803 633806 1
552409 1078908 1
552409 687262 1
552409 686711 1
135953 1454699 1
108166 1454952 1
208567 369882 1
208567 1232423 1
208567 736142 1
346706 1245617 1
1114603 1381172 1
94103 1081826 1
639731 1447229 1
639731 742301 1
499903 46913 1
499903 963489 1
9512 602451 1
9512 488839 3
9512 1317196 1
9512 493012 1
9512 422056 1
90615 308378 1
90615 1113418 1
360533 558732 1
18556 1298736 1
804455 1253291 1
1173209 1320605 1
1104488 1285449 1
1104488 1176897 2
1104488 1244644 1
1104488 1509400 1
1104488 1320763 1
806991 979518 1
14989 70317 1
626106 1099663 1
203821 636871 1
203821 404481 1
203821 1241324 1
636871 1241324 1
84532 132913 1
84532 947451 1
698773 1077194 1
557132 771021 1
557132 714046 1
557132 611383 1
786800 1449597 1
786800 1141803 1
786800 1460024 1
30511 182137 1
30511 537635 1
30511 267227 1
30511 664181 1
5261 490008 1
5261 223678 1
1135543 1271020 1
963489 46913 1
699779 1038331 1
1087875 1328904 1
1149094 1407524 1
164200 225142 1
164200 704978 1
164200 814657 1
164200 426210 1
1054787 1510456 1
1054787 1395520 1
945587 1311757 1
782074 1372564 1
782074 921677 1
302353 720224 1
860870 957035 1
66311 327977 1
66311 321495 1
66311 372470 1
1176897 1285449 1
1176897 1244644 1
1176897 1509400 1
1176897 1320763 1
212172 235797 1
212172 1480610 1
339224 1417339 1
339224 1518157 1
191954 633482 1
191954 948842 1
282805 1510178 1
1204966 1448593 1
89953 979222 1
273727 708192 1
234323 1086156 1
234323 366917 1
234323 350161 1
234323 1418535 1
527968 1374000 1
355079 781342 1
843997 1315922 2
562635 823757 1
284186 820522 1
284186 660893 2
284186 747062 2
284186 1465885 2
284186 1413692 1
111577 213437 1
111577 1329034 1
111577 499553 1
111577 227729 1
566849 1152829 1
270329 1499939 1
282114 1156268 1
1033865 1178471 1
1033865 1420397 1
300733 405390 1
625213 876230 1
625213 1487911 1
625213 750270 1
625213 719285 1
862439 1135406 2
862439 1150309 1
1243235 1358452 1
145801 173927 1
266007 477753 1
266007 1290226 1
262783 753205 1
262783 1146591 1
262783 945056 1
986902 446809 1
131242 765194 1
131242 578071 1
990853 1080883 1
750270 876230 1
750270 1487911 1
861687 1139250 1
315114 1262902 1
315114 515535 1
315114 863491 1
315114 334117 1
24626 697875 1
24626 983539 1
689473 738819 1
1320763 1509400 1
397451 1221209 1
120503 1430649 1
305432 700946 1
88069 703424 1
88069 981618 1
567269 1339476 1
485267 820585 1
146876 1503180 1
486209 1508669 2
486209 1198969 2
741227 763354 1
302513 952807 1
387380 935628 1
387380 1375664 1
737555 855157 1
737555 1381397 1
423313 460821 1
1048727 1282801 1
1041054 1523611 1
70024 164936 1
70024 843441 1
515535 1262902 1
515535 863491 1
222313 758770 1
222313 913453 1
222313 663299 1
321495 327977 1
321495 372470 1
5079 212053 1
5079 56181 1
64309 1446133 1
967363 1530781 1
10697 41170 1
260239 438961 1
967565 1439103 1
1096480 1120714 1
1096480 1410538 1
1419443 1456159 1
602046 654047 1
184802 1282401 1
184802 344909 1
227729 499553 1
227729 1329034 1
1201923 1466390 1
479210 1253291 1
479210 804455 1
122856 1033530 1
172231 1114603 1
172231 1381172 1
172231 642794 1
102756 296716 1
102756 1009094 1
102756 1515575 1
133490 331191 1
583782 1282401 1
583782 775697 1
743808 1096480 1
743808 859018 1
743808 1410538 1
743808 1120714 1
33438 1052619 1
746095 1151952 1
162780 261551 1
326933 595999 1
540096 758909 1
1296781 1444024 1
426210 704978 1
426210 814657 1
115666 570723 1
416700 1001143 1
9387 80540 2
9387 110449 1
725518 1191283 1
725518 743445 1
798 799641 1
798 28831 1
798 1212241 1
798 775697 1
753205 1146591 1
753205 945056 1
892189 975943 1
892189 1443730 1
382940 387302 1
202275 609963 1
202275 389746 1
787721 888542 1
541900 1271153 1
541900 1100230 1
541900 657153 1
541900 708916 1
1222276 1337295 1
147092 243315 2
26998 389704 1
26998 1049045 1
26998 533158 1
26998 412623 1
191965 271435 1
191965 506993 1
487674 980897 1
487674 643132 1
347663 775055 1
1177849 1345740 1
886593 1389425 1
254928 989179 1
563759 782942 1
465522 782390 1
291795 720865 1
291795 601505 1
862226 1303946 1
1219355 1457180 1
1219355 1298315 1
704978 814657 1
183626 939188 1
337889 1439304 1
417052 1409645 1
417052 621262 1
417052 482851 1
368754 1368728 1
368754 744230 1
368754 499903 1
368754 377155 2
508122 680151 1
508122 1204047 2
935628 1375664 1
92194 589613 1
519459 692477 1
1004235 1310664 1
1004235 1331867 1
163946 337210 1
163946 888104 1
163946 983480 1
163946 861096 1
435183 961349 1
435183 625664 1
786139 1047084 1
740120 785918 1
740120 1438240 1
957594 1205398 1
468379 707973 1
468379 600415 1
411323 892009 1
411323 555301 1
369882 1232423 1
369882 736142 1
277527 1071762 1
277527 637186 1
544990 657630 1
21747 1253291 1
21747 479210 1
21747 804455 1
141246 505683 1
141246 418905 1
830375 1389345 1
558631 1489028 1
602545 914055 1
348093 784231 1
348093 1345962 1
832284 1296781 1
832284 1444024 1
377051 995522 1
915708 1269137 1
315595 725518 1
315595 1191283 1
315595 743445 1
315595 654661 1
820522 1413692 1
326410 1031909 1
326410 1294929 1
326410 951790 1
46452 218130 1
46452 681390 1
293038 1046452 1
396955 1392043 1
116626 207579 1
116626 500421 1
336221 1150309 1
671488 1066884 1
660116 791189 1
61907 122085 2
943255 1155180 1
943255 1476170 1
236200 488889 1
56889 753205 1
56889 1146591 1
56889 262783 1
56889 945056 1
227736 404730 1
227736 822317 1
104763 602451 2
104763 469100 1
104763 493012 1
104763 422056 1
104763 488839 1
104763 913296 1
104763 1208991 1
104763 983033 1
345100 680151 1
345100 508122 2
345100 1204047 3
345100 399766 1
105362 1219355 1
105362 805424 1
105362 1298315 1
105362 1457180 1
105362 1206500 1
578071 765194 1
805424 1457180 1
805424 1219355 1
805424 1298315 1
805424 1206500 1
1149275 1171190 1
295799 314288 1
295799 722677 1
295799 703424 1
187909 1241912 1
539177 603409 1
3474 108488 1
22990 168790 1
22990 1128136 1
853383 892593 1
808801 913729 1
903852 1418914 1
223993 557262 1
18406 619774 1
18406 93244 1
721180 855175 1
721180 1449398 1
179248 1135820 1
395576 575797 1
395576 1303857 1
363154 554955 1
859018 1096480 1
859018 1120714 1
859018 1410538 1
196618 223312 1
196618 1289863 1
196618 557510 1
27586 1195567 1
705233 1024612 1
705233 739902 1
626013 866763 1
695033 1145586 1
202088 860870 1
202088 632928 1
202088 957035 1
1467122 1468291 1
569159 812647 1
735174 980897 1
621262 1409645 1
363808 602046 1
363808 654047 1
402579 454213 1
169968 635348 1
916162 1285668 1
916162 1253766 1
169369 460468 1
1254930 1494520 1
175942 606348 1
175942 378318 1
175942 674201 1
355744 1487357 1
262875 794324 1
262875 1190653 1
208932 1262902 1
208932 515535 1
208932 315114 1
208932 863491 1
208932 334117 1
156790 1137978 1
156790 1109484 1
531787 979158 1
640152 855475 1
640152 715728 1
301978 389309 1
301978 327168 1
916768 1075119 1
916768 1110623 1
72442 124145 1
72442 197773 1
72442 639731 1
72442 1076255 1
72442 1447229 1
72442 742301 1
72442 99510 1
383536 770133 3
383536 1288909 3
383536 775697 3
165064 284622 2
154838 448238 1
154838 488441 1
154838 851145 1
154838 220233 1
154838 163493 1
224176 293445 1
231498 487388 2
711859 747197 2
382480 472687 1
35076 441547 1
954924 1010183 1
267227 537635 1
267227 664181 1
443324 581725 1
443324 805122 1
611180 813851 1
611180 618547 1
145600 558732 1
145600 360533 1
88882 154838 1
88882 851145 1
88882 220233 1
88882 163493 1
425961 781660 1
282004 318232 1
282004 1223786 1
435401 1389345 1
435401 830375 1
683803 1177849 2
683803 1345740 1
96449 706234 1
1178471 1420397 1
561652 1399101 1
561652 1232018 1
552095 604016 1
252296 488393 2
173806 228605 1
664361 738142 1
383669 694549 1
383669 595066 1
383669 1131367 1
73314 402229 1
90841 1004691 1
90841 175477 2
88243 1126553 1
88243 105232 1
373293 655311 1
97005 1361217 1
40616 48378 1
40616 389373 1
678041 983017 1
678041 1141414 1
240987 673550 1
693163 748792 1
276737 885888 1
65962 557510 1
65962 223312 1
65962 1289863 1
65962 196618 1
1075613 1314028 1
1075613 1398067 1
492761 517620 1
214810 877722 1
312799 1457662 1
312799 440332 1
312799 628259 1
312799 510745 1
312799 1100234 1
348242 488393 1
877244 1328904 1
877244 1068045 3
877244 1087875 1
877244 884222 1
95536 624857 1
95536 1417850 1
411456 1354369 1
98083 1454814 1
98083 842291 1
470814 1248073 1
470814 863057 1
42361 275880 1
555301 732968 1
555301 892009 1
148279 557132 2
148279 714046 1
148279 1312735 1
124865 1280922 1
405534 854123 1
201232 489526 1
201232 1014171 1
165511 503440 2
499553 1329034 1
1300333 44044 1
739902 1024612 1
235877 1391091 1
824708 1192197 1
664177 787721 1
664177 888542 1
474044 853634 1
9145 20371 1
9145 752489 1
75238 545922 1
61912 1302456 1
1224228 1246611 1
514689 948457 1
173433 731939 1
173433 330435 1
173433 451704 1
173433 1251416 1
173433 287252 1
173433 250305 1
173433 402254 1
209329 487674 1
340692 967363 1
891897 1456258 1
254563 342324 1
254563 878819 1
1449597 1460024 1
509504 1468456 1
509504 758458 1
509503 836305 1
134589 211195 1
134589 557803 1
1047642 1370343 1
510509 710724 1
510509 671712 1
510509 1446645 1
531417 1128648 1
352511 381009 1
352511 1535216 1
352511 1215280 1
352511 606354 2
13232 779920 1
170359 271435 1
170359 191965 1
170359 506993 1
627311 718860 1
627311 1468456 1
627311 758458 1
627311 655434 1
380502 449681 1
30495 216029 1
146897 474276 1
99026 781660 1
99026 425961 1
7018 218130 1
7018 46452 2
7018 681390 1
694714 1513946 1
399684 720063 1
884765 1394287 1
194526 1238713 1
194526 491207 1
194526 1436744 1
121653 565459 1
703424 722677 1
703424 981618 1
41180 745601 1
269871 584874 1
269871 1243235 1
269871 723280 1
269871 1358452 1
70409 989179 1
70409 164076 1
70409 109707 1
721087 736603 1
1022405 1061580 1
164076 989179 1
568944 676915 1
160162 637214 1
38003 205769 1
211731 754643 1
211731 1146628 1
945056 1146591 1
692620 1250064 1
692620 1380900 1
692620 720240 1
137795 535198 1
300598 1050977 2
67459 576589 1
67459 1037458 1
178748 334541 1
178748 1203832 1
178748 409949 1
178748 558990 1
178748 485453 1
171494 584874 1
171494 534110 1
171494 1180347 1
171494 862226 1
171494 1358452 1
171494 519858 1
171494 1303946 1
23108 803414 1
144010 413295 1
254908 1447925 1
778700 1465304 1
291207 296263 1
291207 1312303 1
147761 831958 1
147761 424493 1
447040 1206163 1
517621 766232 1
398929 626013 1
398929 866763 1
552238 1501893 1
1188871 1345781 1
848952 1206508 1
29071 40443 1
1064275 1069689 1
1064275 1455558 1
129616 1500374 1
216559 995173 1
216559 1426822 1
751573 1296194 1
697875 983539 1
677251 712068 1
720763 759712 1
720763 1162196 1
442329 1050408 2
634655 991478 1
80540 1155180 1
80540 110449 1
80540 916768 1
705749 1409622 1
1084272 1158569 1
170708 1065070 1
170708 808473 1
606354 1535216 1
606354 1215280 1
591880 775697 1
335065 1026420 1
304734 609776 1
304734 1518080 1
304734 920857 1
1198730 1413263 1
896862 957635 1
576589 1037458 1
350112 1235879 1
825771 1441523 1
825771 1457953 1
748438 1057763 1
748438 1065612 1
712223 862439 1
217777 531639 2
628259 1457662 1
628259 1055057 1
628259 1100234 1
409949 485453 1
409949 558990 1
409949 1203832 1
511060 1311097 1
662737 719149 1
551200 1010728 1
551200 1026667 1
374234 1067367 1
344630 534615 1
128979 814657 1
128979 225142 1
128979 704978 1
128979 164200 1
128979 426210 1
209512 1182072 1
1164198 1359686 1
674531 1506175 1
389704 1049045 1
389704 533158 1
389704 412623 1
431086 514689 1
431086 948457 1
519103 566849 1
519103 1152829 1
454725 1063662 1
49043 164936 1
49043 843441 1
49043 70024 1
602451 1317196 1
602451 983033 1
602451 1208991 1
733376 1008732 1
402229 881426 2
785918 1438240 1
458389 636351 1
293761 447393 1
390923 719813 1
390923 1087628 1
390923 542021 1
708047 775041 1
708047 1094144 1
951790 1031909 1
951790 1294929 1
261568 1063662 1
485767 1126733 1
670429 1109532 1
42221 576053 1
755948 833871 1
340688 577102 1
310483 685036 1
310483 760891 1
586858 614006 1
418882 576511 1
396204 805018 1
975943 1443730 1
235846 1123722 1
235846 935723 1
827558 1504493 1
42641 614467 1
105232 1126553 1
654401 1309423 1
534110 862226 1
534110 1303946 1
80879 686795 1
743614 762530 1
1198969 1508669 2
519672 911006 1
400682 612762 1
226157 296263 1
226157 291207 2
571213 1146759 1
724071 1158569 1
724071 1084272 1
243284 849748 1
984485 1350519 1
251309 1339568 1
608568 936290 1
608568 1478464 1
803443 940691 1
584564 1433458 1
197773 1076255 1
803627 1087619 1
803627 1194383 1
394935 535287 1
818249 832284 1
818249 1444024 1
818249 1296781 1
339751 401475 1
339751 1391091 1
451704 1251416 1
685036 760891 1
143456 424666 1
161759 1074355 1
30733 1214812 1
30733 221050 1
471619 1414260 1
1312735 1483035 2
1307 831931 1
8429 858642 1
8429 355079 1
548015 593879 2
381009 1535216 1
381009 1215280 1
381009 606354 1
778200 889734 1
691071 1489547 1
691071 869816 1
50007 945643 1
606348 674201 1
143297 143920 1
219529 710915 1
219529 456734 1
219529 336393 1
664496 1040342 1
130374 1413073 1
336597 451919 1
336597 1061580 1
336597 1022405 1
263857 828509 1
263857 1117552 1
263857 895976 1
812647 878900 1
415820 1509981 1
107755 1325745 1
107755 944237 1
107755 165638 1
614120 630656 1
614120 1475683 1
614120 730969 1
107954 854849 1
76871 293445 1
76871 224176 1
632928 860870 1
632928 957035 1
381647 488839 1
381647 1317196 1
381647 983408 1
770340 1159340 1
975335 1103321 1
866683 1138737 1
56181 212053 1
680151 1204047 1
1014728 1081940 1
244398 524907 1
1000123 1151087 1
1000123 1372367 1
719285 876230 1
719285 1487911 1
719285 750270 1
635115 1503455 1
358585 502868 1
301285 46913 1
301285 499903 1
301285 963489 1
448238 488441 1
128690 1314867 1
324123 870903 2
324123 864589 1
324123 993835 1
324123 1063448 1
324123 920694 1
324123 1495460 1
686272 695085 1
1123968 1261170 1
579861 1390584 1
579861 640021 1
172609 691071 1
172609 1489547 1
172609 869816 1
745671 1111246 1
314208 346802 1
870903 993835 1
870903 1063448 1
167753 243062 1
167753 541900 1
323102 1041054 1
323102 404764 1
323102 475520 1
323102 1523611 1
323102 537077 1
1250064 1380900 1
124333 759221 1
10306 519826 1
10306 954103 1
784231 1345962 1
1109484 1137978 1
221874 819820 1
1195089 1332854 1
577859 669327 1
440332 1457662 1
440332 628259 1
440332 510745 1
440332 1100234 1
244774 514689 1
244774 431086 1
244774 948457 1
99828 108166 1
99828 1454952 1
99828 434274 1
99828 175477 1
99828 1212681 1
99828 969113 1
99828 556247 1
99828 895559 1
456734 710915 1
104793 635527 1
743445 1191283 1
107791 983628 1
107791 1041793 1
223730 603409 1
223730 539177 1
223730 383584 1
610071 1145980 1
700023 813600 1
609776 920857 1
609776 1518080 1
537650 1017582 1
668030 1340193 1
557643 618547 1
557643 611180 1
480078 1151952 1
480078 746095 1
230660 402305 1
118865 983408 1
118865 381647 1
761667 1245617 1
761667 860604 1
203253 1471648 1
118868 831588 1
575218 689013 1
586933 1138737 1
586933 866683 1
412107 752883 1
412107 640004 1
412107 1280802 1
655434 718860 1
655434 1468456 3
655434 893465 2
655434 758458 1
1017080 1077918 1
78379 449681 1
19008 967363 1
508780 637037 1
84364 1032611 1
418693 1163035 1
639906 1110623 1
639906 916768 1
161696 342324 1
161696 878819 1
161696 254563 1
564653 567429 1
564653 1389345 1
62159 129616 1
62159 1500374 1
416556 1220779 1
788407 888567 1
788407 1137748 1
1031210 1078404 1
469494 676634 1
701292 1244503 1
417506 492849 1
107778 826729 1
788408 1393215 1
137177 1243016 1
724400 1450659 1
76465 478047 1
778367 1188774 1
576625 594797 1
340838 826284 1
1100234 1457662 1
306240 525686 1
24490 174886 1
24490 1246991 1
964187 1167767 1
928017 938259 1
207579 500421 1
158662 1349962 1
600415 707973 1
78791 212172 1
78791 1480610 1
8437 606041 1
221394 1141554 1
1069689 1455558 1
558990 1203832 1
145857 455255 1
257140 694549 1
257140 383669 1
257140 595066 1
257140 1131367 1
421146 1314028 1
421146 863234 1
421146 445727 1
421146 656708 1
421146 1075613 1
421146 1398067 1
553402 822681 1
553402 1131623 1
1010728 1026667 1
228605 294402 1
228605 628362 1
228605 1048359 1
228605 1442253 1
228605 789216 1
228605 1065881 1
1238713 1436744 1
368882 523413 1
28831 799641 1
28831 775697 1
574542 1224050 1
475520 1041054 1
475520 1523611 1
475520 537077 1
65009 653154 1
451919 1061580 1
451919 1022405 1
308378 1113418 1
61059 520288 1
61059 172583 1
815193 1117023 1
815193 1037331 1
562193 18890 1
1285449 1509400 1
1285449 1320763 1
657021 796748 1
320930 855157 1
320930 737555 1
320930 1381397 1
754305 1384074 1
673689 918060 1
678012 752447 1
1395888 1482042 1
63617 762534 1
497925 948074 1
497925 824856 1
75594 330435 1
75594 1251416 1
75594 250305 1
75594 173433 3
75594 451704 1
912506 960674 1
86930 320981 1
1058278 1411340 1
274065 408560 1
1009094 1515575 1
186231 1444587 1
186231 418567 1
505337 1063081 1
335913 515700 1
254371 1372790 1
36708 478649 1
793804 1455558 1
793804 1069689 1
793804 1064275 1
793804 977661 1
294402 628362 1
294402 1048359 1
294402 789216 1
294402 1442253 1
294402 1065881 1
801001 1054818 1
801001 1298202 1
404764 1041054 1
404764 1523611 1
404764 475520 1
404764 537077 1
948765 1004235 1
948765 1310664 1
948765 1331867 1
295755 736217 2
324380 368286 1
49716 385625 1
17068 1102909 1
1206746 1244931 1
1206746 1227678 1
1087619 1194383 3
546090 1339305 1
335600 1382588 1
884222 1328904 1
884222 1068045 1
884222 1087875 1
371942 1232242 1
371942 433515 1
367230 986902 1
367230 446809 1
647930 1447752 1
647930 688886 1
105219 1341747 1
12352 280631 1
12352 1314028 1
12352 863234 1
12352 401059 1
12352 421146 1
12352 1398067 1
12352 656708 2
12352 1075613 1
12352 445727 1
1142122 1379672 1
1206500 1457180 1
1206500 1298315 1
1206500 1219355 1
719813 1087628 1
531528 607089 1
637186 1071762 1
1298000 1523179 1
243062 541900 1
945643 1413235 1
232436 1366540 1
719921 1444883 1
719921 1297009 1
371163 621262 1
371163 1409645 1
371163 417052 1
371163 482851 1
575378 642046 1
122085 61907 1
18793 1098747 1
18793 1451586 1
20371 752489 1
718039 752481 1
526261 862285 1
647394 687469 1
330435 1251416 1
330435 451704 1
239753 607489 2
239753 901934 2
858089 1038765 1
1054818 1298202 1
154998 469576 1
747197 1285858 2
1257950 1522144 1
355965 732968 1
355965 555301 1
1237091 1386098 2
226355 597119 1
94886 1439965 1
94886 621370 1
94886 1043037 1
595066 694549 1
595066 1131367 1
815962 1101220 1
643132 980897 1
663534 818921 1
537077 1041054 1
537077 557132 1
537077 1523611 1
740598 1247321 1
287252 731939 1
133959 258065 1
469100 602451 1
469100 488839 1
469100 983033 1
453465 865133 1
575797 1303857 1
640021 1390584 1
1278132 1315922 1
287922 1171029 1
286031 1004235 1
286031 353705 1
286031 1310664 1
286031 1331867 1
286031 948765 1
154542 323845 1
921677 1372564 1
159241 718888 1
159241 1099153 1
1218580 1422080 1
88332 525666 1
267750 524907 1
935723 1123722 1
1395520 1510456 1
334554 482870 1
642995 177225 1
624857 1417850 1
617555 854849 1
617555 865040 1
150513 396594 1
103505 237601 1
1429028 1512933 1
405756 954360 1
405756 628542 1
404481 636871 1
404481 962459 1
404481 1137997 1
404481 1241324 1
121304 1126942 1
16183 1166031 1
1141803 1449597 1
1141803 1460024 1
336393 710915 1
336393 456734 1
983628 1041793 1
661137 1012937 1
838536 898990 1
838536 1387690 1
140210 211731 1
140210 754643 1
140210 1146628 1
878144 1532842 1
235187 1109427 1
235187 1004716 1
235187 811162 1
235187 914995 1
488839 602451 2
488839 1317196 2
488839 983033 1
488839 1194476 1
595994 678408 1
60175 180764 2
223678 490008 1
646839 890407 1
366111 882442 1
162294 314407 1
890502 960654 1
745101 982087 1
133534 626013 1
1032207 1511484 1
211195 557803 1
211195 561007 1
85144 327962 1
85144 1364299 1
85144 523079 1
773470 1236048 1
20828 595327 1
382251 413343 1
243404 1002368 1
291114 963455 1
569363 1346097 1
569363 710724 1
49831 719813 1
49831 1087628 1
49831 542021 1
49831 390923 1
11981 1044414 1
434274 1212681 1
443677 697506 1
676622 714177 1
1096402 1377983 1
33039 453887 1
876230 1487911 1
257780 1332854 1
257780 1195089 1
257780 661583 1
243727 1141289 1
243727 574355 1
705218 954924 1
528194 1239450 1
1294943 1410696 1
232510 823664 1
1187181 986902 1
1187181 367230 1
1187181 446809 1
794389 1240007 1
163493 851145 1
163493 220233 1
136640 860666 1
487369 1130020 1
443244 1053799 1
443244 515041 1
353705 1004235 1
353705 948765 1
353705 1310664 1
353705 1331867 1
491207 1238713 1
491207 1436744 1
3388 753205 1
3388 1146591 1
3388 945056 1
3388 262783 1
3388 56889 1
136399 1234684 1
703911 1353440 1
840714 1139524 1
8698 213437 1
8698 1329034 1
8698 111577 1
8698 499553 1
8698 227729 1
439200 481756 2
422852 525307 1
469119 1191996 1
794324 1190653 1
217000 1208841 1
217000 1365952 1
282507 1360769 1
282507 486639 2
282507 877722 1
98976 128690 1
98976 1314867 1
174886 1246991 1
218934 381009 1
218934 1535216 1
218934 352511 1
218934 1215280 1
218934 606354 1
318764 1277301 1
366902 1417339 1
366902 1518157 1
126422 142160 1
126422 534110 1
126422 171494 1
126422 862226 1
126422 1303946 1
406091 662118 1
401059 1314028 1
401059 863234 1
401059 1398067 1
401059 421146 1
401059 656708 1
401059 1075613 1
401059 445727 1
159275 1429192 1
32052 492849 1
32052 417506 1
472203 1505314 1
334541 1203832 1
334541 409949 1
334541 558990 1
334541 485453 1
975369 1423648 1
340364 1157085 1
340364 628730 1
340364 1482113 1
843924 1264878 1
28926 179857 1
687262 1078908 1
1040480 1421083 1
1040480 1284353 1
1199554 1301229 1
31208 161223 1
144303 570104 1
144303 754248 1
350023 954982 1
350023 930607 1
225142 704978 1
225142 814657 1
225142 426210 1
590469 876230 1
590469 1487911 1
590469 750270 1
590469 719285 1
590469 625213 1
1155180 1476170 1
424461 587621 1
424461 1065128 1
150184 217000 1
150184 1208841 1
150184 1365952 1
172583 520288 1
914711 30316 1
914711 334352 1
389746 609963 1
929509 998926 1
730020 1290115 1
50638 1438219 1
124145 742301 1
124145 1447229 1
124145 639731 1
401475 1391091 1
167765 1384846 1
167765 1541354 1
715728 855475 1
241402 282004 1
241402 318232 1
241402 1223786 1
456698 1446181 1
131230 843924 1
131230 782425 1
131230 1264878 1
57719 1468456 1
57719 509504 1
57719 758458 1
120003 952603 1
1065881 1442253 1
354606 894403 1
52073 878657 1
575090 801988 1
545922 1353714 1
1396266 1527276 1
48279 282822 1
270309 383746 1
581725 805122 1
63830 128690 1
63830 1314867 1
63830 98976 1
344909 752156 1
344909 1282949 1
344909 1282401 1
424493 831958 2
321794 336597 1
321794 451919 1
321794 1061580 1
321794 1022405 1
124761 1398786 1
358536 512582 1
102908 662666 1
141790 488839 2
141790 1317196 1
141790 381647 1
141790 1194476 1
718860 1468456 1
718860 758458 1
657153 1271153 1
657153 708916 1
70508 231618 2
70508 440332 1
70508 76516 1
70508 510745 1
70508 113778 1
70508 1055057 1
70508 1100234 1
70508 1457662 1
70508 312799 1
70508 628259 2
41009 1413295 1
323939 511871 1
363732 992736 2
363732 905413 2
342324 878819 1
164936 843441 1
1098747 1451586 1
328420 751573 1
328420 1296194 1
437976 1023956 1
775041 1094144 1
663299 758770 1
663299 913453 1
251340 854112 1
251340 386143 1
331720 399724 1
863491 1262902 1
893465 1468456 2
930607 954982 1
714046 1312735 1
936290 1478464 1
197735 314797 1
742301 1447229 1
177413 583782 1
177413 1282401 1
177413 775697 1
478047 967565 1
478047 1439103 1
37637 95321 3
479660 1516812 1
621370 1439965 1
621370 1043037 1
583 666324 1
710724 1346097 1
710724 1054818 1
710724 1446645 1
914925 1503555 1
202173 408575 1
1297009 1444883 1
87151 257279 1
1120714 1410538 1
271453 1448593 1
271453 1109423 1
271453 1204966 1
356381 1432958 1
636941 974705 1
35188 1033865 1
35188 1178471 1
35188 1420397 1
747970 862439 2
747970 1135406 2
263090 808242 1
628362 1048359 1
628362 789216 1
628362 1442253 1
628362 1065881 1
15412 892009 1
15412 555301 1
15412 411323 1
651673 834297 1
645523 1326866 1
640004 752883 1
640004 1280802 1
399766 1204047 1
399766 508122 1
378353 1282401 1
1315562 1353714 2
1384846 1541354 1
188085 561035 2
366917 1418535 2
366917 633430 1
366917 1086156 1
366917 557150 1
684670 975369 1
838591 1480610 1
778666 1000227 1
168790 1128136 1
217122 397388 1
977661 1069689 1
977661 1455558 1
977661 1064275 1
259975 899145 1
957070 1528506 1
957070 1069999 1
286746 1158858 1
77141 152849 1
898990 1387690 1
101212 151425 1
708916 1271153 1
1227678 1244931 1
240700 526261 1
240700 862285 1
117471 391496 1
117471 822681 1
117471 1131623 1
117471 553402 1
558732 1062858 1
931905 1115268 1
744230 1368728 1
386143 854112 1
855443 956747 1
854849 865040 1
100982 162811 1
3711 260535 1
557510 1289863 1
730969 1475683 1
341166 1101861 1
341166 980257 1
341166 1182619 1
519886 1068410 1
387302 1212681 1
404730 822317 1
780804 1475791 1
93309 558732 1
93309 1062858 1
93309 311514 1
93309 877722 1
93309 424458 1
93309 214810 3
1077109 1180823 1
102595 110488 1
102595 342181 1
392778 939610 1
244649 1518157 1
244649 1417339 1
244649 339224 1
610636 1081213 1
610636 1024577 1
231393 820114 1
231393 598699 1
205591 1215146 1
275781 345100 1
275781 1204047 1
275781 508122 1
275781 399766 1
199528 992829 1
179097 1417339 1
179097 366902 1
179097 1518157 1
391399 488839 1
1199936 1222581 1
808473 1065070 1
1314028 1398067 1
175446 1244931 1
175446 1227678 1
175446 1206746 1
175446 527486 1
175446 441969 1
888104 983480 1
254057 923151 1
254057 945808 2
481104 1382610 1
162651 1353714 1
162651 1315562 1
9786 387302 1
9786 1212681 1
1180578 1269062 1
255053 705218 1
255053 954924 1
255053 783169 1
280039 1509981 1
1068045 1328904 1
1068045 1087875 1
860604 1245617 1
1200546 1255484 1
478078 690122 1
441969 1244931 1
441969 1227678 1
441969 527486 1
441969 1206746 1
902205 1048727 1
902205 1282801 1
129072 191832 1
129072 1442950 1
129072 631392 1
290066 922781 1
552815 936815 1
739180 1294815 2
433515 1232242 1
263623 1104488 1
263623 1285449 1
263623 1176897 1
263623 1509400 1
263623 1320763 1
222747 400272 1
752883 1280802 1
563889 921677 1
563889 782074 1
563889 1372564 1
895559 969113 1
752156 1282949 1
601505 720865 1
280631 1314028 1
280631 863234 1
280631 401059 1
280631 421146 1
280631 1398067 1
280631 656708 1
280631 1075613 1
280631 445727 1
524907 555772 1
769749 1020720 1
587621 1065128 1
146816 646839 1
146816 890407 1
15645 1187457 1
3161 584874 1
3161 1243235 1
3161 269871 1
3161 723280 1
3161 1358452 1
607489 901934 2
142317 255495 1
1186811 1401668 1
375272 1099631 1
327977 372470 1
540270 705749 1
540270 1409622 1
893096 1287104 1
801850 1081013 1
27632 191192 1
18125 492610 1
137408 496681 1
1417339 1518157 2
858455 879208 1
963955 1233632 1
444648 491061 1
35318 1372735 2
1232018 1399101 1
1144712 1402330 1
296716 1009094 1
296716 1515575 1
343925 494827 1
103080 1040342 1
103080 664496 1
103083 963955 1
103083 318844 1
103083 1233632 2
973112 1495702 1
1037331 1117023 1
500988 1448191 1
500988 737572 1
175020 200133 1
286771 566960 1
286771 674531 1
286771 1506175 1
842095 877244 1
842095 1035388 1
842095 1328904 1
842095 1352930 1
842095 884222 1
842095 1087875 1
842095 1068045 1
504628 1221002 1
250435 1434692 1
782425 843924 1
782425 1264878 1
543832 764303 1
674705 1486542 1
513933 529771 1
277920 1292895 1
277920 315869 1
328470 640688 1
150418 237020 1
150418 541804 1
861096 888104 1
861096 983480 1
1178999 1211816 1
1178999 1395888 1
1178999 1482042 1
235158 967565 1
235158 1439103 1
235158 478047 1
230433 791189 1
230433 660116 1
230433 425115 1
230433 1339451 1
150099 196234 1
530248 647153 1
376968 710724 1
376968 1054818 1
121222 366902 1
121222 1054091 1
510745 1457662 1
510745 1100234 1
510745 628259 1
533158 1049045 1
1057763 1065612 1
489758 973583 1
821304 1035736 1
821304 1325052 1
48378 389373 1
671712 710724 1
671712 1446645 1
422056 602451 1
422056 469100 1
422056 488839 2
422056 983033 1
170898 1454741 1
739578 1228723 1
49591 764303 1
49591 543832 1
448022 988870 1
766177 1327501 1
775621 891250 1
569937 1524433 1
166927 983017 1
166927 1141414 1
166927 678041 1
168892 1144887 1
284449 312377 1
284449 751573 1
284449 328420 1
284449 1296194 1
1290473 1536143 1
149156 1023956 1
149156 437976 1
217178 891550 1
217178 932560 1
391496 822681 1
391496 1131623 1
391496 553402 1
475360 489417 1
475360 502701 1
694549 1131367 1
1211816 1395888 1
1211816 1482042 1
342181 838536 1
342181 898990 1
342181 1387690 2
336280 537077 1
175477 751979 1
175477 628542 1
175477 1004691 4
175477 1026582 1
42133 1313511 2
42133 1163738 3
42133 556568 1
674158 958286 1
15273 768408 1
920857 1518080 1
996812 1298325 1
480579 821763 1
414912 1525550 1
534041 1212290 1
285859 312826 1
285859 412623 1
48409 975369 1
48409 1423648 1
251961 711859 1
853938 1530821 1
285853 362278 1
285853 321778 1
132913 947451 1
132910 250435 1
132910 1434692 1
160399 860870 1
160399 632928 1
160399 202088 1
160399 957035 1
39752 1077109 1
39752 1180823 1
474302 513933 1
474302 529771 1
237020 541804 1
983017 1141414 1
30316 334352 1
863234 1314028 1
863234 1075613 1
863234 1398067 1
347166 382480 1
347166 472687 1
570104 754248 1
570104 619774 1
123716 541900 1
123716 167753 1
123716 243062 1
157461 1199554 1
157461 631229 1
157461 1301229 1
630656 1475683 1
630656 730969 1
891550 932560 1
271435 506993 1
828223 951674 1
567429 1389345 1
327962 1364299 1
327962 523079 1
482851 1409645 1
482851 621262 1
738750 1315922 1
863057 1248073 1
519826 954103 1
758770 913453 1
338606 1165896 1
228306 248994 1
161602 461617 1
219549 1139250 1
219549 861687 1
628542 954360 1
628542 1026582 1
319775 793857 1
31225 682150 1
267240 1316087 1
131029 957360 1
131029 164624 1
574355 1141289 1
642794 1114603 1
642794 1381172 1
620042 1523179 1
620042 1298000 1
72733 877722 1
72733 214810 3
72733 93309 3
164624 957360 1
374021 701000 1
28201 1163035 1
28201 64875 1
28201 418693 1
28971 1293825 1
496770 514790 1
