101765 643365 1
101765 708192 1
101765 1534556 1
101765 945893 1
101765 1362761 1
177791 420219 1
177791 555772 1
172556 184712 1
196077 730973 1
196077 709102 1
22660 80919 1
22660 476597 1
154896 269385 1
154896 1368728 1
154896 541900 1
1289715 1319279 1
209732 790558 1
508195 916768 1
161076 321296 1
107881 1155180 1
945808 1413235 1
945808 1049768 2
180569 266523 1
180569 679159 1
509504 1468456 1
509504 758458 1
551441 806994 1
74831 1395093 1
74831 603526 1
74831 296427 1
74831 508195 1
74831 391399 1
74831 640688 1
74831 80540 1
74831 731588 1
74831 916768 3
470896 1385678 1
23841 968508 1
23841 451590 1
177311 207078 2
579625 1048051 1
579625 1485260 1
389466 1131499 1
720865 1054091 1
605056 681372 1
454339 593557 1
454339 609554 1
454339 1482234 1
535494 995747 1
231266 295844 1
94330 312430 1
94330 1198656 1
888567 1137748 1
460281 1084859 1
424632 1229413 1
754643 211731 4
754643 140210 4
754643 1146628 1
200412 1397426 1
676574 827676 1
676574 1450173 1
676574 1273554 1
676574 1029251 1
281306 741023 1
410173 1033865 1
410173 1179022 1
410173 978376 1
153153 196077 1
744585 954924 1
212824 723280 1
623561 959818 1
81754 942731 1
191192 508195 1
1004665 1161450 1
1188293 117570 1
1188293 1404326 1
412635 655400 1
412635 1124093 1
70245 114038 2
654127 815860 1
99510 939897 1
99510 1496219 1
1128630 1152296 1
315652 1017582 1
315652 373936 1
401721 988922 1
401721 1043801 1
401721 402995 1
509900 1193943 1
509900 557132 1
113778 1250210 1
113778 1271153 1
113778 152849 2
113778 657153 1
113778 541900 1
983033 1257411 1
269145 391775 1
506042 948997 1
1035736 1345708 1
338935 379776 1
833070 967565 1
833070 1382610 1
146278 172361 1
264193 422059 1
481764 827558 1
202368 855359 1
202368 488839 1
202368 493012 1
202368 1257411 1
202368 422056 1
202368 1240179 1
202368 351562 1
202368 391399 1
202368 1082835 1
202368 1194476 1
737972 973606 1
44331 1374029 1
296427 1395093 1
179984 637037 1
179984 1156565 1
179984 826879 2
179984 1144712 2
179984 508780 2
179984 1402330 1
217862 471619 1
711685 854242 1
621129 673393 1
621129 1005344 1
621129 973877 1
290647 588734 1
257431 1328307 1
178216 447160 1
20255 593879 1
757704 908082 1
285535 910225 1
883122 404325 1
333755 1087155 1
333755 943009 1
333755 802297 1
157920 494450 1
700925 1065019 1
147454 1253853 1
147454 1436406 1
206241 289599 1
206241 585484 2
161619 257400 1
246326 293369 1
246326 342575 1
246326 361616 1
246326 280402 1
246326 952795 1
634019 754765 1
106433 770340 1
566960 727491 1
566960 931292 1
566960 1506175 1
1063662 1482113 1
233601 810293 1
233601 959669 1
416292 664040 1
1541481 823757 1
502630 885716 1
502630 1466691 1
970032 1495566 1
215118 755441 1
417160 857679 1
811365 1444271 1
291510 1035736 1
133833 1111353 1
7451 1268460 1
7451 331150 1
759706 975770 1
1110623 1315922 1
111944 1244929 1
111944 209866 1
634164 773677 1
1372986 1504595 1
1372986 1440624 1
842673 1346238 2
842673 1088386 2
842673 1382759 2
842673 1056384 1
842673 1402087 2
812723 1176251 1
287159 311721 1
242178 724706 1
241195 885343 1
241195 365632 1
1240416 1451914 1
315019 967565 1
315019 833070 1
315019 1382610 1
897229 940497 1
897229 1431626 1
897229 1508191 1
483517 1270033 1
412623 862439 4
412623 519573 1
412623 533158 2
412623 747970 1
412623 963489 1
842906 1502607 1
881386 1344097 1
877722 1360769 1
773001 1462182 1
628036 1000312 1
1194295 1398788 1
586747 1413295 2
1265492 1314432 1
13615 1062858 1
755679 838536 1
120738 1444269 1
120738 844075 4
120738 1281750 2
624826 845395 1
624826 1188449 1
1136967 1401668 1
1136967 1231652 1
420254 871920 1
915678 962063 1
915678 1251362 1
915678 1361470 1
182286 268125 1
182286 404481 1
182286 239585 1
140884 1027521 1
140884 605981 1
351588 1540980 1
351588 1084246 1
351588 435799 1
351588 660834 1
185718 605383 1
205415 314208 2
205415 346802 2
1196485 1509211 1
113545 1332854 1
113545 1088570 1
97454 245409 1
97454 999361 1
1251362 1361470 1
661377 1208543 1
422275 566849 1
191034 1209787 1
575200 1473909 1
575200 1224188 1
418378 843950 1
1054091 1399630 1
154289 541525 1
154289 195651 1
154289 313887 1
154289 206784 1
154289 899735 1
154289 1469705 1
154289 622234 1
315390 1531336 1
836818 959531 1
836818 1059827 1
480080 719912 1
255393 1255051 1
248027 618429 1
749514 1147960 1
698402 910121 1
846298 1111372 1
152726 338812 1
152726 551304 1
152726 203556 1
152726 377155 1
152726 1239484 1
62872 1143138 1
62876 1356226 1
1431141 1444133 1
1431141 1484594 1
71528 82487 1
71528 571805 1
71528 1043069 1
41170 1322456 1
41170 156445 2
41170 1131379 1
41170 519573 2
41170 419713 1
41170 315603 1
816223 1136967 1
816223 1401668 1
816223 1231652 1
38635 664327 3
1494150 1530532 1
312145 1460024 1
312145 318801 1
364494 433983 1
237042 1135901 1
237042 524783 1
237042 1400510 1
237042 341551 1
146265 301949 1
403261 1469945 1
403261 1387690 1
812938 1440693 1
812938 853496 1
203556 338812 1
203556 551304 1
203556 377155 1
203556 1239484 1
73107 496875 1
73107 753334 1
73107 1337758 1
661555 721379 1
661555 1235028 1
133227 1252139 1
604016 674176 1
365632 885343 1
936815 1268505 1
769484 832372 1
637454 656263 1
820988 1180788 1
8854 310334 1
8854 29204 1
8854 541900 3
357837 697818 1
357837 777093 1
523329 684648 1
340930 1332613 1
721031 1286820 1
360007 1100114 1
399724 628730 1
399724 1450100 1
220844 1094367 1
787711 1398412 1
559879 1504595 1
559879 1372986 1
559879 1440624 1
775202 847269 1
405504 884047 1
405504 1277674 1
610946 653282 1
350182 1339007 1
126705 229009 1
126705 378353 1
126705 1022074 1
350184 1372799 1
894813 1162142 1
844075 1281750 2
213170 856452 1
859575 944241 1
187396 317016 1
57750 808718 1
57750 277230 1
66570 1197060 1
640688 731588 1
789211 922493 1
984087 1278171 1
976972 1072371 1
606092 676634 1
961341 1043129 1
472313 738063 1
69408 416292 1
69408 664040 1
493012 602451 3
493012 855359 2
493012 1257411 2
493012 1240179 1
493012 913296 1
493012 1208991 2
493012 1082835 1
493012 1317196 1
493012 983033 1
493012 1194476 1
273382 995190 1
66883 647970 1
66883 570104 1
66883 625022 2
747062 1465885 1
22247 1054818 1
22247 797539 1
22247 710724 1
22247 86014 1
66796 1497622 1
66796 230433 1
973877 1005344 1
424493 831958 1
314288 777956 1
314288 679159 1
576085 949951 1
576085 1385267 1
1041658 1363090 1
661158 1047726 2
661158 899567 2
184515 1289715 1
184515 217777 1
184515 392969 1
184515 1319279 1
855406 1459938 1
855406 1147420 1
6779 417379 1
6779 15438 1
195651 541525 1
195651 313887 1
195651 206784 1
195651 899735 1
195651 1469705 1
195651 622234 1
16016 254057 1
16016 199081 1
16016 945808 1
240632 595209 1
377155 1239484 1
377155 551304 1
377155 499903 1
98116 355077 1
98116 1413295 1
120569 228484 1
120569 442577 1
201892 1018368 1
201892 1527843 1
201892 302846 1
515041 1053799 1
966630 1362804 1
813463 1241851 1
22737 376057 1
22737 1363396 1
22737 1313496 1
939897 1496219 1
57673 420254 1
57673 871920 1
131311 364269 2
313887 899735 1
313887 541525 1
313887 1469705 1
313887 622234 1
366378 929174 1
405782 1205052 1
807547 975504 1
260654 1025899 1
661302 1242110 1
237729 763876 1
393905 838967 1
546029 1023777 1
546029 665728 1
546029 726059 1
546029 780622 1
546850 767019 2
312826 488393 1
312826 412623 1
534936 563017 1
534936 755308 1
141923 1003627 1
200545 488428 1
200545 431166 1
428676 828742 1
57073 930192 1
1172250 1290427 1
773963 1099124 1
10362 1388685 1
583630 1019094 1
583630 1138966 1
719578 1452231 1
827437 1290325 1
1431626 1508191 1
860485 1339015 1
18890 482038 1
622746 655601 1
622746 841821 1
628730 1450100 1
483321 593879 1
98930 597117 1
98930 1223159 1
490934 1515821 1
168849 1036344 1
168849 223613 1
168849 1438624 1
1398334 1429980 1
775697 1262727 1
202548 1193596 1
517684 776786 1
14105754 357687 1
478747 1010749 1
426742 1212887 1
307873 40063 1
1007171 1079593 1
147180 847269 1
147180 775202 1
1120181 1339007 1
1120181 402229 1
798726 1055762 1
395362 546029 1
395362 1023777 1
395362 665728 1
395362 726059 1
395362 780622 1
1043037 1439965 1
930439 1233494 1
473847 978723 1
119339 1319810 1
170124 333755 1
170124 802297 1
14146040 14146041 1
332553 1084683 1
28437 71921 1
331191 471613 1
811162 827940 1
713532 821304 1
713532 911006 1
1231652 1401668 1
94260 391033 1
1007228 1240191 1
239585 268125 1
239585 404481 2
1057209 1221349 1
1000680 1289314 1
794879 1124592 1
94886 1439965 1
94886 621370 1
94886 1043037 1
526172 980124 1
526172 1240191 1
22512 356552 1
22512 416763 1
145763 1030315 1
145763 335542 1
145763 1198878 1
145763 1030061 1
145763 418286 1
1194162 1429980 1
1194162 1398334 1
1178539 1476170 1
361616 952795 1
1425346 1444133 1
1425346 1431141 1
1425346 1484594 1
561673 661302 1
561673 1242110 1
1313496 1363396 1
369603 522001 1
369603 1387690 1
441499 857493 1
1061022 1073360 1
757127 665197 1
189389 619774 1
494950 808174 1
228484 442577 2
327740 469551 1
327740 747062 1
777276 990260 1
331854 1494451 1
758458 1468456 2
493287 1021308 1
213347 465442 1
82099 944241 1
82099 859575 1
854947 1157078 1
150743 707973 1
959531 1059827 1
1156565 1402330 1
52346 886936 1
912472 1472787 1
359776 384697 1
359776 727869 1
141265 384697 1
141265 727869 1
141265 1262902 1
141265 359776 1
696436 959531 1
696436 836818 1
696436 1059827 1
639527 1440624 1
351562 602451 1
351562 855359 2
351562 488839 2
351562 493012 2
351562 1257411 1
351562 422056 1
351562 1240179 1
351562 913296 1
351562 1208991 1
351562 1082835 1
351562 391399 2
351562 462080 1
351562 1317196 1
351562 1194476 1
943971 1438183 1
943971 1288972 1
943971 1207895 1
220598 1004341 1
436958 1276244 1
609914 1450589 1
1224188 1473909 1
879627 1043129 1
879627 961341 1
97671 819387 1
39979 276394 1
39979 1167134 1
418286 1198878 1
418286 1030315 1
418286 1030061 1
819820 843441 1
324196 775697 1
324196 560541 1
140999 1122603 1
633803 994988 1
633803 1348354 1
633803 1174152 1
633803 1530382 1
673574 1491083 1
256583 385906 1
17776 235565 1
402995 1043801 1
402995 1409626 4
836343 1277453 1
836343 1265519 1
469100 602451 1
469100 493012 1
469100 1257411 1
469100 983033 1
52564 173806 1
802507 940741 1
853496 1440693 1
802692 1401470 1
639731 1447229 1
639731 742301 1
499903 551304 1
9512 602451 1
9512 855359 2
9512 488839 2
9512 493012 2
9512 28622 2
9512 1257411 1
9512 422056 1
9512 1240179 1
9512 351562 2
9512 172060 1
9512 1208991 1
9512 913296 1
9512 202368 1
9512 391399 2
9512 104763 1
9512 228950 1
9512 1082835 1
9512 462080 1
9512 1317196 1
9512 1194476 1
885715 1467874 1
707992 1314265 1
885716 1466691 1
80540 169369 1
80540 360361 1
80540 1155180 2
80540 107881 1
80540 741023 1
14673 698569 1
871710 1308437 1
1104488 1176897 1
1104488 1509400 1
790403 985544 2
14989 605384 1
14989 378353 1
14989 634534 1
14989 70317 1
14989 599820 1
325007 497564 1
325007 507972 1
490417 561673 1
490417 661302 1
490417 1242110 1
523496 543792 1
557060 842539 1
557060 851113 1
799029 1502150 1
799029 1354155 1
799029 1128064 1
799029 1117161 1
1007769 1178539 1
208759 699561 1
797539 1054818 1
804683 1248351 1
87130 832512 2
557132 560153 1
557132 1193943 1
557132 611383 1
197089 494821 1
844472 1353902 1
536828 545472 1
536828 1189141 1
536828 1200991 1
614120 1475683 1
20044 1120181 2
699779 1312336 1
120196 1226866 1
39660 679814 1
39660 398758 1
39660 566428 1
37217 1075803 1
771055 902810 1
692729 832282 1
108472 960674 1
108472 912506 1
108472 421624 1
14454 311754 1
14454 245409 1
14454 999361 1
14454 97454 1
1111022 1386866 1
1111022 1344603 1
1111022 1471714 1
804266 809772 1
416551 680555 1
416551 779097 1
339224 1518157 1
339224 1417339 1
339224 1351499 1
403055 1261425 1
403055 1311965 1
169125 941707 1
169125 1034271 1
29911 51392 1
47826 962826 1
1362761 1534556 1
144570 497564 1
144570 507972 1
144570 325007 1
1030061 1198878 1
1030061 1030315 1
375482 1442269 1
1386866 1471714 1
843997 921628 1
843997 1315922 1
843997 1115226 1
180708 14169145 1
355077 827558 2
355077 1413295 1
365181 1151404 1
365181 803283 1
365181 635937 1
612765 1139805 1
612765 848174 1
946928 1096818 1
462080 602451 1
462080 855359 1
462080 488839 1
462080 493012 1
462080 913296 1
462080 1208991 1
462080 1317196 1
353552 364494 1
353552 433983 2
32475 521342 1
889499 1162944 1
470660 849295 1
470660 1179170 1
393350 779769 1
862439 963489 1
838536 898990 1
1378223 1505314 1
581053 1220000 1
431721 514790 1
431721 452170 1
431721 637287 1
1337105 1493755 1
990853 1339007 1
990853 1080883 1
13884 1397426 1
13884 200412 1
13884 1240191 1
13884 984481 1
13884 1007228 1
276394 1167134 1
310479 773500 1
310479 382330 1
530620 1476170 1
55651 67282 1
368694 422275 1
368694 566849 1
1413576 1477193 1
463826 935983 1
463826 617339 1
1174152 1348354 1
1174152 1530382 1
764385 909052 1
449218 845395 1
449218 1188449 1
449218 624826 1
449218 519875 1
1444133 1484594 1
60260 431310 1
244513 1248073 1
545922 576305 1
97068 220349 1
821915 1237761 1
780622 1023777 1
376686 1287696 1
376686 1073338 1
376686 993271 1
21878 1502607 1
21878 842906 1
737555 1097645 1
687039 1234684 1
1070173 665197 1
267750 431721 1
267750 637287 1
148293 1386866 1
148293 1344603 1
148293 1471714 1
148293 1111022 1
623528 629625 1
524549 804593 1
17180 117508 1
345377 461522 1
1073338 1287696 1
14169141 52745 1
14169142 14169143 1
14169142 14169144 1
14169143 14169144 1
820080 842676 1
320145 531639 1
14169146 724490 1
1387438 1428477 1
14169148 331050 1
237671 497595 1
237671 1504595 1
237671 1372986 1
237671 1440624 1
237671 559879 1
5079 216807 1
5079 212053 1
64309 530620 1
64309 1476170 1
10697 117385 1
269693 891213 1
269693 1285858 1
223613 1036344 1
223613 1438624 1
967565 1382610 1
491616 568945 1
1097335 14169172 1
891213 1285858 1
62594 754305 1
62594 1002459 1
334875 175648 1
911904 1273586 1
627537 857885 1
955264 1234684 1
1346238 1382759 2
1346238 1402087 2
142110 1440627 1
63080 661803 1
698569 1036227 1
133491 881723 1
583782 707973 1
176087 269317 1
176087 1348354 1
176087 633803 1
176087 1174152 1
176087 1530382 1
232354 1063662 1
232354 454725 1
162780 564596 1
162780 225925 1
1117161 1502150 1
1117161 1128064 1
1117161 1354155 1
326933 595999 2
663569 1410679 1
663569 1340624 1
569505 666221 2
264133 801988 1
264133 862373 1
675749 1084943 1
338812 1239484 1
338812 551304 1
338812 377155 1
9387 1155180 2
9387 74831 1
9387 63238 1
9387 169369 1
9387 107881 1
9387 80540 6
57922 1240191 1
57922 980124 1
57922 526172 1
798 175996 1
798 95845 1
752003 1157839 1
275274 675749 1
275274 1084943 1
113059 1150309 1
202275 609963 1
202275 389746 1
187675 759700 1
28410 451704 2
541900 1250210 1
541900 1271153 1
541900 1368728 1
541900 657153 1
1424616 724490 1
1424616 14169146 1
94903 140335 1
66304 165236 1
137955 833966 1
451704 1421529 1
571805 1043069 1
88521 757704 1
88521 1142122 2
88521 1379672 1
88521 908082 1
114228 617339 1
114228 463826 1
114228 935983 1
114228 252336 1
88524 629606 1
913296 1208991 1
913296 1317196 1
801988 862373 1
331150 1268460 1
82487 571805 1
82487 1043069 1
291795 720865 1
291795 601505 1
787618 1106289 1
257614 738750 1
1181503 1350519 1
267833 1338984 1
267833 849450 1
267833 744415 1
988965 40063 1
988965 307873 1
38151 158043 1
180251 337105 1
183622 570104 1
183622 1341287 1
183622 1525939 1
393789 774894 1
89455 1443216 1
89455 1456585 1
692557 1369732 1
615720 703742 1
615720 1365985 1
761144 912472 1
761144 1472787 1
516448 516496 1
516448 899958 1
516448 587547 1
500816 655601 2
500816 841821 2
500816 622746 1
624376 1503239 1
624376 1408149 1
624376 648032 2
782390 936815 1
521070 653282 1
521070 610946 1
593603 676634 1
469551 747062 1
760927 765101 1
921628 1115226 1
1351499 1417339 1
1351499 1518157 1
166479 301978 1
166479 1374184 1
166479 828177 1
166479 538097 1
166479 446014 1
795419 1035388 1
204939 247813 1
435183 633199 1
786139 924082 1
786139 1047084 1
643365 708192 1
643365 1534556 1
643365 945893 1
643365 1362761 1
150343 753239 1
634701 843026 1
1033927 1484419 1
468379 509183 2
468379 919424 1
468379 600415 1
468379 554955 1
468379 707973 1
51817 1350519 1
281915 566849 1
420219 555772 1
558631 602545 1
765734 1099255 1
551191 952426 1
593557 609554 1
593557 1482234 1
297134 1457893 1
297134 1067797 1
1126282 1211523 1
376874 943664 1
519875 845395 1
519875 1188449 1
519875 624826 1
703742 1365985 1
376057 1363396 1
376057 1313496 1
566428 679814 1
673550 1061022 1
148286 389337 1
2523 338453 1
2523 478747 1
2523 1010749 1
16686 36870 1
46452 74831 1
1072211 1507478 2
14169153 14169155 1
14169153 14169154 1
14169152 237257 1
14169157 14169158 1
14169154 14169155 1
708192 1534556 1
708192 945893 1
708192 1362761 1
668866 1265492 1
668866 1314432 1
668866 1128940 1
336221 653282 1
336221 521070 1
336221 610946 1
61907 667884 1
90634 680220 1
154818 220793 1
104763 602451 3
104763 855359 1
104763 469100 1
104763 493012 3
104763 1257411 1
104763 351562 1
104763 488839 1
104763 172060 1
104763 913296 1
104763 1208991 2
104763 391399 2
104763 228950 1
104763 462080 1
104763 1317196 1
104763 983033 1
113054 541525 1
113054 195651 1
113054 313887 1
113054 206784 1
113054 899735 1
113054 154289 1
113054 1469705 1
113054 622234 1
668484 1502150 1
668484 799029 1
668484 1354155 1
668484 1128064 1
668484 1117161 1
30003 984012 1
30003 810767 1
295799 314288 1
295799 777956 1
295799 679159 1
58156 851946 1
655400 1124093 1
18406 402229 1
655226 901327 1
655226 898994 1
363154 509183 1
363154 919424 1
363154 554955 2
363154 468379 1
1440624 1504595 1
108674 276394 1
27852 488428 1
27852 431166 1
27852 876696 1
58377 811365 1
58377 1444271 1
58377 397055 1
625664 1084683 2
9395 1234684 1
9395 955264 1
9395 703863 1
157754 314208 1
157754 346802 1
157754 205415 2
157754 1238570 1
1408149 1503239 1
687832 1109461 1
84357 821915 2
333524 656805 1
333524 818617 1
9002 246326 1
9002 342575 1
9002 280402 1
9002 952795 1
9002 361616 1
9002 293369 1
516322 980585 1
248994 372535 1
248994 404303 1
248994 1393215 1
482685 546338 1
1261425 1311965 1
940497 1431626 1
940497 1508191 1
271036 1012625 2
564600 751912 1
564600 666735 1
564600 991593 1
1067797 1457893 1
363808 442577 1
14146031 724706 1
781896 1204599 1
637037 1156565 1
637037 826879 1
637037 1144712 1
637037 1402330 1
560046 866201 1
71890 1181503 1
71890 528880 1
71890 1350519 2
495622 1210236 1
207695 1381925 2
169369 628080 1
169369 541900 1
439349 922813 1
686982 1489850 1
1088386 1346238 2
1088386 1382759 2
1088386 1402087 2
595399 636853 1
262875 794324 1
262875 1190653 1
899735 1469705 1
988979 1481750 1
988979 221755 1
301978 828177 1
301978 538097 1
339374 1394365 1
916768 1110623 1
72442 124145 1
72442 742301 1
72442 1447229 1
72442 639731 1
242713 1211458 1
131425 804432 1
397055 811365 1
397055 1444271 1
89117 1245186 1
189103 796413 1
189103 427604 1
522492 1382759 2
522492 1056384 1
522492 1402087 2
522492 842673 2
522492 1346238 2
522492 1088386 2
608462 933955 1
803283 1151404 1
1253853 1436406 1
111351 726458 1
111351 628945 1
593945 981920 1
978376 1179022 1
498065 994271 1
922106 1229540 2
551450 1529799 1
127982 758458 1
873476 1192245 1
873476 1301973 1
467471 843441 1
467471 819820 2
273275 528627 1
1341287 1525939 1
185298 1145010 1
185298 204378 1
26461 1354080 1
26461 197950 1
1126272 237257 1
213468 601653 1
92703 1024237 1
92703 871828 1
552095 604016 1
252296 488393 1
252296 377155 1
149706 336393 1
149706 469545 1
839559 1322808 1
292849 1304267 1
292849 1047486 1
548999 14169148 1
548999 331050 1
1013596 1311967 1
73314 402229 1
73314 1061022 1
431366 1429980 1
431366 920581 1
431366 1398334 1
431366 1194162 1
230539 1229540 2
230539 922106 2
230539 580262 1
373293 655311 1
323549 1195567 2
331954 786723 1
240987 673550 1
666735 751912 1
666735 991593 1
173623 276859 1
276737 833255 1
1082835 1240179 1
1082835 1257411 1
1082835 1194476 1
497313 1431141 1
497313 1484594 1
497313 1134610 1
497313 1425346 1
497313 1444133 1
497313 620484 1
941707 1034271 1
101095 449264 1
744415 1338984 1
744415 849450 1
190812 738750 1
97621 449681 1
308004 340566 1
339806 623595 1
11672 370665 1
124865 1280922 2
405534 854123 1
292532 414608 1
165511 1278171 1
165511 984087 1
348409 636853 1
348409 595399 1
14169166 948971 1
14169162 543227 1
14169163 51392 1
200018 915678 1
200018 1361470 1
200018 962063 1
200018 529621 1
200018 1251362 1
14169169 595898 1
1404312 1539487 1
508743 643515 1
508743 990853 1
392969 1289715 1
392969 1319279 1
956430 985544 1
75238 576305 1
75238 545922 1
14146033 14146034 1
418096 1479787 1
679159 777956 1
173433 1182254 1
173433 451704 1
173433 1421529 1
119595 543792 1
119594 655601 1
119594 841821 1
119594 500816 1
387632 899602 1
139319 853287 1
340690 1039652 1
891897 1456258 1
506972 1476712 1
1340624 1410679 1
455710 1040133 1
455710 534147 1
609554 1482234 1
798160 1128584 1
798160 1020093 1
509506 933146 1
794324 1463304 1
794324 1190653 2
116034 1097556 1
532201 1328907 1
727467 969113 2
380502 449681 2
721379 1235028 2
7018 74831 1
7018 46452 1
984651 1375729 1
682572 1450758 1
751912 991593 1
538097 828177 1
1128940 1265492 1
1128940 1314432 1
566854 1334949 1
164076 1132607 1
18329 699821 1
462145 738058 1
462145 1008711 1
630712 1527889 1
275057 639827 1
360361 741023 1
360362 416551 1
360362 680555 1
360362 779097 1
380189 1464740 1
931292 1506175 1
89907 14169129 1
171270 386196 1
115555 972991 1
482230 51119 1
254909 284186 2
147761 831958 1
147761 424493 1
502870 569505 1
502870 666221 1
447040 612668 1
374500 1178880 1
14169123 1085845 1
1110 424632 1
1110 1229413 1
738058 1008711 3
696876 824093 1
207973 765825 1
207973 440901 1
1098252 1312336 1
677251 1530532 1
677251 1494150 1
585171 1001693 1
965368 1388079 1
442329 1050408 1
594671 1327053 1
562778 1469945 2
816978 852607 1
452170 514790 1
858436 1234684 1
127375 643515 1
1134610 1444133 1
1134610 1431141 1
1134610 1484594 1
1134610 1425346 1
304734 816095 1
509183 919424 1
509183 554955 1
921648 990041 1
425115 660116 2
26471 591496 1
1114766 1350646 1
1114766 1201699 1
4787 970063 1
4787 819142 1
357647 1109039 1
217777 427282 2
217777 1289715 1
217777 392969 1
217777 1319279 1
406057 1171190 1
406057 593522 1
1133343 1456780 1
86047 1282401 1
279608 583884 1
1135901 1400510 1
117804 834034 1
117804 1453502 1
839019 874315 1
279820 1424238 1
1313079 1332854 1
389704 412623 1
543897 527124 1
431086 505491 1
107815 1027521 1
107815 140884 1
107815 605981 1
861259 1459353 1
82832 551889 1
454725 1063662 1
536448 1052701 1
536448 1281750 1
656805 818617 1
586580 605713 1
586580 1511131 1
434849 962643 1
434849 770340 1
4551 14989 1
4551 634534 2
4551 70317 2
4551 57010 1
602451 855359 1
602451 1257411 1
602451 913296 1
602451 1208991 2
602451 1317196 1
602451 983033 1
527065 877244 1
962063 1251362 1
962063 1361470 1
402226 481162 1
96122 350182 1
96122 965231 1
96122 152939 1
235466 1305308 1
402229 844418 1
402229 628080 1
821700 1372739 1
12797 676915 1
99563 1536906 1
336201 966582 1
985186 1320284 1
13338 579956 1
74334 623491 1
74334 785153 1
563017 755308 1
261568 791523 1
261568 828042 1
340686 1204599 1
340686 781896 1
43603 434794 1
330784 1334949 1
14145977 1137303 1
14145976 14145977 1
14145976 1137303 1
418883 480080 1
418883 719912 1
289143 1440693 1
289143 812938 1
289143 853496 1
37411 992596 1
37419 617339 1
37419 114228 1
37419 463826 1
37419 935983 1
37419 252336 1
572639 1104821 1
572639 569163 1
572639 955306 1
824601 1196838 1
727491 931292 1
727491 1506175 1
172060 602451 1
172060 855359 1
172060 469100 1
172060 493012 2
172060 1257411 2
172060 422056 1
172060 1240179 1
172060 351562 1
172060 488839 1
172060 202368 1
172060 391399 2
172060 1082835 1
172060 983033 1
172060 1194476 1
827558 1504493 2
827558 1413295 2
204540 1258258 1
102237 1266084 1
426247 1431141 1
426247 1484594 1
426247 1134610 1
426247 497313 1
426247 1425346 1
426247 1444133 1
426247 620484 1
363959 823355 1
280402 293369 1
280402 342575 1
280402 361616 1
280402 952795 1
455675 793195 1
381912 696436 1
381912 959531 1
381912 836818 1
381912 1059827 1
226157 291207 1
427604 796413 1
391347 1396231 1
955306 569163 1
955306 572639 1
984481 1240191 1
984481 1007228 1
269317 1348354 1
269317 633803 1
269317 1174152 1
269317 1530382 1
176335 436229 1
584988 901327 1
584988 898994 1
584988 655226 1
432147 794059 1
114248 420219 1
114248 555772 1
114248 177791 1
971776 198910 1
252336 935983 1
252336 463826 1
252336 617339 1
587727 743533 1
587727 1377498 1
39524 162414 1
83047 537650 1
202221 546829 1
512578 692002 1
786444 1312336 1
786444 1098252 1
8404 122905 2
335470 1367042 1
335470 484706 1
384872 630363 1
1128064 1502150 1
1128064 1354155 1
30153 1253358 1
30153 434265 1
30153 638229 1
77309 384697 1
77309 727869 1
77309 1262902 1
77309 359776 1
77309 141265 2
893605 1084684 1
258065 1311967 1
258065 1013596 1
258065 1473368 1
97833 901092 1
132536 275057 1
132536 136399 1
717454 1253535 1
226375 253215 1
335443 728230 1
8429 858642 1
897258 992019 2
615779 220898 1
381009 953789 1
855359 1257411 1
855359 1240179 1
855359 913296 1
855359 1208991 1
855359 1082835 1
855359 1317196 1
855359 1194476 1
28622 602451 1
28622 855359 4
28622 488839 2
28622 493012 2
28622 1257411 1
28622 422056 1
28622 1240179 1
28622 351562 2
28622 172060 1
28622 1208991 1
28622 913296 1
28622 202368 1
28622 391399 2
28622 104763 1
28622 228950 1
28622 1082835 1
28622 462080 1
28622 1317196 1
28622 1194476 1
50007 945643 1
975495 1188293 1
35076 902810 1
35076 771055 1
1112987 1436154 1
318939 821915 1
143297 421818 1
711859 747197 1
228742 1456343 1
551304 1239484 1
431166 488428 2
413615 1132650 1
534842 239497 1
206784 313887 1
206784 899735 1
206784 541525 1
206784 1469705 1
206784 622234 1
589272 631586 1
770340 962643 1
770340 1440583 1
449526 601220 1
818498 1246565 1
49576 269719 1
49576 921628 1
49576 1115226 1
49576 843997 1
49576 269345 1
1201699 1350646 1
623491 785153 1
205044 821304 1
253311 282211 1
253311 1251066 1
341551 1135901 1
341551 524783 1
341551 1400510 1
341551 399769 1
722314 1084248 1
189048 1188293 1
189048 1404326 1
791523 828042 1
63621 514721 1
63621 747726 1
52408 316884 1
281384 477223 1
419713 1322456 1
182526 519238 1
617339 935983 1
690581 971667 1
431239 1353714 2
431239 1292617 1
664327 873128 1
43125 1240416 1
43125 569919 1
43125 70447 1
43125 1451914 1
357453 1033030 1
357455 781561 1
314208 398681 1
314208 1193943 1
314208 346802 1
412968 691362 1
998797 14169168 1
82286 280339 1
467022 585171 1
467022 1001693 1
1874 483321 1
796302 1180115 1
714397 1063662 1
714397 1482113 1
221874 819820 1
753334 1337758 1
70151 1132607 1
70151 164076 1
826879 1156565 1
826879 1402330 1
826879 1144712 2
244774 505491 1
244774 431086 1
99828 108166 1
99828 570502 1
99828 248994 1
99828 1454952 1
99828 1212681 1
152939 965231 1
518530 830102 1
204378 1145010 1
1382759 1402087 2
295237 361566 1
512744 798726 1
512744 1055762 1
478148 1087619 1
478148 1194383 1
289154 619990 1
418182 763075 1
78202 268125 1
78202 404481 1
78202 182286 1
78202 239585 1
321296 676755 1
557640 1186226 1
1048051 1485260 1
743533 1377498 1
108473 1000312 1
108473 628036 1
800718 1296229 1
384081 1369487 1
118865 381647 1
48036 1104509 1
280617 1337105 1
280617 1493755 1
280617 306240 1
660706 1440944 1
469905 1134815 3
20495 120470 1
608516 949951 1
508780 1156565 1
508780 826879 2
508780 1144712 2
508780 637037 1
508780 1402330 1
133722 751912 1
133722 666735 1
133722 564600 1
133722 991593 1
1387690 1469945 1
522001 1387690 1
472716 1103704 1
284066 1099514 1
569163 1104821 1
569163 955306 1
569163 572639 2
528880 1181503 1
528880 1350519 1
272684 448238 1
413343 530444 1
788407 888567 1
788407 1137748 1
1056155 1501782 1
62391 255914 1
62391 1299507 1
229009 378353 1
229009 1022074 1
1192245 1301973 1
1208991 1317196 1
137172 1193851 1
268125 404481 1
525353 1345531 1
774985 1421785 1
511033 693955 1
434274 1212681 1
188102 1074048 1
188102 564394 1
11050 339590 1
59419 1108111 1
1088570 1332854 1
1237399 1275788 1
635937 803283 1
635937 1151404 1
928017 938259 1
114971 1157839 1
114971 752003 1
600415 707973 1
175020 1436099 1
8437 804593 1
8437 524549 1
523192 1126431 1
185874 857493 1
185874 441499 1
238744 692557 1
238744 1369732 1
300741 525353 1
300741 1345531 1
945893 1534556 1
945893 1362761 1
160803 655400 1
160803 412635 1
160803 1124093 1
398681 1193943 1
529621 915678 1
529621 962063 1
529621 1251362 1
529621 1361470 1
301832 1243385 1
496875 1337758 1
496875 753334 1
833286 1418938 1
833286 1093461 1
106941 449218 1
106941 845395 1
106941 624826 1
106941 1188449 1
106941 519875 1
61438 1427161 1
953764 505099 1
87993 708904 1
262084 831896 1
6709 1529799 1
6709 551450 1
545472 1189141 1
545472 1200991 1
655434 1468456 2
655434 893465 1
229912 1147978 1
225925 564596 1
545723 1004691 1
109175 1512215 1
279336 1382610 1
279336 481104 1
881072 1120146 1
409984 748117 1
660834 1540980 2
660834 1084246 2
431338 1226223 1
197950 1354080 1
754305 1002459 1
1509317 14088699 1
161223 960622 1
163872 1279320 1
163872 887575 1
430550 1068410 1
458042 848384 1
469494 593603 1
469494 676634 1
557413 1057117 1
187833 923384 1
187833 1004691 1
276412 511188 1
240392 1452231 1
240392 719578 3
104527 692557 1
104527 238744 1
104527 1369732 1
853509 1525372 1
75594 1182254 1
75594 451704 1
75594 173433 2
75594 1421529 1
980124 1240191 1
372535 404303 1
2569 855359 1
2569 476836 1
518233 1183176 1
912506 960674 1
158206 280224 3
897759 1491281 1
423566 1068410 1
423566 430550 1
1093461 1418938 1
104419 546069 1
427844 661377 1
427844 1208543 1
821274 874315 1
821274 839019 1
201244 767019 1
514721 747726 1
38598 765234 2
80072 460619 1
603725 1168289 1
323001 1372790 1
293369 342575 1
293369 361616 1
293369 952795 1
404764 1523611 1
404764 459294 1
404764 437451 1
404764 537077 1
514432 1057698 2
134801 921404 1
387409 1540757 1
260624 1192245 1
260624 1301973 1
260624 873476 1
260624 864432 1
1267032 1299852 1
506231 1049678 1
562635 823757 1
459294 1523611 1
459294 537077 1
1087619 1194383 1
101092 300192 1
773998 1033927 1
1152341 1168636 2
42666 896798 1
14169118 14169119 1
1142122 1379672 1
14909 1146401 1
899567 1047726 2
564394 1074048 1
246613 1265492 1
246613 1314432 1
246613 1128940 1
246613 668866 1
246613 260364 1
451590 968508 1
284186 1465885 1
243062 541900 1
62491 1386776 1
59089 476326 1
59089 561673 1
59089 661302 1
59089 1242110 1
59089 490417 1
657153 1250210 1
657153 1271153 1
70857 1089863 1
1344603 1386866 1
1344603 1471714 2
560541 775697 1
1003003 1294943 1
1141791 1423101 1
884047 1277674 1
231567 473916 1
231567 266597 1
231567 321794 1
126549 350660 1
192831 827940 1
192831 1155699 1
192831 811162 1
434265 1253358 1
434265 638229 1
1064621 1401670 1
446014 1374184 1
384697 727869 1
154998 1217298 1
544487 1331459 1
747197 1285858 1
1257952 381081 1
1063164 1540831 2
156445 169369 1
156445 519573 1
156445 1315922 1
156445 390404 1
342575 361616 1
342575 952795 1
290619 507606 1
290619 800610 1
324696 954759 1
280288 1095825 1
639906 1110623 1
639906 916768 1
332653 824093 1
118410 1525372 1
118410 853509 1
231698 731348 1
28930 633806 1
1030315 1198878 1
537077 1523611 1
516496 899958 1
516496 587547 1
15438 417379 1
27067 51898 1
108166 1454952 1
447492 1008153 1
1026195 1394606 1
762785 1305810 1
762785 789442 1
230303 985236 1
301804 1248351 1
301804 804683 1
1240179 1257411 1
1278132 1315922 1
681447 1013953 1
1140516 1115830 1
188061 967565 1
188061 833070 1
188061 315019 1
188061 1382610 1
509314 705218 1
216083 507687 1
216083 1062826 1
420402 1047726 2
420402 661158 2
420402 899567 2
612533 717459 1
665728 1023777 1
665728 726059 1
665728 780622 1
634231 1413235 1
634231 1049768 1
634231 945808 2
135404 838536 1
949951 1385267 1
1348354 1530382 1
553508 722314 1
553508 1084248 1
334554 490429 1
334554 482870 1
1198162 1326984 1
38303 530620 1
38303 1476170 1
38303 64309 1
245409 999361 1
680555 779097 1
431854 924480 1
214454 1375729 1
214454 984651 1
177355 303659 1
842539 851113 1
606039 1415259 1
42520 299463 1
320905 1188293 2
14169161 1108183 1
593879 1242185 1
258356 1327486 1
103505 237601 1
789442 1305810 1
580262 1229540 1
580262 922106 1
261544 396955 1
120470 655400 1
1190692 1381228 1
1307439 673735 1
260364 1265492 1
260364 1128940 1
260364 668866 1
260364 1314432 1
336393 469545 1
821265 1274382 1
140210 211731 4
1113543 1493322 1
1113543 1254684 1
890162 1167866 1
696530 1338576 1
297051 298126 1
220349 756666 1
235187 811162 1
488839 602451 1
488839 855359 2
488839 493012 2
488839 1257411 1
488839 1240179 1
488839 913296 1
488839 1208991 1
488839 1082835 1
488839 1317196 1
488839 1194476 1
482870 490429 1
57010 634534 1
57010 70317 1
597117 1223159 1
324210 1373216 1
251223 449156 1
79925 1245186 1
79925 89117 1
152911 1061662 1
1684 498065 1
1684 994271 1
160345 929887 1
84094 1299852 1
84094 1267032 1
329063 387917 1
317016 503253 1
280069 592733 1
987839 14169128 1
626759 1054091 1
14169121 543227 1
179568 1103165 1
243404 714593 1
70447 1240416 1
70447 569919 1
70447 1451914 1
615934 629320 2
810293 1065128 1
810293 959669 1
269345 269719 1
269345 921628 1
269345 1115226 1
269345 843997 1
864432 1192245 1
864432 1301973 1
864432 873476 1
210351 901327 1
210351 655226 1
210351 503018 1
210351 584988 1
210351 898994 1
11851 711685 1
11851 854242 1
919196 1113294 1
1245186 89117 1
512388 1248605 1
257780 1332854 2
257780 316745 2
257780 1313079 1
257780 549370 1
1137641 1253443 1
1084246 1540980 2
827676 1450173 1
827676 1273554 1
827676 1029251 1
276720 877433 1
276720 1225253 1
91115 485177 1
537295 898994 1
197729 381912 1
197729 696436 1
197729 959531 1
197729 836818 1
197729 1059827 1
528194 1014171 1
57834 1138890 1
494739 1502989 1
432553 735174 1
163493 851145 1
373936 1017582 1
147018 494450 1
147018 157920 1
665557 1339007 1
440901 765825 1
24273 682870 1
316745 1332854 1
316745 549370 1
356552 416763 1
541525 899735 1
541525 1469705 1
541525 622234 2
557181 671206 1
557181 1084427 1
398758 679814 1
398758 566428 1
1442253 1496489 1
174265 372452 1
709438 1023968 1
136399 275057 1
136399 1234684 1
136399 1463306 1
502163 1076168 1
970106 1310582 1
1160305 1368299 1
70317 634534 2
273330 1410679 1
273330 663569 1
273330 1340624 1
1056384 1346238 1
1056384 1088386 1
1056384 1382759 1
1056384 1402087 1
469119 1191996 1
424540 1302966 1
1365983 703742 1
503018 901327 1
503018 655226 1
503018 584988 1
503018 898994 1
136088 1265492 1
136088 1314432 1
136088 668866 1
136088 260364 1
136088 1128940 1
136088 246613 1
507065 545782 1
213039 312145 1
213039 1460024 1
213039 318801 1
466821 621370 1
282507 1360769 1
282507 877722 2
703863 1234684 1
703863 955264 1
309939 1112994 1
394492 826729 1
159275 1429192 1
111477 643155 1
677108 772577 1
105860 1528234 1
896732 1283450 1
472203 1505314 1
73984 1104488 1
73984 1176897 1
991000 1525856 1
340364 1482113 1
91244 635549 1
1147420 1459938 1
148093 747197 2
887575 1279320 1
55404 275421 1
1194476 1240179 1
1194476 1257411 1
16538 714043 1
65605 1436099 1
65605 175020 1
221755 1481750 1
161244 398841 1
196045 481751 1
346885 591255 1
331920 804266 1
331920 809772 1
1207895 1438183 1
1207895 1288972 1
476326 561673 1
476326 661302 1
476326 1242110 1
476326 490417 1
507687 1062826 1
389746 609963 1
266523 679159 1
810767 984012 1
78791 212172 1
332391 395362 1
332391 780622 1
332391 665728 1
332391 726059 1
332391 546029 1
332391 1023777 1
124145 742301 1
124145 1447229 1
124145 639731 1
710724 797539 1
710724 1054818 2
484706 1367042 1
486563 972301 1
457186 568945 1
457186 491616 1
57719 1468456 1
57719 509504 1
57719 758458 1
354600 466821 1
354600 621370 1
75977 616290 1
1254684 1493322 1
1099431 14169141 1
1099431 52745 1
90500 210859 1
535198 1538708 1
535198 828190 1
199081 1413235 1
199081 254057 2
199081 634231 1
199081 945808 2
52455 283204 1
52455 234713 1
52455 1458082 1
24875 1198162 1
24875 1326984 1
24875 560699 1
947203 1020918 1
321794 473916 1
569919 1240416 1
569919 1451914 1
997114 1123194 1
568176 1511300 1
236196 842676 1
236196 820080 1
70508 353552 2
70508 364494 1
70508 433983 2
418336 1421113 1
14169138 1245186 1
29204 1393215 1
29204 82714 1
648032 1503239 1
648032 1408149 1
781561 1173000 1
194350 461617 1
304855 486563 1
304855 972301 1
407549 222986 1
62832 391033 1
62832 94260 1
315603 1322456 1
315603 419713 1
1225253 877433 1
893465 1468456 1
702 311514 1
251961 583884 1
251961 747197 1
251961 279608 1
251961 711859 3
742301 1447229 1
437191 969045 1
437191 494280 1
610253 763876 1
37637 95321 1
57843 661803 1
57843 63080 1
920581 1429980 1
920581 1398334 1
920581 1194162 1
63238 1155180 1
63238 80540 1
63238 107881 1
285473 838536 1
285473 378353 1
285473 898990 1
133153 301980 1
1020093 1128584 1
1117687 108472 1
1117687 1327368 1
6581 29799 1
6581 802507 1
6581 940741 1
621370 1439965 1
621370 1043037 1
208991 399769 1
208991 341551 1
202173 407716 1
620484 1444133 1
620484 1431141 1
620484 1134610 1
620484 1484594 1
620484 1425346 1
87151 257279 1
335542 1198878 1
335542 1030315 1
335542 1030061 1
335542 418286 1
1063218 1373356 1
171356 779769 1
171356 393350 1
747972 786232 1
747970 862439 2
497595 1504595 1
497595 1372986 1
497595 1440624 1
497595 559879 1
15412 280339 1
15412 82286 1
302846 1527843 1
554955 919424 1
834034 1453502 1
378353 599820 1
378353 605384 1
378353 838536 1
378353 898990 1
378353 1022074 1
366917 1418535 1
86014 797539 1
86014 710724 1
86014 1054818 1
206103 301804 1
206103 1248351 1
206103 804683 1
560668 749713 1
819142 970063 1
245173 480579 1
245173 757716 1
318801 1348561 1
318801 1460024 1
318801 1403547 1
1273554 1450173 1
818617 1146039 1
606391 637214 1
424072 575319 1
255914 1299507 1
1312336 1346162 1
504633 1268505 1
504633 936815 1
898994 901327 1
1138966 1019094 1
735516 1477193 1
735516 1413576 1
57629 902199 1
57629 935628 1
848174 1139805 1
428362 436801 1
593522 1171190 1
219725 594671 1
616179 902748 1
616179 940762 1
533536 593463 1
209273 229170 1
524783 1135901 1
524783 1400510 1
744230 1368728 1
382330 773500 1
124024 1047726 2
124024 661158 2
124024 899567 2
124024 420402 3
494479 823757 1
93416 593603 1
93416 469494 1
93416 676634 1
1354155 1502150 1
767019 790466 1
376973 765101 1
376973 760927 1
320783 1325954 1
605713 1511131 2
592230 593945 1
592230 994503 1
592230 981920 1
1036344 1438624 1
519886 802737 1
387302 1212681 1
943009 1087155 1
1288972 1438183 1
4674 660706 1
4674 1440944 1
707973 1382377 1
93309 214810 1
1052701 1281750 1
244649 1518157 1
244649 1417339 1
244649 1351499 1
244649 339224 2
638229 1253358 1
622234 899735 1
622234 1469705 1
203298 381647 1
275781 399766 1
275781 1468521 1
491198 797944 1
391399 602451 2
391399 855359 2
391399 469100 1
391399 493012 3
391399 1257411 2
391399 422056 1
391399 1240179 1
391399 488839 2
391399 913296 1
391399 1208991 1
391399 1082835 1
391399 462080 1
391399 1317196 1
391399 983033 1
391399 1194476 1
31208 161223 1
31208 960622 1
31208 1224447 2
175687 354975 1
53624 222669 1
346423 480579 1
1433378 1436668 1
254057 1413235 1
254057 1049768 2
254057 634231 2
254057 945808 4
481104 1382610 1
162651 511557 1
9786 618547 1
270268 306239 2
223999 916097 1
243585 1017582 1
243585 315652 1
243585 373936 1
269385 1368728 1
269385 541900 1
280039 705717 1
437451 1523611 1
437451 459294 1
437451 537077 1
2935 821915 1
2935 1237761 1
53534 231836 1
80919 476597 1
496432 1225998 1
902199 935628 1
280101 1270033 1
280101 483517 1
534147 1040133 1
1029251 1450173 1
1029251 1273554 1
1145116 1259871 1
37331 1049986 1
68973 269385 1
68973 1368728 1
68973 154896 1
68973 541900 1
1189141 1200991 1
601505 720865 2
142557 1178547 2
142557 707973 2
768348 1195420 1
822151 1003003 1
822151 1294943 1
3161 212824 1
3161 723280 1
976415 1361656 1
845395 1188449 1
1232836 1314776 1
102055 506231 1
102055 1049678 1
815531 848591 1
115353 243585 1
115353 1017582 1
115353 315652 1
115353 373936 1
212053 216807 1
583292 1217468 1
14169132 14169133 1
27632 508195 1
27632 191192 1
15393 907466 1
537044 1379310 1
1417339 1518157 1
492339 1260343 1
492339 610982 1
519573 862439 1
851367 882045 1
1443216 1456585 1
207199 475962 1
993271 1287696 1
993271 1073338 1
191986 1124218 1
263882 826729 1
263882 394492 1
312430 1198656 1
1144712 1156565 1
1144712 1402330 1
638221 990848 1
228950 602451 1
228950 855359 1
228950 488839 1
228950 493012 1
228950 351562 1
228950 913296 1
228950 1208991 1
228950 391399 1
228950 462080 1
228950 1317196 1
120884 799045 2
1136250 1285987 1
249250 1425277 1
249250 823757 1
249250 562635 1
338453 478747 1
338453 1010749 1
199852 1368728 1
199852 744230 1
714873 848768 1
103083 1233632 2
8271 233310 1
171787 1540831 2
171787 1063164 2
28948 949907 1
234713 283204 1
234713 1458082 1
842095 1352930 1
435799 1540980 1
435799 1084246 1
435799 660834 1
360978 502163 1
360978 1076168 1
1250210 1271153 1
1348561 1403547 1
497564 507972 1
859491 1447310 1
328470 640688 1
560699 1198162 1
560699 1326984 1
1146628 211731 4
1146628 754643 3
1146628 140210 4
145126 14169160 1
726059 1023777 1
726059 780622 1
230433 1497622 1
230433 660116 2
230433 425115 2
230433 346013 1
230433 249417 1
20517 89275 2
872172 1524656 2
861687 1039264 1
121222 1054091 1
74397 568945 1
74397 457186 1
74397 491616 1
713875 791177 1
821304 911006 1
457097 566588 1
1203828 1393215 1
422056 855359 1
422056 488839 1
422056 493012 1
422056 1257411 1
422056 1240179 1
422056 1082835 1
422056 1194476 1
599820 605384 1
582644 628542 1
392761 679243 1
902748 940762 1
134357 1000680 1
134357 1289314 1
247878 414192 1
231381 981920 1
587547 899958 1
470782 476477 1
232383 960674 1
418174 453424 1
418174 1409200 1
275773 595399 1
275773 348409 1
275773 636853 1
29229 909052 1
40996 821265 1
40996 1274382 1
342181 522001 1
342181 1387690 2
342181 562778 2
342181 403261 1
342181 1469945 3
342181 369603 1
336280 1523611 1
336280 404764 1
336280 459294 1
336280 437451 1
336280 537077 1
303782 431836 1
175477 187833 1
175477 543781 1
175477 1032774 1
175477 1393215 1
175477 1523070 1
175477 1004691 2
42133 449681 1
42133 759004 1
42133 391775 1
42133 269145 1
42133 556568 1
119924 258065 2
105493 1294815 1
849295 1179170 1
480579 757716 1
605981 1027521 1
53526 1050833 1
285859 312826 2
285859 488393 2
285859 412623 1
561035 1390038 1
246259 633003 1
571183 1388079 1
571183 965368 1
636899 1212135 1
269719 921628 1
269719 1115226 1
269719 843997 1
1029546 221755 1
1029546 988979 1
1029546 1481750 1
828190 1538708 1
673393 973877 1
673393 1005344 1
788492 831923 1
178687 1192601 1
209866 1244929 1
30316 334352 1
471234 639375 1
115031 623595 1
115031 339806 1
106757 171787 1
106757 1540831 1
106757 1063164 1
570104 1341287 2
570104 1525939 1
123716 243062 1
123716 471619 1
123716 541900 1
299724 1369487 1
122106 201018 1
237446 1151404 1
237446 803283 1
237446 365181 1
237446 635937 1
655601 841821 2
849450 1338984 1
29799 802507 1
29799 940741 1
546544 1100393 1
524907 1243778 1
283204 1458082 1
388007 762537 1
242407 1405386 1
453424 1409200 1
907554 1093497 1
1385403 738621 2
228306 248994 1
628542 973744 1
610982 1260343 1
226267 1126282 1
226267 1211523 1
1264331 1428477 1
1264331 1387438 1
1047486 1304267 1
229431 1305810 1
229431 762785 1
229431 789442 1
267240 1316087 1
1292617 1353714 1
72733 214810 2
72733 93309 1
262363 1206554 1
457308 753311 1
28201 1029327 1
506070 827558 1
