634774 1222276 1
276199 1538819 1
276199 1528701 1
276199 368495 1
276199 1365104 1
276626 977530 1
467543 1409449 1
467543 894203 1
467543 507163 1
101765 708192 1
101765 945893 1
202548 1193596 1
181343 557823 1
285473 838536 1
285473 471290 1
285473 378353 1
285473 395897 1
285473 411771 1
521226 828742 1
1258233 1450120 1
74831 1395093 2
74831 1021488 1
74831 916768 1
74831 296427 3
74831 541900 1
286944 1238713 1
286944 491207 1
921890 1054091 1
561176 1229772 1
561176 1449800 1
561176 970353 1
561176 1036114 1
512984 654746 1
512984 618938 1
512984 808729 1
512984 557510 1
366100 868499 1
23841 523192 1
241188 643515 1
154095 279985 1
1249084 1500625 1
1249084 1396738 1
65875 110129 1
177311 207078 1
177311 858520 1
535581 1115949 1
535581 537154 1
720865 1193943 1
64875 223999 1
1109423 1448593 2
1109425 1163738 1
104666 1339007 1
104666 590013 1
104666 1213292 1
260459 1204125 1
888567 1137748 1
476597 591195 1
200412 1397426 2
293369 361616 1
293369 952795 1
878272 1246655 1
878272 1273025 1
65500 373048 2
237708 252296 1
392028 979049 1
392028 1233379 1
235565 342996 1
235565 344364 1
139188 302508 1
139188 1333734 1
613524 1339916 1
908071 1428781 1
124355 850002 1
124355 805148 1
124355 908071 1
124355 1428781 1
1235785 1368728 1
870501 1256024 1
870501 1427750 1
18451 510544 1
520019 848346 1
101833 700249 1
101833 317837 1
101833 506686 1
172308 688426 1
823959 1237858 1
509900 557132 1
63594 478602 1
63594 1048140 1
113778 554044 1
113778 1242110 1
113778 364344 1
113778 174690 1
128050 961656 1
523596 1097462 1
523596 1342865 1
523596 921446 1
141058 879962 1
209144 773120 1
512052 645740 2
512052 911717 1
552839 647966 1
805148 850002 1
805148 908071 1
805148 1428781 1
1131182 1494652 1
1131182 1462010 1
1035736 1453708 1
1035736 1345708 1
853925 1118514 1
824856 859704 1
102009 786757 1
102009 537449 1
102009 929753 1
561007 603585 2
561007 873797 2
561007 1383983 1
247315 408445 1
1247321 1442111 1
416630 689316 1
416630 1457912 1
416630 973534 1
416630 717454 1
416630 1253535 1
1005825 1346097 1
1005825 1175143 1
204266 258354 1
708252 1442253 1
534615 1095295 2
1214572 1350519 1
479656 1426157 1
860021 1215785 1
860021 1089813 1
860021 1122851 1
792848 1404751 1
792848 1133531 1
793642 1479766 1
447752 560665 2
447752 481055 1
447752 1068075 1
296427 1395093 2
296427 499903 1
296427 963489 1
111050 1039940 1
470335 992262 1
470335 995430 1
179984 826879 2
179984 1144712 2
179984 508780 1
317650 364744 1
317650 511445 1
317650 900775 1
317650 1525340 1
368495 1538819 1
368495 1528701 1
368495 1365104 1
178216 447160 1
178216 514951 1
660546 790739 2
851693 1073360 1
1157615 1382588 1
1157615 1187457 1
189969 319768 1
801641 805234 1
175648 1493079 1
175648 1070832 1
756657 887760 1
333755 802297 1
571282 805232 1
571282 1414894 1
571282 634535 1
571282 926028 1
571282 1379418 1
571282 1319969 1
571282 926342 1
571282 1142136 1
1197189 1346785 1
273808 584456 1
273808 1484567 1
960378 1221209 1
116265 1275612 1
116265 890874 1
116265 1034150 1
1502624 1534359 1
556141 945097 1
147454 326933 1
147454 595999 1
147454 499257 1
206241 289599 1
634019 932648 1
50708 1451038 2
417348 515932 1
417348 750853 1
106433 253905 1
384486 1027864 1
77978 437332 1
77978 547414 1
77978 361615 1
1442361 1518202 1
212145 947462 1
357990 949631 1
195680 661946 2
91683 470359 1
977701 1357515 1
977701 1354795 1
977701 1232471 1
480980 767019 1
702251 1093576 1
537154 1115949 1
1374928 1442565 1
545782 1178547 1
545782 707973 1
291510 1453708 1
291510 442635 2
291510 315603 1
291510 1035736 2
151143 1527217 1
213142 537449 1
213142 433515 1
590194 1468359 1
590194 1083983 1
119046 992262 1
119046 470335 1
786757 929753 1
308317 847055 1
308317 367506 1
351226 1449541 1
351226 1487856 1
351226 478173 1
111944 771306 1
111944 1266065 1
180757 1229540 1
180757 854297 1
180757 922106 1
180757 230539 1
541306 996623 1
812723 976627 1
180179 1518157 1
546829 697386 1
72412 364550 1
72412 152543 1
72412 276394 1
72412 715649 1
1232471 1357515 1
1232471 1354795 1
468594 608179 2
241195 628841 1
673023 811574 1
673023 780695 1
190812 350093 2
190812 738750 3
190812 1126963 1
190812 1110623 1
308004 654273 1
159547 782586 1
968337 1055213 1
968337 1042237 1
968337 1039941 1
412623 533158 1
412623 862439 3
412623 844075 2
412623 747970 2
412623 443677 1
405723 613138 1
261933 921648 2
100177 630641 1
214060 886627 1
214060 452182 1
500850 1388156 1
189584 871268 1
189584 1142136 1
189584 269719 1
189584 1027809 1
189584 470762 1
189584 1291853 1
167724 457591 1
167724 881718 1
1292407 1402433 1
308266 714324 1
308266 683703 1
828503 1353577 1
755679 838536 1
755679 893909 1
603585 873797 2
603585 1383983 1
266906 1351471 1
266906 317016 1
266906 759187 1
266906 442647 1
67804 1401720 1
1098859 1292407 1
1098859 1402433 1
1282401 1351924 1
801474 1062240 1
951881 1172250 1
1036555 1434864 2
309196 1111150 1
525992 1247321 1
149216 415140 1
185718 990260 1
1013805 1307263 1
100003 353552 1
100003 433983 1
64606 535581 1
64606 74581 1
64606 1115949 1
64606 537154 1
205415 314208 1
205415 539790 1
975495 1188293 1
850002 908071 1
850002 1428781 1
39919 776653 1
39919 851693 1
39919 1073360 1
39919 719850 1
39919 503991 1
740900 1169959 1
49576 138446 1
49576 269719 1
49576 189584 1
905413 1185720 1
1205186 1351471 1
332377 1365300 1
332377 990613 1
332377 1356145 1
332377 422978 1
332377 719912 1
332377 609845 1
332377 1502624 1
332377 607616 1
332377 1534359 1
332377 892354 1
332377 975266 1
571777 670173 1
1054096 1495002 1
152543 364550 1
152543 276394 1
152543 715649 1
135759 1163715 1
135759 223085 1
911967 1171293 1
349430 578063 1
1100393 1452869 1
854297 1229540 1
854297 922106 1
157064 454660 1
157064 424658 1
157064 1171293 1
157064 911967 1
253384 1444528 1
407509 1491524 1
301949 1237858 1
38512 1525025 1
38512 237260 1
38512 1443534 1
772518 1391282 1
772518 839703 1
772518 902084 1
846298 1412799 1
568029 599622 1
12220 703424 1
12220 314291 1
41170 291510 1
41170 647970 1
41170 268430 1
41170 315603 1
996611 1154283 1
364498 1235785 1
364498 1440462 1
364498 596236 1
364498 1368728 1
364498 628080 1
364498 433819 1
252934 703424 1
252934 314291 1
1494150 1530532 1
682491 771559 1
269737 402229 1
269737 1120181 1
683703 714324 2
510808 1186090 1
510808 732607 2
416628 1497583 1
218413 1476712 1
218413 758489 2
71636 637559 1
450073 827558 1
419420 1513055 1
529844 678797 1
41770 74831 2
41770 296427 1
2870 1107549 1
334117 1262902 1
334117 515535 1
334117 863491 1
666010 1152622 1
1132507 1329707 1
432654 786342 1
398703 1207018 1
454825 1523135 1
197066 537295 1
17830 1014728 1
799734 1188871 1
769484 832372 2
207078 858520 1
805557 870233 1
474439 736971 1
397357 991549 1
401919 617776 1
401919 1420131 1
268283 737728 1
268283 309776 1
137674 1270100 1
346385 431693 1
346385 865266 1
346385 431532 1
67378 517621 1
67378 1105873 1
8624 331854 1
8624 1494451 1
8624 972991 1
67377 561908 1
67377 441521 1
1229772 1449800 1
659607 791555 1
659607 1503650 1
399724 1063923 1
220844 1098053 1
220844 265148 1
220844 396199 1
508125 917137 1
508125 869980 1
955072 1523070 1
31208 1068528 1
31208 960622 1
31208 161223 1
174690 554044 1
174690 1242110 1
174690 364344 1
137521 291114 1
692453 14146003 1
894813 1162142 1
316286 508125 1
316286 917137 1
316286 869980 1
433983 626013 1
433983 914923 1
433983 475962 1
230070 603585 2
230070 873797 2
230070 1383983 1
230070 399766 2
230070 561007 2
1140442 1285155 1
1140442 1403386 1
213170 1068736 1
187396 1015358 1
187396 1058466 1
187396 407586 1
187396 653929 1
187396 582621 1
896091 1103559 1
896091 1192703 1
1413796 1523135 1
354421 1204258 1
566153 634535 1
77108 133240 1
442577 1126733 1
190910 263090 1
435532 1260915 1
1068905 1256122 1
1068905 1196145 1
273382 443244 1
838799 1064027 1
66883 647970 1
66883 625022 1
66883 651673 1
66883 592733 1
74921 298181 1
74921 1530207 1
398452 977701 1
398452 878533 1
398452 528583 1
398452 438370 1
22247 1193348 1
22247 1298202 1
671855 974973 1
66796 230433 1
1226236 1513630 1
55031 1240191 1
55031 57922 1
55031 526172 1
1273138 1475045 1
318263 1271264 1
318263 1514407 1
532604 956002 1
453128 977423 1
453128 974101 1
453128 793167 1
1169198 1439996 1
424268 1200346 1
306617 567406 1
306617 1295759 1
240632 595209 1
1333893 1421800 1
124690 805232 1
124690 317016 1
124690 1414894 1
124690 634535 1
124690 926028 1
124690 1379418 1
124690 515041 1
124690 1142136 1
124690 1319969 1
124690 926342 1
124690 571282 1
377155 1028225 1
21127 64287 1
21127 696807 1
448615 997982 1
515041 805232 1
515041 1414894 1
515041 634535 1
515041 926028 1
515041 1379418 1
515041 1142136 1
515041 1319969 1
515041 926342 1
515041 571282 1
184605 847055 1
184605 367506 1
184605 308317 1
148323 673574 1
295870 414726 1
295870 416628 2
295870 712475 1
295870 1497583 1
295870 1047578 1
153487 830290 1
583951 1347440 1
415146 422422 1
1097462 1342865 1
716653 1358615 1
16833 359123 1
1022842 1094877 1
457591 881718 1
152849 1386663 1
152849 214738 1
152849 1443091 1
152849 1188778 1
514699 679765 1
200545 488428 2
1321315 1363781 1
494767 658797 1
666688 853778 1
454318 604630 1
270550 536431 1
270550 1529175 1
270550 981813 1
1129696 1217767 1
1129696 1279582 1
204049 398819 2
204049 1039934 2
1177623 1262102 1
172361 648932 1
1256024 1427750 1
386873 1092931 1
386873 813699 1
801318 1063662 1
406829 826029 1
972291 1119590 1
890874 1275612 1
890874 1034150 1
75276 201978 1
984430 1153634 1
128702 363154 1
310193 1129443 1
321586 844075 1
321586 412623 1
787961 1508669 1
860485 1513207 1
628730 1468456 1
628730 929309 1
483321 621370 1
483321 555301 1
483321 618936 1
483321 838349 3
483321 1020076 1
483321 1086025 1
530747 715625 1
530747 970438 1
490934 1515821 1
1287591 1334815 1
325503 622234 1
364550 715649 1
775697 965596 1
775697 1002278 1
8854 227997 1
8854 390404 1
8854 9786 1
663012 900990 1
663012 1180115 1
1076438 1124435 1
27808 358928 1
27808 499853 1
27808 261707 1
27808 1009520 1
27808 460375 1
27808 350010 1
27808 514790 1
27808 1149065 1
27808 255468 1
27808 656815 1
159887 1469852 1
159887 630758 1
932870 1056419 1
932870 966101 1
932870 1061140 1
408409 562163 1
147092 969811 1
147092 243315 1
158916 329063 1
34885 80540 1
34885 461978 1
1043037 1439965 1
115462 639906 1
665469 827558 2
665469 795196 1
1034150 1275612 1
59010 423242 1
59010 104627 1
59010 794234 1
20485 1527135 1
621217 1345516 1
447425 815608 1
1099128 1315922 1
39371 671224 1
170124 333755 1
170124 802297 1
399736 940670 1
256652 1257574 1
1055462 1109309 1
369291 819695 1
183395 921455 1
183395 226836 1
183395 400884 1
811162 1499994 1
725264 769749 1
662166 835189 1
118796 1188871 1
118796 799734 1
132788 1351471 1
132788 317016 1
132788 266906 1
132788 442647 2
132788 759187 1
51459 1135049 1
351207 1284095 1
414726 1497583 1
414726 416628 1
478173 1449541 1
478173 1487856 1
979475 1500625 1
979475 1172220 1
979475 1396738 1
979475 1249084 1
526172 1240191 2
581365 970102 2
581365 962465 1
330159 1117687 1
361616 952795 1
361615 437332 1
361615 547414 1
1246655 1273025 1
126802 705179 1
126802 433819 1
216918 1315922 2
606225 866651 1
1122851 1215785 1
160867 348631 1
497526 1102502 1
189389 619774 1
314291 703424 3
314291 1048105 1
1066884 1105881 1
72507 1271264 1
72507 1514407 1
72507 318263 1
774152 1315688 1
72508 435183 1
589226 798090 1
6766 1271970 1
331854 1494451 2
331854 972991 1
758458 1468456 2
680257 739066 1
130789 305747 1
571521 1495620 1
423273 596236 1
150036 197773 1
150036 1076255 1
371687 941509 1
298032 579314 1
298032 524722 1
1194383 1312111 2
359776 727869 1
359776 865026 1
109481 454839 1
109481 464086 1
320978 785607 1
245879 970387 1
507821 813600 1
507821 814370 1
776653 851693 1
776653 1073360 1
686711 1078908 1
140629 903348 1
205092 1382588 1
205092 299628 1
205092 1187457 1
205092 935651 1
205092 1157615 1
193526 1382993 1
193526 1016956 1
193526 1014085 1
935651 1382588 1
935651 1187457 1
935651 1157615 1
120884 799045 1
39979 1439996 1
39979 431513 1
39979 276394 3
39979 715649 1
39979 78215 1
39979 72412 1
39979 71716 1
39979 152543 1
39979 364550 1
39979 445749 1
39979 1169198 1
1053823 1523135 1
1053823 1413796 1
302508 1333734 1
633482 651247 1
832468 1279582 1
832468 1217767 1
832468 1129696 1
305734 1056858 1
173574 1000736 1
1163738 1405125 1
324196 775697 1
324196 560541 1
140999 794033 1
260790 1194254 1
199159 1175747 1
64482 891213 1
64482 1285858 1
64482 269693 1
26050 229549 1
42316 1466189 1
42316 1084024 1
42316 717283 1
673574 877049 1
552409 1078743 1
552409 801727 1
231839 1294815 1
231839 628080 1
1180920 1247321 1
1180920 1442111 1
1028025 1096466 2
805314 1081408 1
1229296 1267064 2
135954 893605 1
135954 275274 1
49888 967679 1
231836 589976 1
231836 593879 1
52564 173806 1
802507 998240 1
451619 1502558 1
1213292 1339007 1
853496 1440693 1
94103 661153 1
94103 1081826 1
94103 624899 1
94103 328930 2
175793 267614 1
235244 1043500 1
57424 1490341 1
499903 849122 1
499903 963489 1
707993 823757 1
538976 542522 1
528749 1491167 1
841747 1421796 1
841747 1391091 1
841747 891887 1
14673 191192 1
871710 1520126 1
871710 1434864 1
871710 1036555 1
1449541 1487856 1
788341 962287 1
395023 959374 1
395023 595513 1
991431 1103392 1
597275 1330686 1
1133531 1404751 1
138414 871268 1
138414 1291853 1
138414 138446 1
138414 1027809 1
138414 470762 1
138414 1142136 1
138414 189584 1
237260 1525025 1
237260 1443534 1
1386663 1443091 1
416633 982991 1
793832 888529 1
400884 921455 1
804683 1357515 1
804683 977701 1
804683 1354795 1
804683 1232471 1
557132 560153 1
557132 611383 2
789504 822526 1
789504 1086224 1
789504 1362749 1
290167 648396 1
614120 1475683 1
614120 730969 1
1379418 1414894 1
168236 710035 1
936167 1380733 1
269822 556141 1
269822 372368 1
269822 945097 1
981813 1529175 1
692729 832282 1
970353 1229772 1
970353 1036114 1
970353 1449800 1
108472 912506 1
108472 173433 1
108473 1212681 1
14323 88066 1
14323 1492352 1
940670 1056502 1
1056311 1123180 1
892354 1365300 1
892354 990613 1
892354 1356145 1
892354 1502624 1
892354 1534359 1
892354 975266 1
656519 900942 1
763710 1310890 1
763710 1311861 1
763710 1505170 1
403055 1011142 1
403055 458344 1
256646 667680 1
71760 237601 1
314407 819799 1
445749 1169198 1
445749 1439996 1
137949 166599 1
144570 507972 1
144570 557510 1
144570 618938 1
144570 808729 1
144570 176942 1
144570 325007 1
144570 223085 1
144570 497564 1
144570 512984 1
144570 423566 1
144570 156156 1
144570 654746 1
111373 347584 1
609845 1365300 1
609845 990613 1
609845 1356145 1
609845 719912 1
609845 1502624 1
609845 1534359 1
609845 892354 1
609845 975266 1
169304 444104 1
1193348 1298202 1
843997 1099128 1
843997 1315922 1
612762 1518157 1
612762 1280168 1
92507 1231336 1
562635 823757 2
771306 1266065 1
462080 534925 1
462080 922623 1
462080 1257411 1
353552 433983 1
196227 790318 1
196227 954818 1
196227 1477057 1
234037 476661 1
234037 822505 1
234037 541953 1
350093 738750 1
350093 1126963 1
350093 1110623 1
73117 923384 1
73117 120738 1
838622 994629 1
653929 1058466 1
653929 1015358 1
47006 432060 1
415952 501786 1
415952 1129412 1
826511 862899 1
221189 1428988 1
221189 386816 1
452182 886627 1
665633 1511131 1
311057 812647 1
838536 893909 1
431721 514790 1
431721 1454699 1
431721 1461898 1
431721 453773 1
19621 1247321 1
19621 1180920 1
19621 1442111 1
19621 751685 1
592733 625022 1
592733 1494347 1
776310 1096764 1
776310 1511131 1
834459 1413295 1
485460 868034 1
485460 1109309 1
485460 1055462 1
467456 686318 1
524722 579314 1
286052 314854 1
286052 829403 1
286052 561334 1
738686 763964 1
405040 848395 1
276394 1439996 1
276394 431513 1
276394 715649 1
276394 1169198 1
276394 445749 1
276394 364550 1
706234 952395 1
315114 1262902 1
315114 515535 1
315114 863491 1
315114 334117 1
55651 1296035 1
55651 161871 1
55651 977701 1
55651 804683 1
55651 1357515 1
55651 525665 1
55651 103015 2
55651 1354795 1
55651 1232471 1
368694 566849 1
676915 772188 1
397859 680418 1
88066 180251 1
88066 1492352 1
1365104 1538819 1
1365104 1528701 1
60260 431310 1
755736 972945 1
990613 1365300 1
990613 1534359 1
990613 1356145 1
990613 1502624 1
454839 464086 1
58024 965271 1
830363 1367042 1
311224 1368597 1
311226 860488 1
1013859 1258474 1
377089 407509 1
377089 1491524 1
793167 977423 1
793167 974101 1
82379 176301 1
82379 286872 1
325271 824856 1
325271 859704 1
302513 1239198 1
376686 1393409 1
376686 419379 1
926028 1414894 1
926028 1379418 1
926028 926342 1
926028 1142136 1
926028 1319969 1
510494 1465975 1
766436 1323393 1
766436 1501893 1
130117 454286 1
560665 1068075 1
598726 653987 1
598726 784865 1
514790 1149065 1
514790 656815 1
514790 1009520 1
1528701 1538819 1
515535 1262902 1
515535 863491 1
628080 1368728 1
628080 1235785 1
628080 1294815 1
628080 1366894 1
17180 117508 1
533536 593463 1
104114 476448 1
2711 945097 1
2711 556141 1
2711 372368 1
2711 269822 1
2711 107594 1
1002278 1465885 1
799343 985854 1
535275 1335300 1
878345 1455323 1
1020773 1029339 1
386816 1428988 1
10697 686711 1
269693 891213 1
269693 1285858 1
269693 660549 1
265176 1238126 1
470998 560080 1
434908 680977 1
434908 1405115 1
68218 606834 1
658909 855166 1
891213 1285858 1
215985 339748 1
1076926 1249865 1
1221349 1471966 1
380380 524907 1
756856 1221347 2
560270 749110 1
560270 955892 1
271373 949951 1
271373 608516 1
3711 549053 1
1828 390404 1
1636740 14088700 1
636602 787908 1
836756 1236754 1
836756 862115 1
107594 945097 1
107594 556141 1
107594 372368 1
107594 269822 1
162780 261551 1
162780 623031 1
326933 595999 2
326933 499257 1
71157 1084182 1
71157 764413 1
71157 223085 1
71157 1469398 1
1310890 1311861 1
1310890 1505170 1
1042237 1055213 1
1196145 1256122 1
426210 537792 1
9387 80540 3
9387 34885 1
57922 1240191 1
57922 526172 1
718448 1290024 1
798 25795 1
798 775697 1
1049678 1119581 1
794234 818860 1
119316 1541185 1
119316 1435734 1
860840 1177623 1
860840 1262102 1
275274 893605 1
584249 1236048 1
113059 1150309 1
11124 634206 1
1095110 1294943 1
541900 1050833 1
541900 657153 2
541900 708916 1
151747 449526 1
151747 771559 1
151747 682491 1
429127 491543 1
207138 665557 1
229281 239765 1
229281 1346097 1
948938 1123452 1
44376 471178 1
935086 1067374 1
175996 838799 1
175996 1064027 1
88521 1048156 1
88521 411846 1
88521 1142122 1
88521 318810 1
88521 431053 1
88521 908082 1
331152 383536 1
331152 537792 1
202034 956029 1
180715 1025407 1
369169 1020076 1
369169 838349 1
369169 483321 1
257614 1336749 1
257614 738750 1
313032 1014171 1
385087 541422 1
77807 1298221 1
77807 1342775 1
77807 710724 1
267837 720806 1
267300 1353714 1
816223 1401668 1
549370 1313079 1
183626 939188 1
189142 412742 1
189142 548047 1
189142 350661 1
26520 437302 1
26520 1097462 1
26520 1342865 1
26520 921446 1
26520 523596 1
319272 665869 1
758508 1198521 1
758508 768701 1
758508 1035282 1
245582 1181458 1
100135 665633 1
82415 589976 1
82415 231836 1
624376 991965 1
624376 648032 1
28894 1538819 1
28894 276199 1
28894 128402 1
28894 1528701 1
28894 1365104 1
28894 368495 1
881452 1015087 1
1027388 1455064 1
1027388 1516447 1
31944 1122081 1
32590 1523135 1
32590 454825 1
32590 340329 1
86260 1229540 1
86260 854297 1
86260 180757 1
86260 922106 1
86260 230539 1
27100 1221209 1
801967 840680 1
353692 370136 1
838349 1020076 1
838349 871268 1
838349 1067374 1
838349 1142136 1
838349 935086 1
532125 692440 1
1285155 1403386 1
141246 505683 1
141246 418905 1
654917 1280293 1
764641 778197 1
764641 1066922 1
499853 1149065 1
499853 514790 1
499853 656815 1
499853 1009520 1
413829 1513451 1
331949 938259 1
93397 319272 1
93397 665869 1
536246 1099174 1
10829 1451682 1
10829 136887 1
148093 747197 2
148093 243284 1
148093 711859 1
550484 1032366 1
926342 1414894 1
926342 1379418 1
926342 1142136 1
926342 1319969 1
195272 231749 1
673550 1134816 1
148286 396756 2
967638 1125684 1
135555 907023 1
135555 634530 1
1319969 1414894 1
1319969 1379418 1
293038 961273 1
293038 1081885 1
293038 1046452 1
404303 1523070 1
404303 508477 1
396955 678100 1
962465 970102 1
708192 945893 1
211270 1409449 1
211270 894203 1
211270 507163 1
211270 230481 1
211270 467543 1
1175143 1346097 1
661422 758489 1
208587 812084 1
208587 916236 1
427401 651278 1
61907 862899 1
61907 826511 1
265148 1098053 1
265148 396199 1
1046452 1081885 1
973534 1253535 1
973534 1457912 1
737630 792848 1
737630 1404751 1
737630 1133531 1
567067 1270821 1
558016 783169 1
558016 740082 1
891887 1421796 1
891887 1391091 1
790318 954818 1
790318 1477057 1
499924 928068 1
699789 1241378 1
168144 257353 1
805428 975258 1
488487 523614 1
139890 386879 1
139890 256584 1
139890 260026 1
106697 899373 1
539177 762216 1
539177 948938 1
539177 1123452 1
3474 1480175 1
172085 189969 1
172085 319768 1
575106 875506 1
575106 1130414 1
255758 378353 1
231811 1525257 1
875506 1130414 1
249487 1273138 1
249487 1475045 1
442809 653617 1
470762 871268 1
470762 1027809 2
470762 1142136 1
470762 1291853 1
18406 619774 1
278541 800610 1
33375 1248073 1
33375 151300 1
33375 178625 1
615295 923384 1
719850 776653 1
719850 851693 1
719850 1073360 1
176942 557510 1
176942 618938 1
176942 808729 1
176942 223085 1
176942 512984 1
176942 423566 1
176942 654746 1
71412 1249865 1
71412 1076926 1
363154 377604 1
367254 932870 1
367254 1056419 1
367254 966101 1
367254 686273 1
108674 276394 1
453773 514790 1
129178 1221377 1
157754 314208 2
157754 205415 1
157754 539790 1
157754 1058840 1
1443534 1525025 1
343297 515041 1
1362363 1383988 1
403312 546829 1
403312 697386 1
626013 914923 1
626013 652398 2
655317 666221 1
347457 642681 1
1280168 1518157 1
248994 778927 1
248994 1523070 2
248994 404303 2
248994 1393215 1
482685 633803 1
83378 943478 1
14146039 226587 1
14146039 1335502 1
437332 547414 1
427478 563759 1
1110623 1315922 1
1110623 1126963 1
14146032 939541 1
171445 416630 1
171445 689316 1
171445 973534 1
171445 717454 1
171445 1253535 1
171445 1457912 1
312323 502645 1
502084 693962 1
1298221 1342775 1
938586 1388419 1
137966 1251160 1
178625 1248073 1
495622 1210236 1
128978 519878 1
1177852 1210437 1
169369 460468 2
662737 719149 1
804642 811219 1
804642 1285155 1
804642 836525 1
804642 1403386 1
804642 1140442 1
279148 1196485 1
208932 1262902 1
208932 515535 1
208932 315114 1
208932 863491 1
208932 334117 1
427622 447040 1
556247 969113 1
238955 853778 1
238955 666688 1
507163 894203 1
507163 1409449 1
156156 557510 1
156156 618938 1
156156 808729 1
156156 176942 1
156156 223085 1
156156 512984 1
156156 423566 1
156156 654746 1
540570 1407571 1
91724 1020076 1
91724 369169 1
91724 838349 1
91724 161365 1
91724 483321 1
887521 1523135 1
887521 1053823 1
887521 1413796 1
72442 150036 1
72442 197773 1
72442 1076255 1
383536 537792 1
131425 173654 1
954818 1477057 1
1364885 1422222 1
1364885 1478389 1
165064 284622 1
272218 846416 1
759043 1004129 1
759043 1083208 1
711859 747197 1
28608 500331 1
35076 353552 1
819820 843441 1
1017339 1396154 1
145600 325383 1
358928 499853 1
358928 656815 1
358928 1009520 1
358928 460375 1
358928 514790 1
358928 1149065 1
978376 1179022 1
498065 994271 2
922106 1229540 1
961273 1081885 1
961273 1046452 1
127982 378353 1
127982 186678 1
713610 832626 1
82286 280339 3
124883 838536 1
124883 469969 1
124883 755679 1
124883 893909 1
715531 1469445 1
312486 322883 1
822526 1086224 1
822526 1362749 1
422978 1365300 1
422978 990613 1
422978 1356145 1
422978 719912 1
422978 609845 1
422978 1502624 1
422978 607616 1
422978 1534359 1
422978 892354 1
422978 975266 1
92703 871828 1
92703 363179 1
92703 169231 1
552095 604016 1
5990 1305211 1
131476 423242 1
423242 794234 1
43967 394892 1
43967 1383988 1
624899 1373876 1
351556 1068432 1
351556 693065 1
460771 1396738 1
460771 920633 1
460771 524515 1
460771 1249084 1
460771 1172220 1
460771 979475 1
460771 1500625 1
460771 644481 1
460771 818041 1
90841 175477 1
230539 1229540 1
230539 854297 1
230539 922106 1
263907 1461838 1
861792 962643 1
861792 1227926 1
618936 621370 1
618936 1086025 1
618938 654746 1
618938 808729 1
240987 728684 1
240987 673550 1
715625 970438 1
276737 406570 1
397947 918185 1
214810 707992 1
214810 311514 1
104355 167641 1
104355 119703 1
428500 1179420 1
428500 1277895 1
324380 762216 1
324380 948938 1
324380 539177 1
324380 1123452 1
656815 1149065 1
656815 1009520 1
492836 525759 1
372368 556141 1
372368 945097 1
442635 1453708 1
442635 1035736 2
339806 1018476 1
377043 1034401 1
117385 214680 1
117385 443677 1
470814 1248073 1
218074 633482 1
218074 616453 1
218074 651247 1
218074 427059 1
555301 805232 1
555301 621370 1
555301 618936 1
555301 1067374 1
555301 935086 1
555301 838349 1
555301 1086025 1
42364 83804 1
829093 831705 2
633803 1348354 1
104179 191132 1
104179 705546 1
1001074 1195073 1
154016 1291618 1
671443 1166296 1
120528 619774 1
514575 1297822 1
514575 786442 1
1414160 1517695 1
1277453 1414160 1
1277453 1517695 1
513529 628425 1
45199 225822 1
1004129 1083208 1
235877 1391091 1
76874 204266 1
76874 258354 1
215945 1247331 1
221858 325503 1
221858 622234 1
14146036 14146037 1
6262 195680 1
6262 123790 1
6262 661946 1
377604 468379 1
377604 944822 1
173433 848128 2
173433 992750 1
80287 945273 1
300364 571728 1
300364 442647 1
1137997 1362363 1
1137997 1383988 1
949604 1397609 1
70317 805232 1
70317 317016 1
70317 871268 1
70317 430550 1
70317 462527 1
70317 838349 1
70317 1142136 1
478362 775697 1
408201 1002005 1
794324 1190653 2
586861 967638 1
586861 1125684 1
390331 1246655 1
390331 878272 1
390331 1273025 1
427059 633482 1
427059 651247 1
427059 616453 1
130979 604630 1
675267 1150046 1
7374 925916 2
7374 217122 1
481055 560665 1
481055 1068075 1
48276 332777 1
48276 1115357 1
48279 1386663 1
627311 718860 1
627311 1468456 2
627311 929309 1
627311 628730 1
627311 758458 1
727467 969113 1
1354795 1357515 1
37395 1020093 2
718860 1468456 1
718860 758458 1
84502 715625 1
84502 530747 1
84502 970438 1
721379 1235028 1
186678 378353 2
186678 560665 1
186678 279003 1
186678 1340155 1
186678 447752 1
682572 1237593 1
469969 838536 1
469969 755679 1
469969 893909 1
121653 880331 1
388439 1317619 1
703424 1048105 1
467391 1242289 1
467391 1521943 1
467391 1367727 1
467391 608230 1
21249 1479766 1
21249 793642 1
21249 230433 2
21249 1339451 1
14169346 14169348 1
14169346 14169347 1
14169347 14169348 1
14169344 14169348 1
14169344 14169346 1
14169344 14169347 1
14169344 14169345 1
14169345 14169348 1
14169345 14169346 1
14169345 14169347 1
960622 1068528 1
751685 1247321 1
751685 1180920 1
751685 1442111 1
665423 761517 1
642046 800999 1
950476 990956 1
964562 1326557 1
900990 1180115 1
630712 854812 1
630712 1416722 1
274500 659538 1
275057 616290 1
568944 772188 1
568944 676915 2
268430 291510 3
268430 1453708 1
268430 442635 2
268430 315603 1
268430 1035736 2
727667 1476170 1
752481 889734 1
752481 1339013 1
137795 535198 1
171494 519858 1
430228 470998 1
430228 560080 1
229711 622159 1
4368 395023 1
4368 959374 1
4368 595513 1
342742 1347953 1
342742 1373754 1
243871 1389160 1
243871 429044 1
179908 1029339 1
179908 238421 1
179908 1020773 1
5645 157522 1
5645 1011142 1
5645 458344 1
5645 403055 1
29674 348827 1
531955 932568 1
626759 1054091 1
626759 921890 1
979231 1323339 1
5 1333893 1
395897 471290 1
395897 411771 1
111104 693065 1
111104 587023 1
111104 684683 1
449681 935607 1
677251 1530532 1
677251 1494150 1
177432 1537698 2
177432 862847 1
642369 1333179 1
1123499 1244774 1
12410 184802 1
15377 804642 1
15377 836525 1
15377 1140442 1
15377 676644 1
15377 581488 1
15377 811219 1
15377 1285155 1
15377 1403386 1
438370 977701 1
438370 878533 1
1448968 1452880 1
56399 742917 2
393305 1480610 1
22505 1497583 1
22505 295870 3
22505 1047578 1
22505 416628 2
22505 712475 1
22505 414726 1
1160070 1514283 1
1550520 301445 1
736264 1476712 1
551441 806994 1
228756 362490 1
228756 699789 1
228756 1241378 1
225947 328413 1
1203999 1339456 1
722238 1223616 1
217777 1178547 1
217777 531639 2
411846 1142122 1
603526 844438 1
603526 1396029 1
201351 856215 1
1444269 225056 1
340329 1523135 1
340329 454825 1
87595 1307150 1
87595 1403547 1
717283 1466189 1
717283 1084024 1
398339 619121 1
1307150 1403547 1
120738 403394 1
120738 844075 2
120738 412623 3
120738 321586 1
117804 834034 1
117804 1453502 1
56628 258065 1
1242289 1521943 1
1242289 1367727 1
493799 755948 1
139410 1354513 1
341195 371477 1
327679 14146042 1
389704 412623 2
258325 869563 1
258325 1450001 2
128402 1538819 1
128402 1528701 1
128402 368495 1
128402 276199 1
128402 1365104 1
519103 566849 1
734258 1259871 1
469576 689935 1
312788 1412273 1
49518 1382588 1
49518 1187457 1
49518 935651 1
49518 205092 1
49518 299628 1
49518 1157615 1
791555 1503650 1
536448 1052701 2
536448 1281750 2
392059 1145010 1
25529 832512 1
1393215 1523070 1
334990 739287 1
442647 1351471 1
442647 575797 1
442647 759187 1
442647 571728 1
754099 768275 1
4551 14989 1
4551 738183 1
101429 475962 1
744240 1031596 1
744240 1038034 1
96122 280449 1
402229 1120181 1
230303 843441 1
230303 819820 1
121484 123716 1
121484 541900 1
99563 1536906 1
99563 1216938 1
581488 804642 1
581488 836525 1
581488 1140442 1
581488 676644 1
581488 811219 1
581488 1285155 1
581488 1403386 1
682185 1506214 1
9888 357967 1
9888 1016919 1
9481 347206 1
13338 903157 1
13338 429149 1
74334 583676 1
74334 899567 1
269345 989239 1
965596 1002278 1
14989 575797 1
14989 70317 1
485767 745601 1
485767 1518801 1
42226 945893 1
538938 862115 1
791972 1290703 1
517320 830496 1
517320 873377 1
860187 1092385 1
396204 1076909 1
1179420 1277895 2
572639 955306 1
780695 811574 1
432214 875216 1
432214 897694 1
222669 396580 1
222669 457685 1
78215 431513 1
78215 276394 1
106034 767019 1
827558 862439 1
203046 959921 1
808550 1235851 1
719870 914458 1
363959 823355 1
1117646 1131367 1
280402 293369 1
280402 361616 1
280402 952795 1
844438 1396029 1
136040 315083 1
487269 808550 1
487269 1235851 1
226157 291207 1
9857 214141 1
9857 1468359 1
9857 310726 1
9857 590194 1
9857 1083983 1
391347 445118 1
243284 1434864 1
243284 1036555 1
243284 596942 1
243284 294315 1
243284 497017 1
243284 747197 1
11865 138703 1
11865 979491 1
11865 219016 1
37097 628841 1
37097 241195 1
566849 623491 1
380200 969484 1
588986 857796 1
202221 546829 1
202221 697386 1
202221 403312 1
541953 822505 1
493955 1374928 1
493955 1351675 1
493955 1442565 1
786442 1297822 1
197773 1076255 1
615361 1009585 1
123790 195680 2
123790 661946 2
938380 1227956 1
258065 944539 1
440939 1538551 1
103015 1354795 1
103015 977701 1
103015 804683 1
103015 1357515 1
103015 525665 1
103015 1232471 1
40645 218936 1
40645 969484 1
40645 380200 1
132536 275057 2
132536 136399 1
132536 616290 1
717454 1253535 1
717454 1457912 1
717454 973534 1
471619 993701 1
502466 1276363 1
502466 763876 1
560153 611383 1
129802 985836 1
129802 1232115 1
418905 785493 1
418905 505683 1
434064 1078908 1
434064 686711 1
28915 878499 1
778197 1066922 1
8429 1413295 1
317837 700249 1
317837 506686 1
238773 680257 1
238773 739066 1
381009 953789 1
433819 705179 1
433819 596236 1
433819 1341157 1
433819 1440462 1
787506 887564 1
787506 800079 1
169231 871828 1
5583 141246 1
22 766177 1
22 597303 1
22 1221622 1
50007 945643 1
481990 1269950 1
481990 1450387 1
385906 840716 1
385906 1370307 1
126768 767019 1
156043 1196869 1
156043 863168 1
328930 661153 1
328930 624899 1
143297 683509 1
526036 718448 1
526036 1290024 1
96398 967290 1
96398 424411 1
595513 959374 1
460375 514790 1
460375 499853 1
460375 656815 1
460375 1009520 1
460375 1149065 1
130374 573743 1
812084 916236 1
740082 783169 1
412742 548047 1
161365 1020076 1
161365 838349 1
161365 369169 1
161365 483321 1
130579 351556 1
130579 1068432 1
130579 693065 1
579919 829258 1
598353 1234973 1
381647 1078743 1
381647 801727 1
381647 552409 1
73979 519687 1
770340 1109461 1
73159 1291918 1
975266 1365300 1
975266 990613 1
975266 1534359 1
975266 1356145 1
975266 1502624 1
449526 771559 1
449526 682491 1
926207 1518157 1
1083983 1468359 1
900775 1525340 1
715604 1250401 1
151806 1313511 2
253310 371894 1
159318 160385 1
652150 1366709 1
755790 1040291 1
215615 886765 1
215615 578321 1
424658 454660 1
424658 1171293 1
424658 911967 1
633981 1357197 1
261568 828042 2
431532 431693 1
431532 865266 1
324124 1521543 1
324123 870903 1
686273 932870 1
686273 1056419 1
686273 966101 1
314208 539790 1
870903 1084683 1
27316 868446 1
27316 62209 1
124661 340301 1
230481 1409449 1
230481 894203 1
230481 507163 1
230481 467543 1
1563976 1636208 1
1563976 1636207 1
191132 705546 1
341936 864884 1
71716 1169198 1
71716 445749 1
71716 1439996 1
71716 276394 1
472888 709231 1
221874 819820 1
321521 840716 1
321521 385906 1
321521 1370307 1
1462010 1494652 1
762216 948938 1
762216 1123452 1
70151 1132607 1
826879 1144712 2
350661 412742 1
350661 548047 1
99828 711847 1
99828 1212681 1
99828 969113 1
99828 556247 2
873128 1294437 1
251242 1242289 1
251242 1521943 1
251242 467391 1
251242 1367727 1
251242 608230 1
523496 543792 1
152754 961273 1
152754 293038 1
152754 1081885 1
152754 1046452 1
125000 1449800 1
125000 526737 1
125000 970353 1
125000 1229772 1
125000 1036114 1
125000 561176 1
53591 447425 1
53591 815608 1
310726 1468359 1
310726 1083983 1
310726 590194 1
362490 699789 1
362490 1241378 1
1039941 1055213 1
1039941 1042237 1
879147 1412049 1
700023 813600 1
459284 1484592 1
220598 1004341 1
966101 1056419 1
1454699 1461898 1
644475 1132667 1
867 774340 1
557640 1186226 1
14454 587674 1
1107410 1476170 1
1086224 1362749 1
1142136 1414894 1
1142136 1291853 1
1142136 1379418 1
1142136 1319969 1
317016 871268 1
317016 634535 1
317016 515041 1
317016 442647 1
317016 926342 1
317016 618936 1
317016 1414894 1
317016 1319969 1
317016 838349 1
317016 571282 1
317016 805232 2
317016 621370 1
317016 926028 1
317016 335913 1
317016 483321 1
317016 1086025 1
317016 759187 1
317016 555301 1
317016 1379418 1
317016 430550 1
317016 1351471 1
317016 462527 1
317016 1142136 2
296152 1185688 1
830496 873377 1
48036 1104509 1
280617 525686 1
280617 805557 1
280617 870233 1
280617 306240 1
875018 1481881 1
939773 1259298 1
490841 1134903 1
226145 248601 1
548324 1511678 1
551956 801297 1
560541 775697 1
608516 949951 1
44628 431693 1
44628 865266 1
44628 346385 1
44628 431532 1
508780 718069 1
508780 826879 1
508780 1144712 1
508780 637037 1
542892 1068432 1
542892 693065 1
437302 1097462 1
437302 1342865 1
437302 921446 1
437302 523596 1
433314 1313079 1
107175 934700 2
779769 908014 1
1047419 1259851 1
107178 752003 1
667383 912380 1
788407 888567 1
788407 1137748 3
298333 1163715 1
144927 1513951 1
417506 1053799 1
137177 610329 1
137177 1434864 1
137177 1036555 1
137177 871710 2
1271264 1514407 1
1684 498065 2
1684 994271 2
1686 386879 1
1686 256584 1
1686 260026 1
1686 139890 1
406160 1158906 1
239765 1346097 1
666 1191996 1
11050 1206984 1
306241 1449597 1
306240 525686 1
306240 805557 1
306240 870233 1
429044 1389160 2
645740 911717 1
151300 1248073 1
151300 178625 1
63088 295219 1
236202 1031889 1
1347953 1373754 1
8437 606041 1
173094 810293 1
727869 865026 1
811219 1285155 1
811219 836525 1
811219 1403386 1
811219 1140442 1
300741 1175143 1
300741 710724 1
300741 1005825 1
300741 1346097 1
707439 975258 1
707439 805428 1
929309 1468456 1
983355 1234684 1
214141 1468359 1
214141 310726 1
214141 590194 1
214141 1083983 1
257140 595066 1
257140 1117646 1
257140 1131367 1
425357 755736 1
425357 972945 1
1367727 1521943 1
238664 1517518 1
667369 711453 1
221485 718448 1
221485 526036 1
221485 1290024 1
711847 969113 1
73314 265463 1
73314 707439 1
73314 975258 1
73314 805428 1
616453 633482 1
616453 651247 1
226836 921455 1
226836 400884 1
11205 830290 1
11205 153487 1
11205 137949 1
836343 1414160 1
836343 1277453 1
836343 1517695 1
112506 1449541 1
112506 1487856 1
112506 478173 1
112506 351226 1
10714 1142122 1
562007 1091809 1
562007 1081064 1
574548 1468456 1
574548 758458 1
61059 176942 1
61059 144570 1
61059 808729 1
61059 557510 1
61059 223085 1
61059 512984 1
61059 423566 1
61059 156156 1
61059 618938 1
61059 654746 1
245413 562635 1
1322808 1481879 1
392212 1396738 1
392212 460771 1
392212 524515 1
392212 1249084 1
392212 1172220 1
392212 644481 1
392212 1500625 1
392212 979475 1
392212 818041 1
506686 700249 1
396772 432785 1
429956 1341900 1
314854 829403 1
314854 561334 1
813699 1092931 1
1391091 1421796 1
13747 213142 1
13747 537449 1
13747 433515 1
104308 398703 1
104308 1207018 1
430550 805232 1
430550 462527 1
430550 838349 1
430550 871268 1
430550 1142136 1
486729 1299948 1
861279 1021389 1
974101 977423 1
187833 819820 2
962643 1227926 1
436229 788407 1
436229 1137748 1
741299 1279582 1
741299 832468 1
741299 1217767 1
741299 1129696 1
523614 584150 1
967679 1203999 1
967679 1339456 1
745601 1518801 1
669664 996372 1
119924 481166 2
524515 1396738 1
524515 1249084 1
524515 1172220 1
524515 979475 1
524515 1500625 1
524515 644481 1
524515 818041 1
423566 654746 1
423566 618938 1
423566 808729 1
423566 512984 1
423566 557510 1
821274 1284641 1
201244 767019 1
407586 1058466 1
407586 1015358 1
407586 653929 1
407586 582621 1
274065 739920 1
45494 100552 1
956667 1138443 1
240060 805232 1
240060 1067374 1
240060 838349 1
240060 555301 1
240060 935086 1
550759 1023296 1
325354 1118593 1
795196 827558 1
335913 1086025 1
335913 618936 1
335913 555301 1
335913 621370 1
335913 483321 1
396199 1098053 1
118090 1511678 1
118090 548324 1
218130 1092306 1
1009520 1149065 1
36708 421713 1
301345 1372581 1
818469 1193943 1
711062 1123499 1
711062 1244774 1
1018613 1258144 1
1217767 1279582 1
732607 1186090 1
1096764 1511131 1
227775 1467692 1
972991 1494451 1
801727 1078743 1
96817 1118528 1
700783 1043129 1
501238 569744 1
744415 822041 1
501786 1129412 1
811697 935498 1
2037 110216 1
125125 822526 1
125125 1086224 1
125125 789504 1
125125 1362749 1
113128 1131761 1
122415 188259 1
291124 383536 1
291124 537792 1
291124 331152 1
176901 446702 1
484949 1144576 2
466219 521160 1
899567 1025406 1
141956 528194 1
724706 955080 1
926725 1475999 1
260026 386879 1
44142 961049 1
411456 1154283 1
411456 996611 1
676644 804642 1
676644 836525 1
676644 1140442 1
676644 811219 1
676644 1285155 1
676644 1403386 1
772307 1422146 1
863168 1196869 1
608230 1242289 1
608230 1521943 1
608230 1367727 1
1118593 1194233 1
367506 847055 1
1255953 1391091 1
364632 442809 1
364632 653617 1
122085 156445 1
339117 340930 1
531639 1178547 1
689316 1253535 1
689316 1457912 1
689316 973534 1
689316 717454 1
718039 752481 1
256027 815568 1
268119 1018476 1
268119 339806 1
600648 898990 1
600648 1014503 1
607616 1365300 1
607616 990613 1
607616 1356145 1
607616 719912 1
607616 609845 1
607616 1502624 1
607616 1534359 1
607616 892354 1
607616 975266 1
126549 521226 1
30829 376686 1
30829 419379 1
30829 1393409 1
364744 511445 1
364744 900775 1
364744 1525340 1
1054818 1525541 1
154998 626013 1
154998 914923 1
154998 403055 1
154998 433983 1
154998 475962 1
665197 1070173 1
89660 220844 1
89660 1098053 1
89660 265148 1
89660 396199 1
89661 377089 1
89661 407509 1
89661 1491524 1
302225 447254 1
148279 447487 1
148279 1502607 1
234902 562163 1
234902 408409 1
789058 1396582 1
72747 819695 1
72747 369291 1
595066 1117646 1
595066 1131367 1
845169 1217058 1
585147 1220000 1
653987 784865 1
395846 1110762 1
272522 788407 1
272522 1137748 1
537077 716073 1
237801 466219 1
237801 521160 1
429149 903157 1
447494 534925 1
447494 462080 1
280912 749110 1
280912 560270 1
280912 955892 1
529344 1031596 1
529344 1038034 1
529344 744240 1
229211 1308701 1
106486 642681 1
106486 347457 1
441521 561908 1
715575 1118647 1
509314 740318 1
569163 955306 1
569163 572639 1
662110 1052729 1
343429 1300990 1
980585 707973 2
105859 1123061 1
59139 662737 1
59139 719149 1
334554 490429 1
334554 482870 1
142985 964562 1
142985 1326557 1
554044 1242110 1
634535 805232 1
634535 1414894 1
634535 926028 1
634535 1379418 1
634535 1319969 1
634535 926342 1
634535 1142136 1
877465 1234102 1
624581 1191224 1
1203897 1312336 1
84951 1282270 1
424411 967290 2
350010 358928 1
350010 499853 1
350010 656815 1
350010 1009520 1
350010 460375 1
350010 514790 1
350010 1149065 1
224461 1212209 1
180251 203046 1
474917 1123499 1
474917 1244774 1
474917 711062 1
420396 861279 1
420396 1021389 1
536431 1529175 1
536431 981813 1
56705 1421474 1
165959 1516447 1
165959 1027388 1
25795 775697 1
1086026 1520548 1
1218123 1374928 1
198910 254909 1
366060 747281 1
878144 1532842 1
297051 298126 1
297051 598420 1
389336 696420 1
235187 316286 1
235187 508125 1
235187 278512 1
235187 917137 1
235187 869980 1
155581 770340 1
155581 1109461 1
104627 423242 1
104627 794234 1
125790 1449597 1
125790 306241 1
482870 490429 1
617776 1420131 1
441256 765394 1
531182 714268 1
366111 1245434 1
736728 1102182 1
722160 1209357 1
69737 1315688 1
69737 774152 1
1195420 1454171 1
1180428 1281199 1
270249 1104968 1
454660 1171293 1
454660 911967 1
619337 945921 1
888222 1388419 1
888222 938586 1
981069 1207533 1
278512 316286 1
278512 508125 1
278512 917137 1
278512 869980 1
237749 1137743 1
249437 1442003 1
143920 1435591 1
591945 1229303 1
1253535 1457912 1
70530 331459 1
498166 1256122 1
498166 1068905 1
498166 1196145 1
654746 808729 1
42891 136399 1
800045 14169348 1
800045 14169346 1
800045 14169347 1
800045 14169344 1
800045 14169345 1
574334 724706 1
42872 1093162 1
232199 1316847 1
157522 1011142 1
157522 458344 1
157522 403055 1
243010 1226623 1
443677 862439 1
322693 749113 1
902084 1391282 1
528269 1280313 1
365805 984507 1
1084182 1469398 1
1089813 1215785 1
1089813 1122851 1
288454 1296554 1
579956 600625 1
257780 433314 1
257780 316745 1
257780 1313079 2
257780 549370 3
257780 1332854 1
630758 1469852 1
840669 1115273 1
274545 723260 1
34937 1111150 1
34937 309196 1
265463 707439 1
265463 975258 1
265463 805428 1
169883 1231206 1
169883 475177 1
163493 851145 1
163493 866651 1
511445 900775 1
511445 1525340 1
701915 1176219 1
569032 1281199 1
569032 1180428 1
606552 762428 1
442127 1084683 1
234597 1338959 1
487369 1348561 1
487369 608284 1
1323393 1501893 1
928077 1273311 1
316745 549370 1
187783 1262006 1
475177 1231206 1
557181 1114998 2
491207 1238713 1
226587 1335502 1
136887 1451682 1
29031 230070 1
29031 603585 1
29031 1383983 1
29031 399766 1
29031 873797 1
29031 561007 1
34248 772188 1
34248 676915 2
34248 568944 2
607778 1066376 1
65583 634535 1
136399 275057 2
502163 1076168 1
970106 1310582 1
72816 579919 1
72816 829258 1
847285 1049678 1
847285 1119581 1
970108 1237593 1
840716 1370307 1
439200 1540256 1
1031946 1255978 1
1144421 1414937 1
343547 1138890 1
1056387 1524510 1
207887 390038 1
447487 1502607 1
279003 378353 1
279003 1340155 1
509504 929309 1
509504 574548 1
509504 628730 1
509504 758458 1
509504 1468456 2
509504 627311 1
284622 769944 1
466821 621370 1
282507 877722 3
526737 1229772 1
526737 1449800 1
526737 970353 1
526737 561176 1
526737 1036114 1
218936 969484 1
218936 380200 1
1081064 1091809 1
763128 1339007 1
1015358 1058466 1
825204 1180920 1
77531 805232 1
77531 317016 1
77531 1414894 1
77531 634535 1
77531 926028 1
77531 1379418 1
77531 515041 1
77531 1142136 1
77531 124690 1
77531 1319969 1
77531 926342 1
77531 571282 1
921446 1097462 1
921446 1342865 1
677108 1075669 1
181429 1103794 1
527409 1229413 1
525665 1357515 1
525665 977701 1
525665 1354795 1
525665 1232471 1
525665 804683 1
214738 1386663 1
214738 1188778 1
214738 1443091 1
499257 595999 1
279482 1002278 1
279482 1465885 1
763876 786232 1
749110 955892 1
223085 1163715 2
223085 557510 1
223085 618938 1
223085 808729 1
223085 764413 1
223085 1469398 1
223085 298333 1
223085 512984 1
223085 423566 1
223085 1084182 1
223085 654746 1
869563 1450001 1
350023 954982 1
350023 930607 1
873797 1383983 1
119703 167641 1
354739 404512 1
403426 929948 1
581385 1388809 1
261551 623031 1
1269950 1450387 1
261554 373667 1
93089 285688 1
75372 519886 1
386573 1394286 2
762539 795331 1
922623 1257411 1
576769 1096764 1
576769 605713 1
576769 1511131 1
576769 776310 1
476661 822505 1
476661 541953 1
476661 1259298 1
885449 1103392 1
885449 991431 1
684683 693065 1
862847 1537698 1
1014085 1382993 1
1014085 1016956 1
693065 1068432 2
402062 468379 1
75977 1504493 1
458344 1011142 1
96695 847055 1
96695 184605 1
96695 367506 1
96695 308317 1
52073 461427 1
52073 1287591 1
52073 1334815 1
396580 457685 1
644598 1109848 1
1636207 1636208 1
611180 915891 1
611180 628945 1
1070832 1493079 1
26215 644943 1
90500 210859 1
337176 900920 1
52451 767019 1
52451 106034 1
227997 390404 1
349010 723040 1
42284 175477 1
707973 1178547 1
707973 1031946 1
707973 1396855 1
707973 1255978 1
344909 1339007 1
344909 763128 1
124761 1392520 1
149776 191954 1
582621 1058466 1
582621 1015358 1
582621 653929 1
186364 647944 1
657155 796302 1
657153 708916 1
578321 886765 1
70508 353552 1
70508 433983 1
70508 100003 1
647916 889734 1
290452 536898 1
517479 613524 1
62728 855271 1
1311861 1505170 1
1172220 1500625 1
1172220 1396738 1
1172220 1249084 1
20517 89275 1
844075 1281750 1
285859 321586 3
1188778 1386663 1
1188778 1443091 1
597303 766177 1
597303 1221622 1
97988 159318 1
97988 160385 1
1386776 1431780 1
364344 554044 1
364344 1242110 1
863491 1262902 1
930607 954982 1
256003 786673 1
561035 920532 1
561035 1390038 1
827666 877482 1
658041 14089067 1
197735 1454699 1
197735 1461898 1
197735 431721 1
587762 960044 1
587762 1472336 1
17905 128702 1
17905 363154 2
83227 836756 2
83227 1236754 1
83227 862115 1
390381 1125726 1
390381 1297822 1
390381 514575 1
390381 786442 1
836525 1285155 1
836525 1403386 1
836525 1140442 1
1396738 1500625 1
37637 1247857 1
29441 75997 2
506070 827558 1
102055 847285 1
102055 1049678 1
102055 1119581 1
169891 1068736 1
169891 213170 1
1636739 590013 1
1636739 104666 1
621370 756657 1
621370 887760 1
621370 1086025 1
212195 718860 1
212195 1468456 1
212195 758458 1
212195 627311 1
132573 941509 1
132573 371687 1
710724 1175143 1
710724 1525541 1
710724 1346097 1
710724 1005825 1
710724 1298221 1
710724 1342775 1
710724 1054818 1
202173 1400087 1
1159253 1116563 1
610329 1434864 1
610329 1036555 1
610329 871710 1
313041 1001320 1
238938 793832 1
238938 888529 1
567406 1295759 1
1063218 1373356 1
194526 1238713 1
194526 491207 1
194526 286944 1
255468 358928 1
255468 499853 1
255468 261707 1
255468 1009520 1
255468 460375 1
255468 350010 1
255468 514790 1
255468 1149065 1
255468 656815 1
136478 272135 1
747970 862439 2
40517 364632 1
40517 442809 1
40517 653617 1
318844 366111 1
15412 280339 3
15412 82286 3
831880 1372488 1
357967 1016919 1
1027809 1291853 1
1027809 1142136 1
399766 603585 2
399766 873797 2
399766 1383983 1
399766 561007 3
834034 1453502 1
378353 613138 1
378353 838536 1
378353 1340155 1
378353 405723 1
1019672 1191996 1
503208 602831 1
503208 1166296 1
503208 671443 1
188085 561035 1
188085 1390038 1
238421 1029339 1
238421 1020773 1
434753 772518 1
434753 1391282 1
434753 839703 1
434753 902084 1
906299 1028025 2
906299 1096466 2
335162 475663 1
961341 1043129 1
382797 977701 1
382797 878533 1
382797 438370 1
382797 398452 1
712475 1047578 1
157415 1051998 1
318801 1348561 1
318801 608284 1
318801 487369 1
51393 1032182 1
214471 944539 1
214471 258065 1
560664 798160 1
469414 555301 1
261707 358928 1
261707 499853 1
261707 656815 1
261707 1009520 1
261707 460375 1
261707 350010 1
261707 514790 1
261707 1149065 1
431693 865266 1
680977 1405115 1
32210 1421796 1
32210 1391091 1
32210 841747 1
32210 891887 1
279877 902539 1
279877 362867 1
546850 844438 1
546850 603526 1
546850 1396029 1
81466 553250 1
477485 1076787 2
205009 388439 1
205009 1317619 1
898990 1014503 1
542511 544937 1
1103559 1192703 1
764413 1084182 1
764413 1469398 1
1493222 1502214 1
859337 1339013 1
428362 436801 1
940163 1022842 1
940163 1094877 1
332384 1177623 1
332384 1262102 1
332384 860840 1
515932 750853 1
839703 1391282 1
839703 902084 1
715732 1476170 1
632783 964174 1
398819 1039934 2
75561 749193 1
759187 1351471 1
744230 744747 1
1165896 1279087 1
503991 776653 1
503991 851693 1
503991 1073360 1
503991 719850 1
256584 386879 1
256584 260026 1
256583 385906 1
786342 1071628 1
94193 708252 1
63710 464461 2
161871 1296035 1
557510 654746 1
557510 618938 1
557510 808729 1
730969 1475683 1
1636210 1636211 1
1636210 1636212 1
1636211 1636212 1
605713 1096764 1
605713 665633 1
605713 776310 1
605713 1511131 2
16270 652150 1
16270 1366709 1
1041186 1099402 1
387302 744230 1
101369 1204258 1
101369 354421 1
307435 1508669 1
93309 707992 1
93309 311514 1
93309 214810 1
805232 871268 1
805232 1067374 1
805232 1414894 1
805232 926028 1
805232 1379418 1
805232 935086 1
805232 1319969 1
805232 838349 2
805232 926342 1
805232 1142136 2
321594 1089813 1
321594 1122851 1
321594 1215785 1
321594 567551 1
321594 860021 1
1052701 1281750 2
149767 204473 1
329245 868034 1
329245 1109309 1
329245 1055462 1
329245 485460 1
392778 939610 1
244649 339224 1
911218 984121 1
926197 1530480 1
894203 1409449 1
139712 714324 1
139712 683703 1
275781 637037 1
275781 1468521 1
275781 508780 1
619774 1290225 1
564474 1503102 2
161527 203241 1
391399 534925 1
391399 462080 2
391399 447494 1
391399 922623 1
391399 1257411 1
1050833 1405955 1
818041 1500625 1
818041 979475 1
818041 1172220 1
818041 1396738 1
818041 1249084 1
583676 883197 1
583676 899567 1
650270 1363781 1
650270 1321315 1
411771 471290 1
254057 518076 1
619350 1352525 1
162651 511557 1
9786 227997 1
9786 390404 1
74581 535581 1
74581 1115949 1
74581 537154 1
333396 711847 1
223999 280039 1
223999 408163 1
15733 773120 1
15733 209144 1
960044 1472336 1
851145 866651 1
587023 684683 1
587023 693065 1
719912 1365300 1
719912 990613 1
719912 1356145 1
719912 1502624 1
719912 1534359 1
719912 892354 1
719912 975266 1
643907 786342 1
643907 1071628 1
160385 798748 2
433515 537449 1
902199 935628 1
869980 917137 1
138446 269719 1
138446 317016 1
138446 621370 1
138446 555301 1
138446 618936 1
138446 269345 1
138446 871268 1
138446 1291853 1
138446 989239 1
138446 1027809 2
138446 189584 2
138446 470762 2
138446 1086025 1
138446 1142136 1
138446 335913 1
138446 483321 1
278646 327613 1
1187457 1382588 1
385860 575797 1
385860 442647 1
1138575 1294943 1
1145116 1259871 1
37331 372774 1
123908 896862 1
311514 707992 1
68975 364498 1
68975 1368728 1
68975 1235785 1
68975 628080 1
365179 759043 1
365179 1004129 1
365179 1083208 1
142557 707973 1
822151 1340910 1
447773 669664 1
447773 996372 1
9561 1354795 1
9561 977701 1
9561 804683 1
9561 1357515 1
9561 525665 1
9561 103015 1
9561 55651 1
9561 1232471 1
1435734 1541185 1
91007 1335300 1
91007 535275 1
561334 829403 1
447372 935609 1
1139423 1222948 1
143792 449526 1
143792 771559 1
143792 151747 1
143792 682491 1
212055 1331675 1
669350 932473 1
238705 818860 1
238705 794234 1
1016956 1382993 1
889430 1484920 1
1523070 99882 1
1417339 1518157 1
608284 1348561 1
659656 849295 2
659656 1296152 2
132295 785493 1
132295 418905 1
151051 629773 1
214680 443677 1
464390 552839 1
464390 647966 1
317911 501238 1
317911 569744 1
672440 1041186 1
672440 1099402 1
27258 187806 1
249250 563083 1
249250 823757 1
249250 562635 1
244900 298950 1
92201 844040 1
266727 1114840 1
266727 393531 1
525686 805557 1
525686 870233 1
79481 632783 1
79481 964174 1
318810 1048156 1
318810 1150309 1
55352 1436665 1
973112 1230474 1
755293 1063151 1
1365300 1534359 1
1365300 1502624 1
563403 715575 1
563403 1118647 1
563403 1100774 1
755507 1422146 1
755507 772307 1
93435 762428 1
93435 606552 1
464895 577921 1
497564 507972 1
462527 805232 1
462527 871268 1
462527 838349 1
462527 1142136 1
475962 626013 1
475962 914923 1
878533 977701 1
224898 702246 1
25078 562007 1
25078 1091809 1
25078 1081064 1
1351675 1374928 1
1351675 1442565 1
1036114 1229772 1
1036114 1449800 1
105109 604630 1
105109 122339 1
105109 454318 1
230433 1479766 1
230433 793642 1
230433 1339451 1
383694 479656 1
383694 1426157 1
51679 579956 1
1422222 1478389 1
839304 1362363 1
839304 1137997 1
839304 1383988 1
46329 1110328 1
166819 433819 1
21178 575230 1
52017 1504493 1
52017 75977 1
138703 979491 1
1033509 61995 1
669206 770034 1
602831 1166296 1
602831 671443 1
821304 1325052 1
821304 911006 2
821304 1121256 1
153388 501387 1
107509 296247 1
64287 696807 1
75240 580412 1
766177 1221622 1
644481 1396738 1
644481 1249084 1
644481 1172220 1
644481 1500625 1
644481 979475 1
644481 818041 1
868034 1109309 1
868034 1055462 1
149156 1023956 1
270071 994607 1
46630 821304 1
46630 911006 1
141193 729827 1
141193 1014171 1
875216 897694 1
800079 887564 1
418174 453424 1
418174 1409200 1
1345687 1116563 1
1345687 1159253 1
106124 583676 1
106124 883197 1
1019884 965875 1
46815 191338 1
302093 888222 1
302093 1388419 1
302093 938586 1
948630 1534145 1
176301 286872 1
176301 328357 1
187503 915332 1
187503 962350 1
596236 1440462 1
1356145 1365300 1
1356145 1534359 1
1356145 1502624 1
3505 613524 1
3505 121012 1
3505 517479 1
175477 1523070 2
175477 955072 1
175477 1004691 1
175477 543781 2
42133 583676 1
42133 1163738 2
42133 74334 1
42133 711172 1
42133 899567 1
42133 151806 2
42133 795967 1
42133 1313511 2
42133 1405125 1
849295 1296152 2
871268 1291853 1
871268 1027809 1
871268 1142136 2
158206 280224 1
158206 1169198 1
534041 1212290 2
278077 1135049 1
648032 991965 1
53526 1050833 1
399563 910932 1
251961 711859 1
532826 1468198 1
429519 1049369 1
567551 1122851 1
567551 1215785 1
567551 1089813 1
567551 860021 1
416648 723871 1
269719 604432 1
596942 1434864 1
596942 1036555 1
892563 1262835 1
419379 1393409 1
584456 1484567 1
811405 1063135 1
265901 1281815 1
123716 993701 1
123716 471619 1
123716 541900 1
29001 770132 1
595023 708252 1
1084024 1466189 1
659396 1460268 1
67640 314854 1
67640 829403 1
67640 561334 1
67640 286052 1
29799 802507 1
29799 998240 1
584582 1022720 1
529540 1214046 1
738750 1336749 1
330274 1367025 1
453424 1409200 1
907554 1093497 2
826353 1333399 1
299628 1382588 1
299628 1187457 1
299628 935651 1
299628 1157615 1
338606 1165896 1
338606 1279087 1
228306 404303 1
608299 1152671 1
14610 585156 1
62209 1401746 1
62209 320943 1
62209 868446 1
941852 1000181 1
169459 1095110 1
169459 1294943 1
370635 1217058 1
370635 845169 1
214676 1351924 1
214676 1282401 1
34784 819695 1
34784 72747 1
34784 369291 1
758489 1476712 1
979049 1233379 1
1031596 1038034 1
15273 655594 1
72733 707992 1
72733 311514 1
72733 366902 1
72733 214810 1
72733 93309 1
461427 1287591 1
461427 1334815 1
537449 786757 1
537449 929753 1
206472 1163282 1
470 1518157 1
28201 821304 1
28201 1121256 1
