241210 1494150 1
241210 677251 1
784676 935840 1
795826 899891 1
916325 1222225 1
22660 266523 1
22660 230303 1
22660 681333 1
209731 1061043 1
209731 1436154 1
786296 1498012 1
100363 256646 1
110488 522140 1
460468 657153 2
573594 701857 1
1346877 1400511 1
74831 481037 1
74831 80540 2
74831 296427 1
130647 452620 1
130647 336280 1
130647 609679 1
130647 1461898 1
921890 1054091 1
392575 849450 1
392575 744415 1
392575 800061 1
442435 982824 1
813534 1029469 1
61199 1035771 1
61199 799343 1
173154 706543 1
173154 503440 1
173154 626524 1
198959 831856 1
1482113 626013 1
1482113 432785 1
1482113 338606 1
1482113 510098 1
382354 811908 1
65875 110129 1
881286 1210503 1
177311 207078 1
177311 990967 1
177311 638552 1
1004719 758135 1
166485 758615 1
166485 303921 1
166485 1149869 1
166485 290619 1
166485 1099124 1
166485 448466 1
166485 681883 1
166485 331818 1
166485 1172214 1
166485 773963 1
166485 1294711 1
166485 278541 1
1109423 1448593 1
166801 850742 1
166801 190261 1
1228436 1518498 1
277865 848174 1
277865 1374472 1
277865 637521 1
277865 368235 1
94330 1132903 1
94330 890162 1
583 99864 1
583 1253433 1
583 786590 1
583 242326 1
583 451919 1
583 1105873 1
583 870142 1
888567 1117687 1
888567 1137748 1
154382 503628 3
154382 661428 3
154382 373171 3
154382 524053 3
376884 675002 1
90827 370635 2
90827 978531 1
251775 1524563 1
1102660 1255599 1
1102660 1135820 1
623894 1247517 1
623894 979017 1
1125157 1368597 1
484241 595122 1
237708 252296 2
237708 881427 1
237708 557643 1
237708 485767 2
260677 1242968 1
260677 877465 1
260677 848978 1
922385 1217121 1
1009130 1115268 1
330912 800061 1
141438 1208089 1
702669 1530802 1
6375 912281 1
6375 1186952 1
133349 1464367 1
133349 1388504 1
53604 1039321 1
168085 1234924 1
18451 1128401 1
236812 303023 1
236812 871049 1
54550 870903 2
54550 1084683 2
172301 302508 1
172301 761229 1
172301 215052 1
172301 882716 1
371204 834101 1
452473 1230611 1
101833 506686 1
1057209 1221347 1
49306 205510 3
401721 1075119 1
401721 611000 1
509900 557132 1
63594 684201 1
210318 1502237 1
113778 432785 1
113778 338606 1
113778 1482113 1
113778 152849 1
113778 626013 1
113778 510098 1
113778 541900 1
113778 156432 1
122546 201947 1
48780 610098 1
48780 260809 1
175793 441180 1
270840 1245186 1
270840 934776 1
723380 1307477 1
355856 474421 1
388815 1247517 1
388815 623894 1
388815 979017 1
864274 922808 1
864274 1260827 1
204266 258354 1
13057 698893 1
757637 1445354 1
44333 677408 1
44333 871732 1
44333 314734 2
44333 734103 1
44333 1436692 1
44333 427411 2
143688 727364 1
1189168 1390699 1
296427 812864 1
296427 645206 1
111050 1039940 1
179984 826879 3
179984 1144712 3
692316 730969 3
1169538 1311133 1
748825 1495647 1
94548 511445 1
94548 1069395 1
368495 894947 1
368495 398242 1
368495 704881 1
471681 1478251 1
491089 866651 1
491089 697928 1
175648 1026193 1
495095 502870 1
626285 657706 1
626285 1518671 1
540096 804191 1
540096 714776 1
540096 913695 1
15916 1271397 1
934776 1245186 1
23053 63297 1
696013 910932 1
233312 971368 1
1103925 1388848 1
1103925 1233379 1
280275 1099746 1
206241 925215 1
206241 699392 1
242962 243404 1
403082 1149384 1
45794 356749 1
677440 695001 1
50708 1451038 1
599489 1314365 1
599489 922946 1
599489 1441655 1
66618 642678 1
66618 178127 1
394630 1292144 1
394630 1479310 1
301698 344630 1
148093 747197 1
446089 452691 1
446089 634701 1
625664 1084683 1
119046 1180447 1
28185 763372 1
28185 539637 1
28185 619121 1
28185 1143109 1
925525 953036 1
1110623 1398422 1
1110623 1315922 1
1110623 1126963 1
825804 1104593 1
325848 528952 1
217533 419569 1
417010 849930 1
812722 1198908 1
812722 1436983 1
131476 692937 1
228845 1377212 1
1142122 1268455 1
1142122 1379672 1
190812 350093 1
190812 738750 1
315019 967565 1
315019 797050 1
327423 586717 1
897229 940497 2
897229 1068326 1
897229 1508191 1
461986 588702 1
412623 1476712 1
412623 638966 1
412623 862439 1
214060 886627 1
189584 269719 1
265277 365291 1
297173 405141 1
297173 461522 1
297173 1238388 2
297173 981089 1
628036 1000312 1
18890 482038 1
227449 672426 1
192762 644537 1
828501 910602 1
828501 1530532 1
828501 1238170 1
273442 542751 1
120738 844075 2
120738 497611 1
244785 383819 1
244785 461971 1
994168 1054091 1
501078 1508867 1
172160 560660 1
592359 637898 1
270129 758615 1
270129 278541 1
205415 314208 1
205415 1121810 1
205415 475490 1
205415 539790 1
205415 346802 1
116756 173203 1
116756 1213225 1
49576 138446 1
49576 269719 1
49576 189584 1
42338 301832 1
104653 1518157 1
854297 1057716 1
854297 1229540 1
618141 1053596 1
376231 1273900 1
1393215 1523070 4
314734 1436692 1
314734 677408 1
314734 871732 1
314734 734103 1
314734 427411 2
586580 1445354 1
586580 1155180 1
586580 1476170 1
586580 605713 1
586580 757637 1
1117530 1229303 1
480174 1102660 1
480174 800055 1
480174 1255599 1
480174 1135820 1
203779 366546 1
1207054 1280293 1
285837 787478 1
1239890 1333071 1
911176 917598 1
41170 454213 1
179620 324196 1
179620 336221 1
41174 281781 1
879731 1368450 1
879731 926191 1
364498 628080 1
132925 654257 1
578036 768275 2
490432 1258037 1
204273 1353076 1
321778 1523135 1
450073 827558 1
1007171 285853 1
118818 1109424 1
663534 818921 1
334117 1262902 1
334117 986340 1
1090662 1153346 1
1090662 1238610 1
59139 719149 1
59139 1164482 1
936815 962218 1
802 368959 1
207078 990967 1
207078 638552 1
371014 957004 1
323996 1434601 1
7062 319768 1
7062 1097002 2
7062 758489 1
7062 21878 2
7062 304855 2
7062 537295 2
133534 626013 2
137674 740734 1
137674 573005 1
137674 1369807 1
280069 784789 1
68341 1401668 1
68341 816223 1
68341 81434 1
158960 1515364 1
340930 1332613 1
1043029 1224711 1
319272 665869 1
169030 889562 1
169030 1058829 1
137699 911006 1
220844 279766 1
1268499 1497978 1
889562 1058829 1
114271 1116563 1
114271 468641 1
728124 1466473 1
430278 856668 1
311723 692316 1
311723 730969 1
8534 1167109 1
968231 1101731 1
968231 1063999 1
785412 1198908 1
785412 812722 1
785412 1436983 1
740318 1126733 1
844075 1281750 2
466980 588388 1
105161 507045 1
960422 989035 1
1226650 1497834 1
502139 755997 1
502139 873008 1
606095 1290703 1
606095 791972 1
1255953 1391091 1
273143 468430 1
961341 979240 1
442577 672539 1
442577 740318 1
442577 1126733 3
442577 530729 1
1008353 1050745 1
452329 700705 1
452329 1493404 1
452329 1529931 1
452329 731705 1
452329 1386776 1
82423 830720 1
580755 595960 1
580755 1318218 1
256438 969484 1
273382 1053799 1
273382 443244 1
273382 515041 1
446385 1491248 1
457211 1523070 1
457211 829093 1
26554 842095 1
27808 1286661 1
27808 599326 1
27808 261707 1
27808 1009520 1
194870 495714 1
7537 14673 1
7537 639906 1
66796 230433 1
160873 1318585 1
397273 579219 1
397273 1119373 1
397273 681734 1
397273 490690 1
356239 842694 2
356239 800188 2
1493755 1525202 1
84809 130063 1
6779 487014 1
1200214 1364051 1
127033 508126 1
127033 1496210 1
599124 957305 1
599124 699009 1
594408 1085346 1
594408 991431 1
498715 820993 1
120569 228484 1
120569 442577 1
120569 202947 1
515041 1053799 1
93841 173154 1
93841 882147 1
978531 1636205 1
485205 713875 1
295870 712475 1
295870 1047578 1
153487 1237931 1
204711 254577 1
98066 727364 1
98066 143688 1
75185 1168483 1
75185 1345740 1
75185 683803 1
75185 1253241 1
75185 1252729 1
21380 683040 1
150621 650684 1
150621 373955 1
150621 482124 1
150621 1068620 1
150621 596488 1
237729 763876 1
16341 204649 1
70003 623962 1
571709 848252 1
152849 1476712 1
152849 1386663 1
152849 280039 1
152849 172895 1
152849 412623 1
312826 328470 1
312826 595999 1
754282 1057716 1
754282 854297 1
754282 1229540 1
46667 470814 1
46667 1248073 1
310367 1109461 1
1481635 1511131 1
494767 1355703 1
1185079 1395087 2
1185079 1465404 1
418905 1478716 1
773963 1172214 1
773963 1294711 1
773963 1149869 1
773963 1099124 3
972291 1119590 1
146074 906107 1
146074 1007369 1
202947 228484 1
202947 442577 1
578733 949907 1
586223 736691 1
586223 1353714 1
243099 602852 1
734972 1357644 1
734972 794324 1
271394 578470 1
329574 480174 1
329574 1102660 1
329574 800055 1
329574 1255599 1
329574 1135820 1
781461 1317201 1
781461 1346729 1
781461 1330274 1
495413 573134 1
105305 826186 1
105305 131416 1
78463 1358051 1
78463 429066 1
78463 1388164 1
78463 570152 1
78463 80129 1
495143 897054 1
1054818 1525541 1
775697 909871 1
775697 1002278 1
8854 123716 1
8854 541900 2
8854 310334 1
8854 763876 1
917535 1200267 2
607688 925574 1
596488 650684 1
596488 1068620 1
841821 1237858 1
770826 1502522 1
98630 221866 1
98630 1508314 1
98630 1023601 1
570152 1358051 1
570152 1388164 1
564490 1246611 1
564490 1176799 1
922808 1260827 1
94812 158662 1
94812 267354 1
368235 848174 1
368235 1374472 1
368235 637521 1
268292 494875 1
494876 753573 1
30506 241210 1
30506 1494150 1
30506 677251 3
34885 461978 1
487014 1071219 1
867348 1413010 2
115462 406570 1
115462 916768 1
115462 459747 1
115462 639906 3
1176799 1246611 1
8630 1247517 1
8630 623894 1
8630 388815 1
8630 979017 1
544321 924428 1
1260167 1390299 1
1099124 1294711 1
1099124 1149869 1
1099124 1172214 1
1502607 1531681 1
24549 1104758 2
24549 1211108 1
24549 1409665 1
24549 1414115 1
114841 516758 1
1168483 1253241 1
188368 564490 1
188368 1246611 1
188368 1176799 1
713532 821304 1
713532 911006 1
114204 1154242 1
114204 443669 1
441547 706201 1
979017 1247517 1
165101 1295759 2
165101 431264 1
230660 1266598 1
901934 1522613 1
338126 942691 1
594741 1155617 1
594741 1393215 1
1211108 1414115 1
1211108 1409665 1
95966 941372 1
526172 1242185 1
526172 1240191 1
330159 1117687 1
131416 599489 1
131416 301949 1
131416 1314365 1
131416 922946 1
131416 1441655 1
216918 709839 1
216918 397859 1
216918 1315922 1
216918 680418 1
218886 309493 1
218886 403498 1
218886 846589 1
811908 1314144 1
552192 1513949 1
441495 529505 1
50052 875921 1
50052 73342 1
50052 703910 2
954136 960081 1
684392 1366475 1
177296 1319540 1
189389 1339007 1
189389 619774 1
228711 308907 1
228484 672539 1
228484 740318 1
228484 442577 3
228484 1126733 1
228484 291207 1
228481 700694 1
228481 317624 1
758458 1468456 2
758458 893465 1
704881 894947 1
318181 669377 1
16008 395405 1
16008 643422 1
16008 541525 1
16008 879860 1
16008 206784 1
16008 325503 1
16008 622234 1
150743 707973 1
922731 946575 1
150036 197773 1
150036 1076255 1
527025 1178547 1
124633 853522 1
999073 1333071 1
999073 1239890 1
442775 1525202 1
442775 1493755 1
224904 511060 1
224904 474663 1
13511 14673 1
320978 785607 1
404474 1221347 1
404474 1057209 1
346802 475490 1
346802 539790 1
937231 1277895 1
312880 572463 1
312880 1266265 1
166211 1170269 1
329819 552778 1
700705 1386776 1
700705 1493404 1
700705 731705 1
700705 1529931 1
1276575 1429683 1
209086 484241 1
209086 595122 1
719149 1164482 1
693231 1139467 1
305734 827940 1
981214 1521923 1
199798 846439 1
199798 711893 1
199798 923239 1
324196 609434 1
324196 336221 1
324196 775697 1
672679 1494150 1
108166 227997 1
108166 390404 2
108166 254235 1
53368 960422 1
53368 775466 1
53368 234662 1
53368 989035 1
53368 878976 1
836343 1346238 1
836343 1265519 1
659118 1036173 1
297134 1386776 1
297134 452329 1
297134 700705 1
297134 1529931 1
297134 1493404 1
297134 731705 1
524053 661428 3
1806 1198661 1
306719 887404 1
94103 443773 1
94103 1083883 1
1252729 1345740 1
301523 563759 1
212904 321659 1
57424 446385 1
57424 1491248 1
80540 87176 1
80540 1413295 1
80540 459914 1
80540 680418 1
480156 922808 1
480156 514432 1
480156 647646 1
480156 1260827 1
480156 864274 1
20447 850742 1
20447 166801 1
20447 116313 1
20447 190261 1
371247 588876 1
14673 639906 1
1026195 1394606 1
379318 1437513 1
379318 613227 1
379318 949134 1
1245434 1411623 1
408560 1112460 1
443773 1083883 1
37369 531856 1
37369 1053312 1
964669 1411058 1
257460 1215587 1
257460 416116 1
1007769 1178539 1
331459 801815 1
331459 1034508 1
84532 289049 1
84532 1235639 1
84532 587447 1
372817 642721 1
1038916 421818 1
1038916 143297 1
557132 562869 1
710140 1453502 1
710140 997525 1
506169 1078915 1
63320 485267 1
416772 1447347 1
416772 1533150 2
614120 1475683 1
614120 692316 1
614120 730969 1
20044 1120181 1
452620 1461898 1
452620 609679 1
756609 1368728 1
756609 1240218 1
756609 985544 1
298049 1273586 1
699009 957305 1
433614 665633 1
433614 668654 1
108472 912506 2
108473 1000312 1
108473 628036 1
846693 1163738 2
14323 88066 2
14323 763460 1
14323 1492352 2
442176 992750 1
402555 831652 1
402555 467376 1
339224 1054091 1
312345 318810 1
403055 869796 1
403055 1011142 1
403055 458344 1
252088 582484 1
252088 338606 1
252088 1191996 1
89953 1346238 1
89953 836343 1
67773 839117 1
129715 1221209 1
755997 873008 1
273727 1163738 1
273727 846693 1
132043 1476170 1
144570 497564 1
144570 507972 1
144570 156156 1
804462 462386 1
67791 433983 1
67791 646805 1
67791 858871 1
67791 135845 1
67791 70508 1
67791 353552 1
643422 879860 1
843997 1315922 3
355075 1504493 1
196350 846439 1
196350 711893 1
196350 199798 1
196350 923239 1
708801 928098 1
268312 290507 1
681734 1119373 1
1358051 1388164 1
73842 767764 1
353552 858871 1
353552 433983 1
353552 646805 1
699392 925215 1
234037 312906 1
350093 738750 1
350097 817122 1
350097 1194935 1
73117 923384 1
73117 82796 1
73117 963489 1
848508 871987 1
869796 1011142 1
282114 1156268 1
665633 668654 1
103583 418337 2
103583 751180 2
103583 927834 1
177466 562145 1
7555 1171365 1
431721 514790 1
431721 452170 1
560800 1226398 1
490091 560887 1
120360 1394606 1
120360 1335680 1
839117 1437400 1
834459 1413295 1
834459 899898 1
990853 1339007 1
711893 846439 1
711893 923239 1
189027 901123 1
405040 466905 1
405040 1169538 1
405040 1311133 1
839598 1121283 1
494415 660594 1
315114 1262902 1
315114 986340 1
315114 334117 1
213400 1125879 1
245262 592482 1
368694 566849 1
676915 797979 1
397859 709839 1
397859 680418 1
711941 1505079 2
468307 1455009 1
302426 959444 1
458590 1264963 1
485793 1009130 1
485793 1115268 1
649480 790739 1
449218 595364 1
680418 709839 1
377400 1479213 1
377400 589369 1
366359 592733 1
307495 1292640 1
204068 596570 1
153738 397175 1
389735 627747 1
389731 786535 1
389731 1222225 1
389731 916325 1
21878 154216 1
21878 1097002 2
21878 304855 2
21878 487860 1
21878 1301839 1
21878 537295 2
346953 1456580 1
346953 706536 1
346953 572272 1
138647 225667 1
138647 260791 1
138647 1541185 1
1202652 1279799 1
70024 867729 1
70024 222064 1
70024 843441 1
524549 804593 1
309527 701857 1
309527 573594 1
390404 673550 1
58038 1045205 1
58038 1170317 1
58038 206199 1
58038 938471 1
58038 308208 1
799343 1035771 1
563759 1026415 1
873874 1385632 1
21271 970108 1
5079 1480480 1
53080 1094356 1
10697 117385 1
269693 891213 1
269693 1285858 1
265170 334990 1
265170 491089 1
265170 866651 1
265170 697928 1
74302 159241 1
74302 697204 1
74302 461971 1
219272 472142 1
9561 1101155 1
891213 914923 2
891213 1285858 1
796473 1349830 1
476720 1262191 1
215985 339748 1
215985 965368 3
121034 1390662 1
1074380 1134365 1
1074380 1361101 1
8871 255781 1
1636743 14088701 1
1636741 1523070 1
1636741 1223018 1
763372 1143109 1
698564 1368728 1
836756 1192935 1
698569 1135049 1
926755 1476712 1
583782 626013 1
326933 595999 1
84524 1476712 1
84524 152849 1
84524 280039 1
84524 412623 1
257478 391878 1
38774 173154 1
38774 626524 1
38774 503440 1
38774 706543 1
38774 901123 1
38774 189027 1
587447 1235639 1
338812 1294815 1
557100 907311 1
557100 1265488 1
426210 537792 1
9387 74831 1
9387 87176 1
9387 1413295 1
9387 680418 1
9387 459914 1
9387 80540 4
9387 66883 2
756614 1249173 1
223970 1514564 1
223970 981920 1
223970 830393 1
242326 451919 1
242326 1105873 1
242326 786590 1
798 324196 1
798 609434 1
798 775697 1
798 20517 1
1134365 1361101 1
1023601 1508314 1
986340 1262902 1
112461 540422 1
1031418 1413919 1
415617 551450 1
415617 684392 1
415617 1366475 1
892367 1365104 1
860840 1491763 1
584249 1236048 1
541900 1212681 1
541900 708916 1
1135417 1482331 2
1012723 1040471 1
677408 1436692 1
677408 871732 1
677408 734103 1
129703 335121 1
129703 1189565 1
147092 1259871 1
147092 1115768 1
845261 1419794 1
29431 853097 1
988768 1045607 1
988768 1268693 1
758615 1172214 1
758615 773963 2
758615 1149869 2
758615 1294711 2
758615 1099124 3
88521 1358946 1
88521 1142122 1
88521 431053 1
88521 908082 1
233428 990719 1
282211 1059780 1
23126 31225 1
23126 602490 1
331157 487133 1
331157 344300 2
206199 1045205 1
206199 308208 1
206199 938471 1
206199 1170317 1
648537 1393215 1
941626 1413082 1
145968 845261 1
145968 1419794 1
38390 462507 1
988968 1074675 1
650684 1068620 1
301949 536602 1
301949 974798 1
301949 1441655 1
301949 922946 1
301949 599489 1
301949 1314365 1
848978 1242968 1
848978 877465 1
540297 1090600 2
816223 1401668 1
189142 412742 1
189142 548047 1
189142 350661 1
417052 1409645 1
417052 621262 1
417052 482851 1
374212 1165982 1
1448893 1491423 1
26526 289049 1
26526 587447 1
26526 1235639 1
26526 84532 1
115846 286773 1
508126 1496210 1
461522 1238388 1
642219 1350519 1
461035 509314 1
245582 659964 1
803295 1253973 1
100135 665633 1
100135 668654 1
100135 433614 1
1224849 1275481 1
189700 635348 1
189700 639399 1
189700 847648 2
155069 833426 1
91665 616881 1
448466 758615 1
448466 1149869 1
448466 773963 1
448466 681883 1
448466 1172214 1
448466 1099124 1
448466 1294711 1
398881 1513630 1
114150 418529 1
114150 459927 1
114150 885177 1
114150 1131592 1
114150 1176408 1
114150 809699 1
106697 899373 2
86260 387899 1
86260 657898 1
86260 1229540 1
86260 854297 1
86260 1057716 1
86260 754282 1
86260 230539 1
456294 748825 2
456294 1495647 1
1000009 1229616 1
196111 1191102 1
511002 914458 1
200728 494767 1
200728 1355703 1
226375 700432 2
226375 253215 2
634701 843026 1
52369 786535 1
52369 1222225 1
52369 916325 1
52369 389731 1
52346 886936 1
281915 566849 1
234493 632783 1
819931 1390699 1
819931 832425 1
819931 1189168 1
819931 1122860 1
90858 148279 1
1257127 16958 1
382237 626013 1
382237 338606 1
382237 156432 1
382237 432785 1
382237 104764 1
382237 113778 1
382237 510098 1
382237 1482113 1
12682 1003627 1
12682 152025 1
12682 1364919 1
69788 319272 1
69788 665869 1
413829 1513451 1
507821 813600 1
558631 1325773 2
969422 1311097 1
51148 626013 1
51148 583782 2
475490 539790 1
468578 755948 1
389727 1268499 1
389727 722337 1
389727 1497978 1
323398 521297 1
323398 1084368 1
323398 1440139 1
323398 512027 1
530378 1221209 1
530378 601708 1
120196 1012203 1
799913 864473 1
817088 1440583 1
673550 1061022 1
646664 1355942 1
646664 780276 1
731705 1386776 1
731705 1493404 1
731705 1529931 1
135552 225667 1
135552 138647 1
135552 260791 1
135552 1541185 1
46452 472341 1
592733 1226751 1
404303 1155617 1
404303 594741 1
404303 829093 2
404303 457211 1
404303 1393215 1
404303 1523070 1
404303 572661 1
780276 1355942 1
269683 341166 1
579219 1119373 1
579219 681734 1
1828 708916 2
566514 942691 1
566514 722178 1
967550 968231 1
967550 1063999 1
967550 1101731 1
321794 878533 1
104764 432785 1
104764 338606 1
104764 156432 1
104764 626013 1
104764 113778 1
104764 510098 1
104764 1482113 1
36510 1393215 1
36510 1155617 1
36510 594741 1
36510 404303 1
36510 372535 1
113059 608179 1
113059 468594 1
113059 148279 1
128777 811053 1
128777 516283 1
128777 140027 1
128777 1245434 1
128777 1411623 1
426865 563403 2
871732 1436692 1
58972 876868 1
124507 284524 1
157110 204133 1
268645 1002992 1
736691 1353714 1
582484 1191996 1
809283 1185018 1
878919 1065019 1
278541 758615 3
278541 303921 1
278541 1149869 2
278541 290619 2
278541 1099124 1
278541 448466 1
278541 681883 1
278541 331818 1
278541 1172214 1
278541 773963 1
278541 1294711 2
33375 624899 1
33375 178625 1
721188 1246167 1
179248 1135820 1
363154 377604 1
363154 694423 1
58377 397055 1
58377 1509475 1
784 1124207 1
1217058 1120843 1
157754 707973 1
269064 991590 1
269064 1322369 1
343297 515041 1
626013 432785 1
626013 338606 1
626013 1163997 1
626013 914923 2
626013 891213 2
626013 510098 1
668717 1117664 1
480269 1504493 1
480269 506012 1
480269 827558 1
849237 1221972 1
36639 148732 1
36639 312184 1
248994 829093 3
248994 457211 1
248994 1393215 4
248994 778927 1
248994 1523070 5
248994 572661 1
248994 404303 3
482124 650684 1
482124 1068620 1
482124 596488 1
289943 940650 1
1238966 1277444 1
940497 1068326 1
940497 1508191 1
1067797 1457893 2
621262 1409645 1
1022388 1182959 1
324708 809873 1
343741 367659 1
343741 1380025 1
824743 1215561 1
824743 1221352 1
178625 624899 1
1012394 1306186 1
1012394 1396582 1
395405 879860 1
395405 643422 1
395405 541525 1
395405 622234 1
1123533 1505416 1
169369 745601 1
169369 387302 1
169369 541900 2
609824 1189429 1
272450 626013 1
453392 598359 1
453392 1166358 1
453392 1002565 1
302508 322 2
302508 761229 1
302508 139188 2
302508 882716 1
503440 706543 1
503440 626524 1
1240191 1242185 1
242469 324785 1
156156 497564 1
156156 507972 1
747645 447159 1
330784 1334949 1
72442 150036 1
72442 197773 1
72442 1076255 1
843950 975550 1
73137 1358946 1
73137 1142122 1
73137 88521 3
73137 908082 1
397055 1509475 1
681883 758615 2
681883 1149869 1
681883 773963 3
681883 1172214 1
681883 1099124 3
681883 1294711 1
624360 793486 1
193335 1242238 1
403498 846589 1
740734 1369807 1
711859 876870 1
1215561 1221352 1
1084246 1402998 1
217521 1296623 1
241014 871987 1
241014 848508 1
611180 628945 1
130351 330912 1
551450 684392 1
551450 1366475 1
732906 1041928 1
713615 824743 1
713615 1215561 1
713615 1221352 1
341934 419682 1
713610 1482331 2
713610 832626 2
713610 1135417 2
82286 280339 1
796302 1180115 1
683803 1252729 1
683803 1345740 1
1149869 1294711 2
1149869 1172214 1
551211 579964 1
96288 449634 1
92703 363179 1
92703 1437913 1
503628 1522613 1
503628 607489 1
503628 765964 1
503628 901934 1
503628 524053 3
503628 661428 3
177159 320978 1
252296 881427 1
252296 557643 1
252296 377155 1
252296 485767 2
356873 1138975 1
356873 1336026 1
468594 608179 1
1072025 1500207 1
1072025 1433186 1
423242 794234 1
292023 507087 1
1292144 1479310 1
177156 314208 1
177156 475490 1
177156 205415 1
177156 539790 1
177156 346802 1
73314 177466 1
73314 562145 1
73314 805428 1
1493404 1529931 1
560916 1435316 1
560916 806335 3
431363 1317201 1
431363 781461 1
431363 1346729 1
431363 1330274 1
230539 387899 1
230539 657898 1
230539 1229540 1
230539 854297 1
230539 1057716 1
230539 754282 1
722337 1268499 1
722337 1497978 1
81434 1401668 1
81434 816223 1
458042 509183 1
240987 709570 1
240987 1327890 1
276737 1150309 1
260791 1541185 1
312797 1456580 1
312797 706536 1
312797 346953 1
312797 572272 1
632709 1337084 1
877023 1038996 1
1195463 1297800 1
744415 849450 1
744415 800061 1
744415 822041 1
69001 1000179 1
69001 1435951 1
653153 785834 1
653153 1515237 1
653153 1307104 1
653153 1171378 1
178127 642678 1
146634 796302 1
146634 1180115 1
117385 655348 1
490690 579219 1
490690 1119373 1
490690 681734 1
248191 925574 1
248191 607688 1
248191 458344 1
470814 1248073 2
665197 1070173 1
829093 1523070 2
829093 1393215 1
1198908 1436983 1
404684 1498012 1
673786 722238 1
598359 1166358 1
598359 1002565 1
454136 1202652 1
454136 1279799 1
190420 301422 1
289049 1235639 1
289049 587447 1
903253 1117664 1
534788 619121 1
124467 987682 1
75238 206241 1
182211 783169 1
173433 451704 1
152402 366546 1
152402 203779 1
300364 575797 1
300364 442647 1
340690 1039652 1
122905 344444 1
906107 1007369 1
974798 1415662 1
190261 850742 1
794324 1357644 1
794324 1190653 1
343352 458590 1
343352 1264963 1
427059 633199 2
427059 1260167 1
705179 1201043 1
705179 1294943 1
985544 1368728 1
985544 1240218 1
985544 987173 1
371595 986427 1
600698 860840 1
600698 1491763 1
106905 290431 1
106905 1092646 1
307839 765646 1
7018 218130 1
1006406 1300142 1
1156920 1531336 1
37244 159241 1
37244 697204 1
37244 461971 1
37244 74302 1
121653 880331 1
121653 1171190 1
613624 1076083 1
613624 1264857 1
172895 1386663 1
41180 169369 1
41180 745601 1
848174 1374472 1
18329 204273 1
18329 1353076 1
18329 699821 1
275057 975337 1
275057 1368728 1
275057 744230 1
1598 596570 1
1598 204068 1
1039665 1088269 1
268430 336575 1
268430 383536 1
226724 922731 1
226724 721188 1
226724 542388 1
226724 378001 1
226724 946575 1
226724 769130 1
226724 1246167 1
237325 1518157 1
339165 416946 1
137795 535198 1
970564 1156920 1
970564 996398 1
970564 1531336 1
339748 965368 1
361766 826186 1
361766 410973 1
361766 1065019 1
361766 878919 1
254909 284186 1
39289 158721 1
39289 1108296 1
39289 1088642 1
429066 1358051 1
429066 1388164 1
429066 570152 1
147761 831958 1
502870 797179 1
517620 873874 2
517620 1385632 1
325537 537650 1
488441 1183124 1
29071 40443 1
216559 995173 1
216559 406719 1
216559 506677 1
216559 995790 1
1246611 1290151 2
385288 487388 2
318303 476720 1
318303 1262191 1
677251 1049941 1
677251 1292895 1
677251 1494150 1
899898 1413295 1
177432 1537698 1
594671 659538 1
594671 856506 1
59234 1526736 1
521297 1084368 1
521297 1440139 1
452170 514790 1
638552 990967 1
1523070 1223018 1
91372 754542 1
91372 1139752 1
91372 644483 1
91372 896933 1
22505 295870 1
22505 712475 1
22505 1047578 1
304734 816095 1
127158 244785 1
110413 961122 1
110413 825346 1
331818 758615 1
331818 1149869 1
331818 773963 1
331818 448466 1
331818 681883 1
331818 1172214 1
331818 1099124 1
331818 1294711 1
217777 225815 1
217777 1528335 1
411846 1142122 1
411846 1379672 1
15204 1051998 1
279608 583884 1
343989 1234684 1
1394606 1335680 1
1083449 1235974 1
1083449 1186907 1
592997 1253766 1
56623 69001 2
56623 1435951 1
493799 755948 1
322883 757740 1
119741 1505416 1
119741 772751 1
119741 1035877 1
119741 1123533 1
889042 1109461 1
87176 459914 1
87176 680418 1
830393 1514564 1
830393 981920 1
469576 681379 1
27272 1057145 1
56755 1189168 1
56755 399741 1
56755 819931 1
56755 1122860 1
56755 1390699 1
56755 832425 1
536448 1052701 1
536448 1281750 1
488393 491618 2
488393 862439 1
348501 1317104 1
334990 491089 1
334990 866651 1
334990 697928 1
442647 575797 1
832425 1390699 1
832425 1189168 1
832425 1122860 1
602451 1124207 1
130162 489633 1
402229 1126963 1
402229 985544 1
402229 595999 1
402229 1398422 1
402229 756609 1
402229 1110623 1
402229 1120181 1
402229 1368728 1
402229 461165 1
402229 1240218 1
909773 1061022 1
181082 862439 1
57750 156775 1
57750 194320 1
157522 925574 1
157522 607688 1
157522 458344 1
157522 248191 1
99563 262747 1
99563 1216938 1
246367 750248 1
1280748 1352640 1
16958 806659 1
63747 908196 1
240241 856727 1
13338 1401842 1
13338 429149 2
13338 903157 1
646805 858871 1
485767 602451 1
485767 881427 1
485767 1124207 1
485767 557643 1
755948 833871 1
42226 945893 1
997525 1453502 1
190232 960674 1
367659 1380025 1
860187 1092385 1
135845 353552 1
135845 858871 1
135845 433983 1
135845 646805 1
289143 1518157 2
63298 494415 1
63298 660594 1
63298 212863 1
572632 781560 1
298323 540096 1
298323 804191 1
298323 714776 1
298323 913695 1
1131592 1176408 1
1024725 1500664 1
386912 830363 1
639399 847648 1
1290695 377604 1
347501 1417647 1
440243 1343768 1
878976 989035 1
878976 960422 1
827558 1504493 2
786590 1105873 1
964408 1055918 1
1117646 1131367 1
219016 1395087 1
219016 1465404 1
219016 1185079 1
298430 1456580 1
298430 706536 1
298430 346953 1
298430 572272 1
298430 312797 1
400682 612762 1
109601 941800 1
106148 1131157 1
243284 497017 1
198398 234883 1
243512 735140 1
148732 312184 1
602467 617662 1
602467 808965 1
566849 747362 1
910602 1530532 1
910602 1238170 1
516874 1172350 1
252336 463826 2
1131132 1533577 2
1494150 1530532 1
418337 751180 2
83756 521857 1
83756 551733 1
83756 419155 1
197773 1076255 1
169982 422682 1
709570 1327890 1
775466 989035 1
775466 960422 1
775466 878976 1
637521 848174 1
637521 1374472 1
243609 1518157 1
118505 1207054 1
118505 1280293 1
118505 523559 1
893605 1010555 1
337409 451901 1
258065 944539 1
474663 511060 1
876354 1166798 1
179912 1333020 1
635348 847648 1
62594 754305 1
62594 1002459 1
487736 639131 1
416116 1215587 1
6414 139360 1
31603 605385 1
31603 815503 1
31603 150230 1
399877 424616 1
303023 871049 1
50489 579219 1
50489 1119373 1
50489 397273 1
50489 681734 1
50489 490690 1
434064 686711 1
289635 1328091 1
289635 746293 1
466905 1169538 1
466905 1311133 1
433819 705179 1
548019 1114975 1
5583 141246 1
35076 619774 1
143297 421818 1
143297 245199 1
358123 426750 2
358123 807054 2
38681 923384 1
38681 175477 1
38681 166819 1
912281 1186952 1
412742 548047 1
263857 1094413 1
1278077 1325774 1
508209 1155180 1
508209 902365 1
63326 892528 1
206784 395405 1
206784 643422 1
206784 541525 1
206784 879860 1
206784 325503 1
206784 622234 1
708822 1297800 1
708822 805937 1
708822 1185608 1
708822 1195463 1
76874 204266 1
76874 258354 1
335121 1189565 1
770340 1384111 1
735420 983914 1
207942 412142 1
63328 1292582 1
877482 1237921 1
581863 591823 1
1330061 1419470 1
714776 804191 1
714776 913695 1
554278 1213767 1
825346 961122 1
497333 928198 1
791523 1259639 1
1306186 1396582 1
313794 916945 2
785834 1515237 1
785834 1307104 1
785834 1171378 1
19682 119741 1
19682 772751 1
19682 1035877 1
19682 1123533 1
19682 1505416 1
336575 383536 1
259117 864473 1
259117 345793 1
259117 799913 1
314208 491536 1
314208 475490 1
314208 539790 1
314208 346802 1
870903 1084683 2
162320 1064501 1
162320 683949 1
323105 1348991 1
81223 131588 1
81223 394630 1
81223 1292144 1
81223 1479310 1
544814 801271 1
154216 1301839 1
153245 874579 1
963636 1089072 1
801377 1357270 2
514226 903527 1
60156 793642 1
60156 230433 1
1330274 1346729 1
52532 283499 1
215052 302508 1
215052 761229 1
215052 882716 1
221874 819820 2
826879 1144712 3
542388 1246167 1
542388 721188 1
457609 908196 1
244774 431086 2
244774 948457 3
350661 412742 1
350661 548047 1
99828 149730 1
99828 1393215 1
1238170 1530532 1
638966 862439 1
700023 813600 1
158662 267354 1
911098 1221932 1
557643 881427 1
557642 1113566 1
557642 1463302 1
655434 1468456 1
655434 758458 1
655434 893465 1
345793 864473 1
345793 799913 1
555108 1505079 1
555108 711941 1
118865 381647 1
317546 409382 1
317546 1076144 1
37980 1111552 1
906630 1018966 1
280617 1525202 1
280617 1493755 1
280617 442775 1
1063008 1107155 1
469905 1134815 4
1076250 1238388 1
1145024 1388334 1
254781 880065 1
191894 772910 1
585576 1308160 1
107178 372817 1
107178 642721 1
175733 405141 1
175733 461522 1
175733 297173 1
175733 1238388 2
539637 1143109 1
539637 763372 1
539637 619121 1
144927 607778 1
682426 1057698 2
78157 227997 1
222064 867729 1
158849 1154903 1
158849 636899 1
1388504 1464367 1
373955 650684 1
373955 482124 1
373955 1068620 1
373955 596488 1
40816 1448893 1
40816 541648 1
40816 1491423 1
239765 612148 1
666 1339007 1
666 619774 1
666 189389 1
666 121222 1
11050 153487 1
765964 901934 1
765964 1522613 1
479451 560920 1
24490 1393950 1
1104758 1414115 2
1104758 1211108 2
1104758 1409665 1
156432 626013 1
156432 432785 1
156432 338606 1
156432 1482113 1
156432 510098 1
159643 841501 1
368438 522343 1
826186 1065019 1
826186 878919 1
207574 617662 1
207574 602467 3
207574 808965 1
175020 1512426 1
8437 804593 1
8437 524549 1
225815 1528335 1
383507 422714 1
173255 366902 1
369051 450853 2
257140 595066 1
257140 1117646 1
257140 1131367 1
801815 1034508 1
133944 1453502 1
133944 997525 1
133944 710140 1
110720 705268 1
319436 1213767 1
319436 485496 1
319436 554278 1
92489 595960 1
92489 580755 1
92489 1318218 1
236200 488889 1
234662 960422 1
234662 775466 1
234662 989035 1
234662 878976 1
430153 1096044 1
261999 1440624 1
761071 779659 1
373171 661428 3
373171 503628 3
373171 524053 3
340301 1440583 1
340301 817088 1
562007 1081064 1
109175 1512215 1
109175 1240218 1
451919 1105873 1
451919 786590 1
155154 470814 1
521329 1246611 2
521329 1290151 2
1395087 1465404 1
409984 748117 1
896933 1139752 1
660834 1402998 1
754305 1002459 1
1037662 1475836 1
933717 949847 1
757819 1285884 1
148105 312880 1
148105 254057 1
148105 572463 1
148105 1266265 1
494827 967115 1
205039 235565 1
263932 1515237 1
263932 653153 1
263932 1307104 1
263932 1171378 1
263932 785834 1
84969 233428 1
84969 990719 1
1103298 1247321 1
197390 230786 1
505644 969544 1
505644 541070 1
832626 1482331 2
832626 1135417 2
103519 295844 1
521857 551733 1
260809 610098 1
483739 809294 1
75594 173433 1
885177 1131592 1
885177 1176408 1
970935 1101251 1
593201 904534 1
372535 1393215 1
372535 594741 1
372535 404303 1
372535 1155617 1
1155617 1393215 1
754542 1139752 1
754542 896933 1
158206 280224 4
158206 1458196 1
596857 934008 1
221866 1508314 1
221866 1023601 1
156775 194320 1
1135820 1255599 1
461971 697204 1
1868 1020093 1
1009520 1286661 1
887821 1539637 1
818469 1234272 1
168188 1297137 1
603725 843441 1
972991 1152268 1
1005651 1226398 1
558230 1036924 1
459294 537077 1
1309786 1413728 1
639625 1004895 1
2037 1207054 2
2037 1280293 1
2037 118505 1
2037 523559 1
2037 1072602 1
1221209 1255576 1
432785 807521 1
432785 750162 1
432785 338606 1
432785 510098 1
459747 916768 1
456927 1037418 1
20576 1492589 1
290431 1092646 1
243062 541900 1
846439 923239 1
716977 1129136 1
137619 646884 1
419155 521857 1
419155 551733 1
619121 1143109 1
619121 763372 1
371163 621262 1
371163 1409645 1
371163 417052 1
371163 482851 1
419930 1022361 1
575378 642046 1
122085 791523 1
788473 1153890 1
506012 1504493 1
506012 827558 1
261093 788014 1
78417 303023 1
78417 236812 1
78417 871049 1
233052 625664 1
233052 1084683 4
231567 967652 1
231567 613635 1
231567 795835 1
192831 827940 1
192831 848252 1
192831 571709 1
192831 305734 1
848468 1235974 1
848468 1186907 1
848468 1083449 1
239753 510298 2
239753 952401 1
239753 652217 1
541842 1324918 1
325503 395405 1
325503 643422 1
325503 541525 1
325503 879860 1
325503 622234 1
154998 626013 2
154998 914923 2
154998 891213 3
154998 433983 2
154998 475962 2
747197 1285858 1
290619 758615 3
290619 303921 1
290619 1149869 2
290619 773963 3
290619 448466 1
290619 681883 3
290619 331818 1
290619 1172214 1
290619 1099124 3
290619 1294711 2
148279 1253086 1
148279 443677 1
148279 608179 1
148279 537077 1
148279 468594 2
148279 459294 1
789058 1012394 1
789058 1306186 1
789058 1396582 1
409382 1076144 1
324696 954759 1
210044 289152 2
595066 1117646 1
595066 1131367 1
238915 967550 1
238915 538532 1
238915 968231 1
238915 1063999 1
238915 1101731 1
288631 470430 1
769130 922731 1
769130 946575 1
990994 1477674 1
990994 1415046 1
429149 903157 1
429149 1401842 1
889475 1489566 1
133959 168188 1
133959 1297137 1
140027 811053 1
140027 516283 1
140027 1245434 1
140027 1411623 1
5561 784799 1
531856 1053312 1
136525 801815 1
136525 1034508 1
136525 331459 1
399741 1189168 1
399741 1390699 1
399741 832425 1
399741 819931 1
399741 1122860 1
467434 1163738 1
467434 846693 1
681158 927622 1
420402 899567 1
159241 697204 1
159241 461971 1
296056 793023 1
689499 1114014 1
1307104 1515237 1
220033 254057 1
398703 1161970 1
207439 904534 1
207439 593201 1
599326 1286661 1
599326 1009520 1
431854 624196 1
817122 1194935 1
82796 794772 1
82796 963489 1
802170 1276575 1
802170 1429683 1
406719 995173 1
624857 887821 1
624857 1539637 1
877465 1242968 1
107998 841501 1
107998 159643 1
633207 706431 1
754338 1151126 1
316964 1023218 1
104312 162654 1
165571 810293 1
551365 906630 1
551365 729664 1
551365 1018966 1
253460 293956 1
788407 947203 1
788407 888567 1
788407 1137748 1
183813 252336 1
183813 463826 1
183813 617339 1
94080 793853 1
82867 1117664 1
32343 1120618 1
32343 479318 1
459914 680418 1
1218123 1374928 1
876697 1468456 1
572272 1456580 1
572272 706536 1
890162 1132903 1
259175 1273859 1
878144 1532842 1
573005 740734 1
573005 1369807 1
1074675 1395087 2
1074675 1185079 1
595999 1398422 1
595999 1126963 1
595999 1110623 1
38740 302093 1
617776 1065577 1
269437 456927 1
269437 1037418 1
973743 979564 1
973746 1092385 1
36249 152402 1
36249 366546 1
36249 203779 1
69737 1219574 1
93980 418529 1
93980 114150 1
93980 1176408 1
93980 885177 1
93980 1131592 1
93980 459927 1
93980 809699 1
1072602 1207054 1
270249 1104968 1
418529 1131592 1
418529 1176408 1
418529 459927 1
418529 809699 1
418529 885177 1
45516 323939 1
329261 1046020 1
212863 494415 1
212863 660594 1
90758 525666 1
44735 734871 1
572463 1266265 1
711128 1357644 1
711128 794324 1
711128 734972 1
167552 241960 1
1002565 1166358 1
42891 677163 1
105261 1207795 1
105261 707973 1
291131 795967 1
786897 1439188 1
932568 1196918 1
797050 967565 1
422447 673786 1
422447 722238 1
54598 865485 1
781578 1492352 1
656673 1066865 1
387899 1057716 1
387899 854297 1
387899 754282 1
387899 1229540 1
387899 657898 1
443677 468594 1
870142 1253433 1
102111 1145839 1
831856 958251 1
831856 966564 1
257780 316745 1
257780 549370 1
1137641 1253443 1
537295 1097002 2
197729 836818 1
949134 1437513 1
705218 954924 1
1186907 1235974 1
5302 1057698 1
5302 682426 1
601708 1221209 1
313584 513235 1
981089 1238388 1
511445 1069395 1
569032 818921 1
569032 663534 1
665557 676619 1
238613 861047 1
738142 1054091 1
738142 994168 1
443244 1053799 1
443244 515041 1
178964 200710 2
178964 445985 2
316745 549370 1
233244 1365104 1
541525 879860 1
541525 643422 1
541525 622234 1
303311 1117687 1
303311 328687 1
76598 854920 1
76598 687547 2
454873 1260827 1
454873 922808 1
454873 647646 1
454873 480156 1
454873 864274 1
811053 1245434 1
811053 1411623 1
34248 246751 1
607778 870176 1
843102 1114691 1
136399 275057 1
703910 875921 1
607395 827666 2
607395 1237921 2
607395 877482 1
88435 443702 1
88435 387948 1
439200 519350 1
203576 405174 1
1063999 1101731 1
676181 841843 1
155003 863283 1
472515 1435878 1
509504 1468456 1
509504 758458 1
466821 621370 1
282507 877722 1
218936 969484 1
218936 256438 1
1061043 1436154 2
296047 356873 1
296047 1138975 1
296047 1336026 1
177694 1055918 1
177694 964408 1
344300 487133 1
1045607 1268693 1
564880 1007288 1
564880 1369290 1
73984 240987 1
525665 974798 1
525665 1415662 1
117932 954236 1
79463 1394812 1
224295 554278 1
224295 1213767 1
224295 309527 1
224295 319436 1
224295 701857 1
224295 485496 1
224295 573594 1
595960 1318218 1
73342 157522 1
73342 875921 1
73342 925574 1
73342 607688 1
73342 703910 1
73342 458344 1
73342 248191 1
1171378 1515237 1
1171378 1307104 1
38911 197735 1
65605 1512426 1
65605 175020 1
223085 702246 1
88745 102248 1
144303 570104 1
647646 1260827 1
647646 922808 1
647646 864274 1
729664 906630 1
729664 1018966 1
683949 1064501 1
88066 471477 1
88066 781578 1
88066 763460 1
88066 1492352 3
69927 1437400 1
69927 320461 1
69927 839117 1
266523 681333 1
103531 551146 2
541070 969544 1
468641 1116563 1
405141 461522 1
405141 1238388 1
121999 122546 1
121999 201947 1
859831 1029299 1
431264 1295759 1
23769 900572 1
57719 1468456 1
57719 509504 1
57719 212195 1
57719 758458 1
244513 1518498 1
244513 1228436 1
354600 466821 1
354600 621370 1
402065 1121283 1
402065 689006 1
75977 674364 1
75977 227997 1
458344 607688 1
458344 869796 1
458344 1011142 1
458344 925574 1
96695 184605 1
125783 324785 1
125783 242469 1
1433186 1500207 1
353385 1399911 1
535198 1386184 1
535198 706765 1
139360 344944 1
1126963 1398422 1
227997 390404 1
998695 1251099 1
270652 344630 1
270652 301698 1
991590 1322369 1
42284 175477 2
309667 967469 1
181967 523952 1
181967 1482113 1
727467 969113 5
707973 1207795 1
707973 1382377 1
707973 1178547 1
344909 1339007 1
36181 396748 1
141888 820993 2
141888 498715 1
1045205 1170317 1
739554 1402115 1
165898 247672 1
1415046 1477674 1
80431 1046031 1
885336 1343038 1
306704 854627 1
211614 490091 1
605384 838536 1
12177 795826 1
12177 899891 1
276891 756614 1
1507758 1636742 1
1507758 1523070 1
70508 353552 1
70508 433983 1
70508 646805 1
70508 858871 1
70508 135845 1
70508 513235 1
70508 313584 1
805937 1297800 1
805937 1195463 1
805937 1185608 1
1185608 1195463 1
1185608 1297800 1
320461 1437400 1
320461 839117 1
53815 593113 1
102295 1268499 1
102295 389727 1
102295 1497978 1
102295 722337 1
654171 1511131 1
436801 1486675 1
1003627 1200991 1
1003627 1364919 1
24050 57719 1
24050 1468456 1
24050 509504 1
24050 212195 1
24050 758458 1
609434 775697 1
499230 1218229 1
443669 1154242 1
626524 706543 1
485496 1213767 1
485496 554278 1
78325 398679 1
78325 252965 1
304855 1097002 2
304855 537295 2
719729 1076549 2
25491 433983 1
25491 646805 1
25491 67791 1
25491 858871 1
25491 135845 1
25491 70508 1
25491 353552 1
33001 801815 1
33001 1034508 1
33001 331459 1
33001 136525 1
1386776 1529931 3
1386776 1493404 1
608259 917535 1
608259 1200267 1
893465 1468456 1
197731 502759 1
827666 1237921 2
827666 877482 1
804191 913695 1
706536 1456580 1
512027 521297 1
512027 1084368 1
512027 1440139 1
471477 781578 1
471477 1492352 1
149555 561093 1
83227 836756 1
83227 1192935 1
800188 842694 2
282887 938702 1
1020093 1095295 1
1233379 1388848 1
1122860 1390699 1
1122860 1189168 1
621370 1057055 1
481862 1172726 1
529499 577102 1
212195 1468456 1
212195 509504 1
212195 758458 1
269975 666911 1
637898 717801 1
710724 1525541 1
710724 1054818 1
202173 371204 1
202173 834101 1
202173 730106 1
662590 892367 1
662590 1365104 1
786535 1222225 1
786535 916325 1
538642 728359 1
375088 1095295 1
375088 1020093 1
335542 1131370 2
763460 1492352 1
1314365 1441655 1
747970 1135406 1
365567 439200 1
365567 1086024 1
15412 280339 1
15412 82286 1
222905 1273900 1
222905 376231 1
399769 652052 1
67484 269493 1
378353 605384 1
378353 838536 1
378353 1142565 1
6870 327423 1
1018789 1152915 1
761229 882716 1
761229 1273311 1
193248 774548 1
433983 914923 2
433983 646805 1
433983 858871 1
433983 626013 2
433983 891213 2
433983 475962 2
541648 1448893 1
541648 1491423 1
712475 1047578 1
7404 529379 1
196252 933717 1
261707 1286661 1
261707 599326 1
261707 1009520 1
792277 1100372 1
196059 309493 1
196059 403498 1
196059 846589 1
196059 218886 1
750162 807521 1
477485 1076787 2
109034 758615 1
109034 303921 1
109034 1149869 1
109034 290619 1
109034 1099124 1
109034 448466 1
109034 681883 1
109034 331818 1
109034 1172214 1
109034 773963 1
109034 1294711 1
109034 166485 1
109034 278541 1
93076 339165 1
93076 416946 1
322 139188 2
378001 1246167 1
378001 721188 1
378001 542388 1
94260 761229 1
94260 172301 1
94260 215052 1
94260 302508 1
94260 882716 1
94260 391033 1
407606 1392028 1
359123 887283 1
744230 1368728 1
589369 1479213 1
1113566 1463302 1
261491 826186 1
645986 868102 1
124024 899567 1
124024 420402 1
494479 809036 1
786342 840726 1
66883 74831 1
66883 328470 1
66883 1205066 1
66883 312826 1
66883 595999 1
66883 625022 1
66883 647970 1
66883 80540 1
17478 342996 1
116650 1514564 1
116650 981920 1
116650 830393 1
116650 223970 1
335944 597112 1
991431 1085346 1
125776 619774 1
482851 1409645 1
482851 621262 1
605713 654171 1
605713 1511131 2
605713 1481635 1
523559 1207054 1
523559 1280293 1
922290 1460034 1
262614 310981 1
387302 541900 1
99864 451919 1
99864 1105873 1
99864 242326 1
99864 786590 1
167628 955980 1
852798 1514047 1
1057716 1229540 1
96776 1165982 1
96776 374212 1
309493 403498 1
309493 846589 1
328687 1117687 1
93309 452473 1
93309 1230611 1
45226 375239 1
657706 1518671 1
1052701 1281750 1
387948 443702 1
60754 392008 1
75638 396955 2
244649 339224 1
1054060 1326183 1
70285 381647 1
53828 319436 1
53828 485496 1
53828 1213767 1
53828 224295 1
53828 554278 1
926191 1368450 1
523952 1482113 1
809699 1131592 1
809699 1176408 1
809699 885177 1
622234 879860 1
622234 643422 1
619774 1339007 1
619774 1313076 1
75623 994785 1
800061 849450 1
1172214 1294711 1
175687 490861 1
467376 831652 1
248275 964216 1
248275 1182051 1
281036 1005817 1
683624 948160 1
902365 1155180 2
697928 866651 1
254057 312880 1
254057 1049773 1
254057 572463 1
254057 1266265 1
481104 1382610 1
426750 807054 2
427411 1436692 1
427411 677408 1
427411 871732 1
427411 734103 1
255053 954924 1
223999 916097 1
280039 1476712 1
280039 412623 1
152025 1003627 1
152025 1364919 1
290067 528549 1
290067 536828 1
996398 1156920 1
996398 1531336 1
160385 1092385 1
158884 451704 1
158884 173433 1
138446 269719 1
138446 189584 1
1049941 1292895 1
319768 758489 1
1007288 1369290 1
8745 349853 1
516283 811053 1
516283 1245434 1
516283 1411623 1
142557 1178547 1
142557 707973 1
251802 257478 1
251802 391878 1
689006 1121283 1
299731 835742 1
605385 815503 1
607489 765964 1
607489 901934 1
607489 1522613 1
454852 892074 1
1409665 1414115 1
225101 1414160 1
882980 1024130 1
212055 593358 1
375053 1247321 1
375053 602490 1
226816 889042 1
226816 1109461 1
801850 953568 1
27632 629775 1
27632 214680 1
1240218 1512215 1
1240218 1368728 1
355710 395204 1
706765 1386184 1
657898 1057716 1
657898 854297 1
657898 754282 1
657898 1229540 1
562596 874579 1
374454 785491 1
728197 1157454 1
131588 394630 1
131588 1292144 1
131588 1479310 1
214680 629775 1
291207 1126733 1
291207 740318 2
291207 442577 1
312430 1090600 2
312430 540297 2
365014 1117664 1
800055 1102660 1
800055 1255599 1
800055 1135820 1
287357 737535 1
249250 933665 1
343925 494827 1
343925 967115 1
177836 454367 1
734103 1436692 1
734103 871732 1
1192156 1532449 1
1084368 1440139 1
353502 1235974 1
353502 848468 1
353502 1186907 1
353502 1083449 1
308454 934433 1
79481 632783 2
79481 234493 1
79481 964174 3
318810 1048156 2
355002 736628 1
842095 1361878 1
842095 1004069 1
89365 786139 1
338606 582484 1
338606 1191996 1
338606 510098 1
253215 700432 2
273173 621262 1
273173 1409645 1
273173 417052 1
273173 482851 1
273173 371163 1
1138975 1336026 1
497564 507972 1
564993 1402998 1
564993 660834 1
150230 605385 1
150230 815503 1
475962 626013 2
475962 914923 2
475962 891213 2
303921 758615 1
303921 1149869 1
303921 773963 1
303921 448466 1
303921 681883 1
303921 331818 1
303921 1172214 1
303921 1099124 1
303921 1294711 1
328470 595999 1
25078 562007 1
25078 1081064 1
215312 318895 1
726059 803295 1
726059 1253973 1
459927 1131592 1
459927 1176408 1
459927 809699 1
459927 885177 1
465167 483739 1
465167 809294 1
377155 763876 1
262590 937154 1
230433 791189 1
230433 793642 1
603728 841810 1
603728 1380481 1
872172 1524656 1
1636742 1523070 1
922946 1441655 1
922946 1314365 1
166819 923384 1
166819 175477 1
806335 1435316 1
121222 1518157 1
121222 243609 1
1201043 1294943 1
791972 1290703 1
613227 1437513 1
613227 949134 1
219954 458590 1
219954 343352 1
219954 1264963 1
277586 757142 1
116313 850742 1
116313 166801 1
116313 190261 1
1317201 1346729 1
1317201 1330274 1
622954 704298 1
141222 193313 1
645206 812864 1
277454 749497 1
821304 911006 2
295844 1282493 1
36858 791523 1
36858 180569 2
36858 1259639 1
536602 974798 1
449681 935607 1
449681 1365984 1
644483 754542 1
644483 1139752 1
644483 896933 1
582644 628542 1
582644 827392 1
716624 1262563 1
1035877 1505416 1
1035877 1123533 1
196888 925573 1
80129 1358051 1
80129 1388164 1
80129 570152 1
80129 429066 1
162001 1020130 1
141193 193313 1
141193 141222 1
800079 887564 1
894549 1221209 1
199539 470430 1
199539 288631 1
1363781 1508758 1
320330 1076083 1
320330 613624 1
200710 445985 2
694549 1265994 1
211096 971217 1
540910 638966 1
597892 1497834 1
597892 1226650 1
342181 1394046 1
176301 1165896 1
176301 328357 2
336280 452620 1
336280 1461898 1
336280 609679 1
158721 1108296 1
158721 1088642 1
175477 248994 2
175477 543781 2
175477 923384 2
175477 778927 1
175477 1032774 2
175477 1026582 1
175477 1004691 4
42133 1163738 2
42133 467434 1
42133 846693 2
42133 287126 1
42133 878645 1
42133 273727 1
42133 247381 1
567087 1063008 1
609679 1461898 1
264834 560920 1
264834 479451 1
1573476 1636743 1
1573476 14088701 1
251961 583884 1
251961 279608 1
285853 362278 1
391236 608259 1
391236 917535 1
391236 1200267 1
1088642 1108296 1
636899 1154903 1
112562 555301 1
772751 1505416 1
772751 1035877 1
772751 1123533 1
981920 1514564 1
347165 508209 1
347165 902365 1
347165 551304 1
347165 1155180 1
570104 1341287 2
800301 849384 1
123716 243062 1
123716 541900 3
938471 1170317 1
938471 1045205 1
841810 1380481 1
308208 1045205 1
308208 938471 1
308208 1170317 1
452691 634701 1
76709 243989 1
67640 314854 1
543792 556575 2
528549 536828 1
173203 1213225 1
773691 809283 1
773691 1185018 1
273581 679243 1
437553 732906 1
437553 1041928 1
538532 967550 1
538532 968231 1
538532 1063999 1
538532 1101731 1
628542 827392 1
31225 602490 1
1452379 1473375 1
29170 703335 1
370635 978531 2
393390 412623 1
758489 1363203 1
769005 1294815 1
273768 1352640 1
273768 1280748 1
262363 1531336 1
262363 970564 1
262363 996398 1
262363 1156920 1
907311 1265488 1
256742 508947 1
406570 639906 1
716653 1358615 1
225667 1541185 1
225667 260791 1
136902 1142745 1
16833 359123 1
50937 471681 1
50937 1478251 1
