180167 1444831 2
241219 581725 1
241219 969596 1
590699 683522 1
590699 978202 1
988246 1104951 1
988246 1189881 1
988246 1013188 1
650127 1324918 1
149492 638966 3
149492 403080 4
149492 412623 2
149492 443677 1
968324 1520883 1
716331 887052 1
945808 1049773 1
435482 1286028 1
992732 1227019 1
180569 266523 1
180569 679159 1
521226 706953 1
521226 809873 1
460468 708916 1
460468 551304 1
460468 657153 2
460468 1393215 3
74831 685271 1
74831 1120181 1
74831 527025 1
74831 401721 1
74831 84798 1
74831 776310 1
74831 1537127 3
74831 481037 1
74831 97270 1
6357 364269 1
6357 446148 1
6357 663720 1
807521 1346425 1
807521 964463 1
45466 196644 1
807527 1098819 1
1169337 1357608 1
1169337 1172961 1
214092 571775 1
470896 796302 1
647762 1477489 1
647762 858019 1
567318 789458 1
567318 1013859 1
567318 811931 1
794234 818860 1
65875 1031883 1
65875 806553 1
177311 207078 1
177311 638552 1
599102 947332 1
1109423 1448593 1
1109423 1204966 1
113157 908196 1
567811 1325773 1
277865 1388369 1
277865 1374472 1
888567 1258746 1
460281 589750 1
90827 1120843 1
128905 263872 1
128905 1269284 1
7888 745127 1
348604 975504 2
242514 296427 1
242514 645206 1
672871 929989 1
1097405 1104966 1
951094 1426628 1
951094 1159253 1
392755 1231631 1
392755 599127 1
498421 1281441 1
498421 901795 1
65500 373048 1
611745 1102435 1
237708 252296 2
441360 1221209 1
36441 127982 1
36441 585159 1
539923 896584 1
539923 1266411 1
539923 877143 1
1188293 1381956 1
1188293 1454908 1
6375 912281 1
6375 823312 1
417832 892138 1
417832 942533 1
18451 510544 1
18451 1128401 1
390287 830815 1
820972 1525257 1
509473 794776 1
49306 205510 1
58985 1068406 1
58985 572130 1
58985 1233160 1
58985 1039260 1
719756 750397 1
401721 988922 1
63594 478602 1
210318 394488 1
1105504 1263115 1
773963 1099124 1
414922 889398 1
823312 912281 1
1071219 1411058 1
695202 866651 1
949467 955072 1
478093 826316 1
163500 794389 1
256296 706911 1
722411 999355 1
123962 1450096 1
123962 1050781 1
534615 1095295 1
700428 935794 1
700428 930607 1
351001 792395 1
296427 645206 2
179984 826879 1
179984 1144712 1
522154 1370590 1
718888 1099153 1
1376166 1484023 1
694423 1094356 1
694423 1124207 1
694423 1208991 1
694423 1317196 1
1072936 1102520 1
1072936 1226223 1
1072936 1201900 1
174221 745599 1
660546 1498050 1
543781 1004691 1
851693 1073358 2
143173 1069592 1
175648 334875 1
108488 501897 1
108488 719756 1
108488 164628 1
108488 386737 1
108488 750397 1
108488 1339474 1
108488 214679 1
108488 655346 1
108488 462080 1
108488 335265 1
946487 1303782 1
23053 63297 1
1270100 1528289 1
806477 1395368 1
806477 1070303 2
806477 1153214 1
256632 554970 1
256632 522378 1
403080 638966 2
403080 412623 1
634019 932648 1
230393 607489 1
230393 291719 1
1115768 1483035 1
212145 947462 1
234551 1049307 1
234551 443002 1
91683 353993 1
91683 499257 1
91683 744747 1
901795 1281441 1
946663 1191102 1
946663 1267375 1
7451 349806 1
580100 1071219 1
580100 1411058 1
119046 992262 1
759700 814379 1
925525 953036 1
746433 899567 1
431003 630712 1
287159 311721 1
406589 423242 1
795588 889494 1
5990 1305211 1
131476 1212681 1
131476 744230 1
131476 196045 1
496949 1108183 1
1077824 1280467 1
1077824 1120974 1
184449 352760 1
184449 491263 1
857771 862439 1
857771 944226 1
102000 647970 1
102000 834459 1
253434 487578 1
758548 1520487 1
159547 326631 1
159547 782586 1
903256 981064 1
412623 857771 1
412623 443677 2
412623 638966 3
412623 963489 1
412623 862439 6
412623 540910 1
412623 680446 1
412623 697506 1
244818 1083772 1
888482 1164824 1
877722 1054091 1
185178 963489 1
192762 644537 1
697506 862439 1
308266 714324 1
308266 683703 1
1070303 1395368 1
1070303 1153214 1
120738 1481635 1
428249 1084403 1
409926 1158148 1
166833 422447 1
166833 673786 1
166833 722238 1
166833 288074 1
166833 276132 1
474591 1179022 1
474591 978376 1
560252 1263469 1
573148 951553 1
755254 1317702 1
806553 1031883 1
270129 758615 2
270129 1293307 1
270129 773963 1
270129 998631 1
270129 519141 1
270129 1265942 1
270129 1099124 1
205415 314208 1
205415 475490 1
205415 346802 1
453568 475962 1
785880 1265319 1
240313 1010410 1
240313 831856 1
102947 582644 1
102947 1307329 1
102947 628542 1
79820 626707 1
143994 827340 1
671065 959094 1
626702 932473 1
1054091 1057049 1
254283 644179 1
254283 349837 1
254283 967638 1
135207 1164200 1
135207 1164199 1
717786 1221209 1
33197 346016 1
41351 62872 1
41351 396331 1
248027 942744 1
399769 1233632 1
399769 936164 1
10398 1094951 1
10398 1289293 1
10398 1538647 1
602852 1493785 1
602852 1440810 1
602852 769794 1
1191669 1381699 1
191748 725756 1
191748 516496 1
191748 899958 1
698402 895782 1
698402 910121 1
698402 771035 1
1163282 1235028 1
895782 910121 1
618547 794324 2
62872 396331 1
584694 1328873 1
1239890 1262478 1
939782 1201043 1
939782 1294943 1
889949 1267439 1
41170 493907 1
41170 519573 1
41170 156445 1
718966 827666 1
718966 1443019 1
285789 540300 1
38635 1201043 1
38635 800867 1
1494150 1530532 1
578036 1042304 2
537409 724706 1
20467 707439 1
20467 177466 1
20467 975258 1
20467 73314 1
211436 509473 1
211436 794776 1
1182614 1370696 1
470430 1024698 1
470430 659276 1
683703 714324 1
510808 732607 1
218413 1476712 1
218413 758489 1
313553 1202475 1
83267 1289663 1
477196 1291536 1
477196 1520083 1
477196 1128850 1
477196 654968 3
321778 1349854 1
419355 647891 1
419355 1283962 1
1213634 1333400 1
347561 426986 1
663534 818921 1
334117 535198 1
334117 1399445 1
334117 1269457 1
334117 1315633 1
334117 863491 1
334117 597774 1
334117 867442 1
604016 981231 1
620445 1446781 1
620445 1242563 1
243315 409849 1
1139257 1262442 1
1120751 1207492 2
1243144 1252423 1
964463 1346425 1
17830 1441797 1
17830 243284 1
769484 832372 1
207078 638552 1
637454 724888 1
575289 821304 1
575289 1325052 1
677525 597117 1
677525 251429 1
887121 1224103 1
794243 795408 1
133534 626013 1
137674 538785 1
137674 228605 1
137674 740734 1
226687 460274 1
604799 1092923 2
604799 1338424 2
388063 1327890 1
67377 433819 1
67377 753291 1
442156 1368269 1
50084 288862 1
399724 642495 1
220844 254057 1
220844 707992 1
220844 1054091 1
220844 877722 1
287345 429518 1
287345 739224 1
417379 728747 1
1242563 1446781 1
538518 651247 1
434571 1468437 1
434571 533554 1
955072 1523070 1
955072 1393215 1
775202 847269 1
129736 223566 1
174690 554044 1
174690 1242110 1
13848 1483413 1
728124 1069259 1
238461 368093 1
201631 348228 1
201631 486570 1
201631 942590 1
201631 339224 1
201631 401959 1
201631 236392 1
201631 1054091 1
201631 271349 1
201631 1057049 1
201631 254057 1
201631 311514 1
201631 707992 1
970530 1095033 1
970530 1221348 2
527908 920780 1
844075 1281750 1
609861 1358327 1
792585 894160 1
792585 969810 1
145911 415617 1
145911 703909 1
896091 965368 1
1283296 1528737 1
507895 1428600 1
984087 1278171 1
1313712 1348591 1
318192 469576 1
39843 251822 1
39843 377091 1
39843 218130 1
442577 175477 1
442577 648977 1
598228 711147 2
598228 706536 1
493012 602451 1
493012 655346 2
493012 1356992 1
493012 1094356 1
493012 1188621 1
493012 1208991 1
493012 1124207 1
493012 1317196 1
493012 694423 1
493012 1091809 1
580755 595960 1
580755 1318218 1
217122 874953 1
217122 1535240 1
217122 631237 1
66883 647970 1
66883 625022 1
66883 73314 1
256430 709908 1
1019568 1132006 1
570152 1378946 1
642587 935840 1
499466 507895 1
499466 1428600 1
661153 740800 1
852628 1130719 2
777209 1088166 1
511033 834297 1
98668 381647 1
120708 981081 1
599127 1231631 1
410173 474591 1
410173 1179022 1
410173 978376 1
498715 712977 1
498715 820993 1
874174 983321 1
874174 1244524 1
874174 1168133 1
991471 8377 1
991471 491542 1
191333 581725 1
191333 241219 1
191333 969596 1
647891 1283962 1
457685 1530532 1
38989 166833 1
38989 422447 1
38989 673786 1
38989 722238 1
38989 288074 1
38989 276132 1
148323 673574 1
295870 422624 1
295870 712475 1
1113418 1164198 1
664327 989353 1
276720 830363 1
353993 499257 1
951419 1324411 1
494362 604294 1
942590 1057049 1
942590 1054091 1
790613 1540513 1
135662 1031730 1
1120974 1280467 1
116215 142294 1
735820 1279483 1
105289 280809 1
665869 671065 1
665869 959094 1
669899 765258 1
1364760 1422140 1
780280 960640 1
780280 1364231 1
200545 488428 1
702488 1000179 1
702488 1500737 1
702488 1460764 1
702488 1494512 1
1185079 1465404 1
720063 994335 1
204049 398819 1
204049 1039934 1
739783 939212 1
801318 1063662 1
294239 894286 1
353260 490967 1
202948 1468084 1
202948 540297 1
818212 1517563 1
38560 92703 1
38560 186678 1
38560 716433 1
202947 228484 1
202947 442577 1
128702 1093765 1
128702 972118 1
128702 363154 2
586223 1353714 1
102550 324970 1
204930 1149384 1
86500 889450 1
622747 676915 1
719790 1397649 2
804922 854123 1
860488 1315305 1
827184 1346902 1
38620 603140 1
246751 1352680 1
355878 884905 1
332772 643260 1
332772 1298857 1
576894 748338 1
918757 1068432 1
772162 1229875 1
166020 564490 1
166020 959966 1
166020 1176799 1
775697 1108563 1
775697 909871 1
775697 1002278 1
8854 657154 1
8854 113778 1
8854 663433 1
8854 260794 1
8854 541900 3
30186 226816 1
30186 310367 1
30186 1109461 1
30186 142294 1
607688 787478 1
47337 107172 1
191832 1406614 1
770826 1502522 1
644179 967638 1
1290802 1468984 1
1007171 1488257 1
1007171 1492245 1
564490 959966 1
564490 1176799 1
147180 847269 2
147180 775202 1
747197 1497656 1
747197 1417522 1
922808 928524 2
76774 1012979 1
76774 1368809 1
284570 727647 1
158916 329063 1
863666 1110021 1
863666 1030842 1
487014 1460093 1
867348 1413010 2
54550 974598 1
54550 1084683 1
621217 1345516 1
1255254 1319540 1
399736 1132507 1
454967 1437879 1
467916 1299967 1
108599 349194 1
725264 1039934 1
163985 719729 1
1007226 1289198 1
688713 932279 1
145907 379949 1
145907 487014 1
145907 1460093 1
145907 382809 1
145907 245977 1
145907 228950 1
145907 447802 1
145907 219528 1
492463 687219 1
492463 557900 1
1094356 1124207 1
1094356 1208991 1
1094356 1317196 1
188564 66055 1
225634 818212 1
225634 1517563 1
862335 1402377 1
526172 1240191 1
581365 970102 1
913053 1392043 1
109089 736971 1
774653 810293 1
1454347 597117 1
1454347 1052483 1
1454347 14169323 1
131416 402995 1
131416 1388334 1
216918 1315922 2
452339 1376166 1
452339 1484023 1
11350 649597 1
119159 1379552 1
377941 378466 1
557900 687219 1
1147825 1487241 1
1289293 1538647 1
90858 811354 1
90858 148279 1
228484 442577 1
933646 1359260 1
262064 1196296 1
589226 798090 1
34062 251064 1
130194 745599 1
130194 174221 1
3474 1311687 1
3474 1519380 1
3474 339224 1
843699 866849 1
113778 554044 2
113778 1242110 1
113778 146382 1
113778 541900 1
113778 1507917 1
113778 174690 1
576413 751267 1
877143 896584 1
877143 1266411 1
64139 1017051 1
64139 698795 1
64139 183229 1
64139 817877 1
64139 1116343 1
64139 124633 1
64139 1108033 1
64139 1154951 1
56849 450844 1
298031 450386 1
298031 1019568 1
298031 1132006 1
485780 778145 1
65680 96398 1
65680 490967 1
65680 353260 1
141265 955510 1
813472 1148165 1
13511 1439965 1
13511 563274 1
13511 685271 1
13511 639906 1
23923 1197060 1
346802 475490 1
351562 602451 1
351562 488839 1
351562 493012 1
351562 655346 1
351562 1094356 1
351562 379504 1
351562 1208991 1
351562 462080 1
351562 1317196 1
351562 694423 1
351562 1124207 1
1374472 1388369 1
408967 530867 1
120884 799045 1
120884 1334543 1
418281 1037583 1
418281 624014 1
302508 1333734 1
1199733 1369233 1
1199733 1514671 1
719149 861268 1
719149 1164482 2
972118 1093765 1
633482 651247 1
633482 1232564 1
150636 164076 1
150636 363154 1
342073 888482 1
342073 1164824 1
342073 728678 1
342073 691389 1
342073 343942 1
1163738 1222276 1
203950 1027107 1
597506 1368979 1
597506 705223 1
555191 1115536 1
199159 1080648 1
260794 541900 1
894160 969810 1
97270 527025 1
633803 647115 1
514927 849992 1
836343 1277453 1
343250 1075043 1
162578 1105504 1
321102 1143898 1
321102 956029 1
321102 1172961 1
705179 939782 1
705179 1201043 1
705179 1294943 1
749530 932594 1
203485 627801 1
476597 591195 1
476597 583313 1
57424 1124924 1
499903 1487957 2
499903 849122 1
9512 602451 1
9512 488839 2
9512 493012 2
9512 28622 1
9512 655346 2
9512 1356992 1
9512 204926 1
9512 39999 1
9512 422056 1
9512 351562 1
9512 379504 2
9512 1094356 1
9512 1208991 1
9512 172060 1
9512 104763 1
9512 462080 1
9512 1317196 1
9512 694423 1
9512 1124207 1
707992 1057049 1
707992 877722 1
707992 942590 1
707992 1054091 2
480156 8377 1
480156 991471 1
480156 491542 1
528749 881615 1
197793 229837 1
197793 201706 1
197793 224461 1
197793 467916 1
197793 1299967 1
197793 410677 1
322598 467503 1
322598 1281801 1
1149702 1516719 1
1104488 1176897 2
142294 226816 1
142294 310367 1
142294 1109461 1
1104951 1189881 1
3259 672438 1
3259 1262750 1
3259 1296757 1
3259 287285 1
298430 812831 1
298430 729788 1
793832 888529 4
930229 1012394 1
930229 1396582 1
640192 1169019 1
536828 1189141 1
536828 1200991 1
766926 1307338 1
1095033 1221348 1
1053558 1469065 1
614120 1475683 1
614120 1480054 1
20044 153347 1
544080 722411 1
544080 999355 1
661623 973112 1
936164 1233632 1
164203 945233 1
164203 1243144 1
164203 1252423 1
1189410 1300990 1
699009 1237593 1
433614 665633 1
1108033 1468984 1
1108033 1116343 1
1108033 1154951 1
1108033 1290802 1
108472 155301 1
108472 226256 1
108472 818469 1
108472 1067958 1
108473 149554 1
108473 978686 1
108473 1212681 1
202262 255414 1
202262 1516719 1
202262 1149702 1
14323 88066 1
14323 1492352 1
612891 1440793 1
612891 1510513 1
339224 348228 1
339224 486570 1
339224 942590 1
339224 401959 1
339224 1054091 1
339224 1057049 1
339224 1519380 1
339224 707992 1
403055 1011142 1
403055 458344 2
886705 1356089 1
1204966 1448593 1
89953 511541 1
1315656 1382289 1
152849 1443091 1
433277 1024698 1
433277 470430 1
433277 659276 1
222986 843478 1
273727 412798 1
216859 431824 1
375484 1184087 1
375484 1213634 1
375484 1333400 1
156775 197793 1
156775 229837 1
156775 201706 1
156775 224461 1
156775 467916 1
156775 1299967 1
156775 169459 1
156775 410677 1
319595 834459 1
843997 1315922 1
103766 117443 1
612762 1511460 1
790966 1306182 1
887276 1229875 1
462080 602451 1
462080 488839 1
462080 493012 1
462080 501897 1
462080 655346 2
462080 1094356 1
462080 1339474 1
462080 1208991 1
462080 1124207 1
462080 1317196 1
462080 694423 1
691389 888482 1
691389 1164824 1
691389 728678 1
524614 589421 1
459804 1406104 1
459804 1311572 1
382809 589976 1
382809 447802 1
382809 487014 1
382809 1460093 1
193313 14134881 1
193313 141222 1
1131899 1199427 1
811931 1013859 1
848506 1039464 1
47006 975334 1
47006 95289 1
400140 1452880 1
115859 650952 1
1325493 1508467 1
1099823 1143370 1
995173 1503102 1
558925 788407 1
558925 888567 1
558925 1258746 1
475663 1269184 1
155673 477196 1
155673 654968 1
177466 707439 1
177466 975258 2
631237 874953 1
784708 1065612 1
784708 874759 1
580796 1108563 1
580796 775697 1
110350 268471 1
449102 801588 1
834459 1413295 1
561999 609785 1
405040 1478919 1
448853 873958 1
188391 513235 2
188391 313584 2
315114 535198 1
315114 1399445 1
315114 334117 1
315114 1315633 1
315114 863491 1
315114 597774 1
315114 867442 1
315114 1269457 1
251822 377091 1
55651 449315 1
55651 1441860 1
55651 260354 1
573543 575289 1
573543 821304 1
573543 1325052 1
88066 1492352 1
649480 660546 1
183941 1469364 1
183941 882994 1
1030842 1110021 1
311226 1261472 1
786232 1147131 1
786232 844438 1
956747 1234913 1
1191102 1267375 1
972859 1372452 1
149109 1097677 1
687039 1234684 1
118379 1367044 1
118379 488982 1
183229 1017051 1
183229 698795 1
183229 817877 1
183229 1116343 1
183229 1108033 1
183229 1154951 1
1202652 1279799 2
488982 1367044 1
90916 289711 1
514790 1461898 1
362278 1126549 1
424166 451704 1
602132 701984 1
602132 1265572 1
602132 1051618 1
104114 537295 1
104114 476448 1
104114 965905 1
140278 1426628 1
140278 951094 1
140278 873172 1
140278 740553 1
140278 1159253 1
619990 928524 2
619990 922808 2
619990 734919 2
320145 399724 1
390404 905918 1
619447 1088166 1
619447 777209 1
531473 974264 1
799343 1116036 1
799343 1085919 1
53317 992750 1
926119 967652 1
712977 820993 1
215019 815161 1
10697 434064 1
828094 1163036 1
244732 1189141 1
244732 1200991 1
244732 536828 1
244732 528013 1
269109 955712 1
269109 872822 1
557599 1392839 1
401566 410418 2
36575 183915 1
1291536 1520083 1
97489 493012 1
97489 1091809 1
465684 985236 1
911904 1205052 1
866482 1280605 1
312119 1315371 1
698163 1413231 2
252965 1323163 1
252965 1362804 1
236202 1326145 1
236202 1186671 1
236202 527863 1
698569 992596 1
564363 837989 1
184931 546965 1
464796 1069439 1
326933 595999 1
619066 968605 1
619066 827666 1
677251 1049941 1
630608 857485 1
62208 1368728 1
62208 969045 1
9387 80540 1
798 568357 1
551990 816981 1
112461 609861 1
1285884 1368338 1
254813 1459911 1
415617 703909 1
584249 1236048 1
113059 944226 2
113059 857771 1
113059 540910 3
113059 619774 2
284224 365248 1
187675 759700 1
28410 451704 1
11125 626707 1
11125 79820 1
969124 1102520 1
969124 1072936 1
969124 1226223 2
969124 1201900 1
147092 1115768 3
147092 1483035 1
66304 165236 1
229281 802321 1
229281 844595 1
229281 486477 1
229281 972371 1
620477 981064 1
620477 903256 1
620477 769057 1
283436 1221209 1
758615 773963 1
758615 998631 1
758615 1293307 1
758615 1265942 1
758615 1099124 1
88521 1358946 1
88521 431053 1
88521 563619 1
88521 908082 1
439192 933646 1
439192 1359260 1
537357 563743 1
537357 871773 1
769057 981064 1
769057 903256 1
677315 1002004 1
1104791 1506139 1
230049 1381699 1
230049 1191669 1
206604 783169 1
437900 959999 1
257614 476661 1
72852 169459 1
72852 630712 1
637733 856799 1
637733 1090662 1
637733 1153346 1
301949 1237858 1
540297 1468084 1
183622 1030569 1
697897 1372564 1
158114 1230463 1
393789 1152745 1
393789 964688 1
393789 802288 1
417052 721117 1
842634 1182614 1
842634 1370696 1
72693 401566 1
72693 410418 1
319272 665869 1
319272 671065 1
319272 959094 1
552775 636351 1
245582 659964 1
221428 626013 1
221428 593017 1
92191 603484 1
92191 558539 1
593609 814379 1
593609 759700 1
155069 833426 1
215916 780280 1
215916 1364231 1
215916 960640 1
119293 1165774 1
88859 1030985 1
88859 1231370 1
241379 1315371 1
241379 312119 1
405782 860187 1
1543704 21430 1
1543704 1543705 1
200912 529689 1
248546 709140 1
248546 314935 1
248546 753633 1
456294 748825 1
326631 782586 1
557409 606197 1
9959 988246 1
9959 1013188 1
9959 97237 1
9959 1189881 1
9959 1104951 1
9959 900583 1
486477 972371 1
253908 967805 1
253908 1215587 1
354112 701831 1
354112 488081 1
354112 398819 1
124633 1017051 1
124633 698795 1
124633 183229 1
124633 817877 1
124633 1116343 1
124633 1108033 1
124633 1154951 1
697382 697386 1
396113 968605 1
396113 619066 1
396113 827666 1
476115 821275 1
142934 701831 1
142934 488081 1
142934 398819 1
281568 935794 1
281568 700428 1
281568 930607 1
250120 1119278 2
69788 319272 1
69788 665869 1
69788 671065 1
69788 959094 1
1185466 1337676 1
1185466 1307351 1
558631 567811 1
558631 1325773 1
51148 583782 1
342013 933646 1
342013 1359260 1
342013 439192 1
998631 1293307 1
998631 1265942 1
428732 756640 1
21080 485177 1
550481 804922 1
550481 854123 1
186875 597117 1
186875 677525 1
186875 251429 1
186875 14169381 1
195272 402579 1
195272 460364 1
195272 541900 1
32133 1357627 1
673550 709570 1
673550 959933 1
673550 1327890 1
2523 1226355 1
2523 796099 1
149098 1119278 1
149098 250120 1
715749 1077377 1
491542 8377 1
404303 1339007 1
404303 460468 1
404303 1393215 2
9786 618547 1
270502 1241270 1
270502 1463033 1
70564 991185 1
294209 1310104 1
294209 709491 1
336221 734023 1
724908 42316 1
237645 1226589 1
534798 972220 1
246588 954324 1
444372 1255122 1
198910 1452880 1
198910 634431 1
198910 400140 1
236200 488889 1
1117687 1327368 1
616453 633482 1
616453 651247 1
915147 998800 1
104763 602451 2
104763 488839 1
104763 493012 1
104763 501897 1
104763 655346 2
104763 204926 2
104763 351562 1
104763 379504 1
104763 1339474 1
104763 1208991 1
104763 1094356 1
104763 995199 1
104763 108488 1
104763 462080 2
104763 1317196 1
104763 694423 1
104763 1124207 1
166607 810406 1
138535 770826 1
138535 1502522 1
138535 399684 1
805428 975258 1
307065 1378946 1
307065 570152 1
1543705 21430 1
381009 953789 1
106697 899373 1
236063 1381956 1
236063 320905 1
236063 1188293 1
315776 342013 1
315776 933646 1
315776 1359260 1
315776 439192 1
775339 1492245 1
775339 1007171 1
810335 1408674 1
810335 1446987 1
1039260 1068406 1
1039260 1233160 1
58801 468594 1
58801 148279 2
484344 553250 1
484344 1021139 1
615295 923384 1
1090317 1528737 1
1090317 1283296 1
363154 377604 1
363154 1093765 1
363154 972118 1
657933 813472 1
657933 1148165 1
27852 506070 1
27852 260809 1
58377 373293 1
587450 1476712 1
339024 811923 1
269064 991590 1
269064 1322369 1
343297 483321 1
1362363 1383988 1
893978 1380001 1
403313 1500297 1
403312 546829 1
626013 1163997 1
626013 652398 1
668717 1117664 1
477062 748101 1
175168 423452 2
175168 242489 2
516322 1537698 1
248994 673550 1
248994 829093 2
248994 1393215 3
248994 1339007 1
248994 1523070 3
248994 955072 1
971754 1364760 1
971754 1422140 1
471389 1339007 1
675646 1299216 1
58772 699821 1
402579 460364 1
402579 541900 1
71890 1350519 1
282822 1368728 2
495620 905407 2
226089 379072 1
422624 712475 1
1311572 1406104 1
76250 193103 1
76250 712245 1
777667 1107580 2
225281 434571 1
225281 1468437 1
225281 533554 1
225281 335412 1
956029 1143898 1
956029 1172961 1
1554431 707973 1
1554430 707973 1
1554430 1554431 1
1261731 1357197 1
662737 861268 1
662737 719149 1
662737 1164482 1
563743 871773 1
157754 707973 1
157754 226256 1
157754 818469 1
157754 1179022 1
694927 868365 1
97818 1324411 1
97818 951419 1
208932 863491 1
208932 1399445 1
208932 334117 1
208932 1315633 1
208932 315114 1
208932 597774 1
208932 535198 1
208932 867442 1
208932 1269457 1
1237800 1261277 1
421066 734919 1
399673 492463 1
399673 687219 1
399673 557900 1
401959 707992 1
401959 1057049 1
401959 486570 1
401959 942590 1
401959 1054091 1
639399 847648 1
73137 1358946 1
73137 88521 2
73137 563619 1
73137 908082 1
165064 284622 1
154838 974410 1
242489 423452 2
245593 1194913 1
6419 1221347 1
1012979 1368809 1
276008 1163036 1
276008 828094 1
680446 1150309 1
368562 593162 1
35076 161527 1
145600 220233 1
978376 1179022 1
228727 790613 1
228727 1540513 1
593017 626013 1
127982 585159 1
366111 1400509 1
933615 1022858 1
13720 503633 1
13720 377002 1
13720 1490339 1
184345 397780 1
184345 227449 1
611983 1522566 1
717051 1275481 1
263872 1269284 1
204926 602451 2
204926 488839 1
204926 493012 1
204926 655346 1
204926 1094356 1
204926 351562 1
204926 379504 1
204926 1208991 1
204926 995199 1
204926 462080 1
204926 1317196 1
204926 694423 1
204926 1124207 1
807342 1294065 1
92703 716433 1
92703 186678 1
276132 422447 1
276132 673786 1
276132 722238 1
276132 288074 1
177159 320978 1
78848 484059 1
78848 80181 1
423242 1494150 1
177157 598510 1
588333 1514671 1
588333 1199733 1
588333 1369233 1
560919 705083 1
73314 707439 1
73314 177466 2
73314 975258 3
73314 805428 1
300385 697386 1
300385 697382 1
560916 1356429 1
560916 806335 1
560916 1259668 1
560916 1075878 1
1305791 1534620 1
263907 637318 1
373293 477062 1
373293 748101 1
200838 920580 1
458042 509183 1
240987 709570 1
240987 959933 1
240987 673550 1
276737 540910 1
638362 1068432 1
638362 1290686 1
638362 693065 1
740553 1426628 1
740553 951094 1
740553 1159253 1
740553 873172 1
314935 709140 1
314935 771343 2
396635 1076787 1
297651 1512449 1
1102520 1226223 1
1102520 1201900 1
877244 1138515 1
520392 724107 1
53156 343623 1
53156 307446 1
146634 1180115 1
117385 1124207 1
117385 551304 1
117385 569131 1
414163 777667 2
414163 1107580 2
18295 569350 1
18295 1337676 1
18295 1307351 1
18295 1185466 1
218074 633482 2
218074 651247 1
218074 1232564 1
218074 616453 1
829093 1138931 2
829093 1393215 1
210044 289152 1
351352 947684 1
141388 945808 1
673786 722238 1
292532 414608 1
322963 973606 1
533554 1468437 1
128567 763876 2
128567 502466 1
1397124 1481037 1
454136 1202652 1
454136 1279799 1
418529 1176408 1
418529 459927 1
570502 616290 1
519573 1205066 1
75238 775697 3
176408 719149 1
176408 1164482 1
184825 1222276 1
353372 522249 1
424988 1005800 1
568720 1068432 1
568720 918757 1
568720 693065 1
80287 945273 1
340690 730969 1
506972 1343083 1
499483 515568 1
824562 1048733 1
798160 1321542 1
798160 1429192 1
1201900 1226223 1
134589 311514 1
134589 399724 1
134589 1269631 1
134589 781431 2
134589 320145 1
1052764 1063662 1
586864 588333 1
586864 1514671 1
586864 1199733 1
586864 1369233 1
436033 553250 1
436033 484344 1
436033 1021139 1
52564 137674 1
52564 228605 1
116034 898115 1
7374 925916 1
7374 217122 1
134102 912908 1
829478 1023794 1
48276 955510 1
48276 141265 1
146382 554044 1
146382 1242110 1
146382 174690 1
48279 1386663 1
627311 1468456 1
727467 969113 1
685756 767019 1
1327368 442147 1
84502 106124 1
84502 781527 1
168376 1533069 1
168376 1196723 1
186678 716433 1
7018 39843 2
7018 218130 2
7018 681390 1
432864 1032068 1
399684 770826 1
399684 1502522 1
788734 1110623 1
682572 1237593 1
121653 880331 1
121653 1171190 1
399114 629276 1
41180 169369 1
255414 1516719 1
255414 1149702 1
938489 1090317 1
938489 1528737 1
938489 1283296 1
1167511 1391030 1
1307351 1337676 1
699520 1454908 1
699520 1188293 1
164076 363154 1
274500 659538 1
50238 159469 1
691286 1219488 1
174622 653758 1
174622 1111280 1
352760 491263 1
237325 1518157 1
137795 863491 1
137795 1399445 1
137795 334117 1
137795 208932 1
137795 1315633 1
137795 315114 1
137795 597774 1
137795 535198 1
137795 867442 1
137795 1269457 1
1241270 1463033 1
893632 1134817 1
339748 896091 1
339748 965368 1
598382 708671 1
229711 622159 1
12890 755254 1
12890 1317702 1
31524 179571 1
88507 263882 1
243871 1389160 1
243871 429044 1
1012366 1315656 1
1012366 1382289 1
291207 740318 2
291207 823085 1
291207 509314 2
8271 233310 1
472428 1202652 1
472428 1279799 1
483611 894160 1
483611 969810 1
483611 792585 1
417292 1239901 1
417292 1090103 1
1110 1229413 1
444793 828308 1
449681 672228 1
379949 487014 1
379949 447802 1
379949 382809 1
379949 1460093 1
122053 1320042 1
122053 127396 1
1094951 1289293 1
1094951 1538647 1
1068406 1233160 1
287285 672438 1
287285 1262750 1
287285 1296757 1
729311 942691 1
177432 516322 1
177432 1537698 1
1012960 1491534 1
282767 1301551 2
219530 547118 1
22505 422624 1
22505 295870 1
22505 712475 1
697672 789216 1
1227952 442577 1
1227952 175477 1
361233 520288 1
273086 1368450 1
217777 225815 2
217777 1528335 2
603526 844438 1
603526 1396029 1
503633 1490339 1
593426 658470 1
592997 1253766 1
493799 755948 1
555222 994213 1
555222 1393619 1
430575 1169337 1
430575 1357608 1
227449 397780 1
241359 347561 1
241359 426986 1
82611 1038473 1
260354 449315 1
260354 1441860 1
488393 1227019 2
488393 992732 1
488393 1262528 1
570669 835623 1
21665 1212681 1
21665 744230 1
21665 196045 1
1494512 1500737 1
449315 1441860 1
423183 666410 1
117395 240313 1
148466 790966 1
148466 1306182 1
602451 655346 1
602451 1094356 1
602451 995199 1
602451 1208991 1
602451 1124207 1
602451 1317196 1
602451 694423 1
96122 1339007 1
96122 350182 1
96122 152939 1
57750 156775 1
57750 197793 1
57750 229837 1
57750 201706 1
57750 224461 1
57750 467916 1
57750 1299967 1
57750 169459 1
57750 410677 1
57750 1230372 1
376251 1240191 1
376251 526172 1
121484 123716 1
121484 541900 1
162530 1173286 1
45161 692162 1
45161 235437 1
45161 1416385 1
80181 484059 1
154209 1009505 2
154209 1447703 1
501368 967652 2
501368 926119 1
450386 1019568 1
450386 1132006 1
410677 467916 1
410677 1299967 1
1077194 1340542 1
1077194 1164948 1
443677 638966 1
443677 862439 1
443677 697506 1
703986 1172915 1
386737 750397 1
386737 719756 1
1265942 1293307 1
485767 1124207 1
1009505 1447703 1
227715 1489794 1
668391 1397649 2
668391 719790 2
254575 1045311 1
997525 1453502 1
320221 964174 1
49466 240632 1
49466 368562 1
49466 593162 1
512757 1036898 1
512757 1488580 1
535334 920725 1
271349 311514 1
271349 486570 1
271349 942590 1
271349 339224 1
271349 401959 1
271349 1054091 1
271349 1057049 1
271349 348228 1
271349 707992 1
1179420 1277895 1
572632 781560 1
49268 429149 1
247381 1163738 1
222669 396580 1
222669 834101 1
39999 602451 1
39999 488839 1
39999 493012 1
39999 655346 1
39999 204926 1
39999 351562 1
39999 379504 1
39999 1094356 1
39999 1208991 1
39999 104763 1
39999 462080 1
39999 1317196 1
39999 694423 1
39999 1124207 1
172060 488839 1
172060 493012 1
172060 655346 1
172060 1356992 1
172060 422056 1
172060 379504 1
827558 943582 1
138128 604799 1
138128 1338424 1
138128 1092923 1
840543 1496944 1
402995 1388334 1
33601 148564 1
33601 326408 1
1117646 1131367 1
844438 1147131 1
844438 1396029 1
668740 785880 1
668740 1265319 1
884881 1153634 1
252511 588333 1
252511 1369233 1
252511 1199733 1
252511 586864 1
252511 1514671 1
226157 291207 1
349837 644179 1
349837 967638 1
243284 362278 2
243284 1126549 1
243284 1441797 1
906281 1175286 1
1062520 1289314 1
584988 840543 1
584988 1496944 1
870903 1500717 1
981850 1381882 1
413190 1119278 1
413190 250120 1
587727 885693 1
454931 1464899 1
483118 763148 1
613920 733137 1
83756 389704 1
709570 959933 1
123790 661946 1
692162 1416385 1
409089 1211513 1
1036898 1488580 1
306251 920780 1
306251 527908 1
471619 698569 1
502466 832284 1
502466 763876 2
560153 918205 1
229837 410677 1
229837 467916 1
229837 1299967 1
434064 1362363 1
434064 1383988 1
434064 870367 1
8429 636875 1
1068432 1290686 1
114384 126392 1
394599 476661 1
433819 1315922 1
433819 753291 1
1178735 1202808 1
28622 602451 1
28622 488839 1
28622 493012 2
28622 655346 1
28622 204926 1
28622 39999 1
28622 351562 1
28622 379504 1
28622 1094356 1
28622 1208991 1
28622 104763 1
28622 462080 1
28622 1317196 1
28622 694423 1
28622 1124207 1
160768 288806 1
160768 998432 1
50007 1356429 1
50007 806335 1
50007 560916 1
50007 1259668 1
50007 1075878 1
111351 213305 1
5589 148103 1
5589 1206953 1
693967 1070908 1
385906 891842 1
143297 862439 1
143297 603725 1
219528 379949 1
219528 487014 1
219528 1460093 1
219528 382809 1
219528 245977 1
219528 228950 1
219528 447802 1
497247 1461310 1
497247 825790 1
96398 490967 1
96398 353260 1
234102 339750 1
711859 876870 5
336597 349172 1
551304 1124207 1
551304 569131 1
551304 744230 1
551304 657153 1
551304 708916 1
446148 663720 1
812647 878900 1
461170 1329807 1
729788 812831 1
73979 728684 1
207942 468707 1
207942 412142 1
299003 302508 1
299003 1333734 1
24469 882442 1
24469 1255049 1
355297 1368269 1
355297 1503594 1
632038 1157779 1
859280 1188871 1
253311 936636 1
1116343 1154951 1
922457 1231238 1
995242 1120751 1
995242 1207492 1
65904 1186935 1
313795 373456 1
313795 1162707 1
17543 157754 1
633981 1357197 1
442655 483118 1
442655 763148 1
476097 758685 1
314208 475490 1
314208 346802 1
254215 602132 1
254215 701984 1
254215 1265572 1
254215 1051618 1
254216 441547 2
148253 827184 1
967667 1178735 1
967667 1202808 1
806419 1013805 1
636371 1004691 1
181095 1198659 1
705129 1280467 1
705129 1120974 1
705129 1077824 1
328730 1381925 1
766697 961997 1
801377 1357270 1
1874 483321 1
1092923 1338424 2
274988 684201 1
274988 1468247 1
274988 1229875 1
274988 772162 1
221874 819820 1
321521 1262442 1
321521 385906 2
321521 891842 1
321521 1139257 1
135203 1164199 1
135203 135207 1
826879 1144712 1
632512 1283930 1
244774 431086 2
99828 570502 1
99828 616290 1
152939 1339007 1
152939 350182 1
761886 949631 1
190715 501103 1
568094 1319540 1
568094 1255254 1
295237 361566 1
638966 862439 2
1013188 1104951 1
1013188 1189881 1
1124207 1208991 1
1124207 1317196 1
783977 855696 1
524370 1116872 1
655434 1468456 1
62977 183073 1
773454 1180678 1
118865 889117 1
364269 446148 1
364269 663720 1
33347 507895 1
33347 499466 1
33347 1428600 1
44535 1212681 1
44535 744230 1
44535 131476 1
44535 196045 1
179589 1242674 1
1480610 1534337 1
689943 1077377 1
689943 715749 1
947819 175996 1
520074 749763 1
302024 1053594 1
469905 1134815 1
237128 469818 1
960640 1364231 1
360305 1395368 1
360305 1070303 1
360305 806477 1
442127 1084683 1
557255 1203509 1
15773 469905 1
667383 912380 1
788407 947203 2
788407 888567 1
788407 1258746 1
844595 1525340 1
94417 706234 1
1208991 1317196 1
269742 698428 1
1684 498065 1
666 488839 1
666 311514 1
666 271349 1
666 462080 1
666 1317196 1
666 694423 1
666 602451 1
666 348228 1
666 28622 1
666 339224 1
666 1094356 2
666 39999 1
666 1054091 1
666 379504 1
666 254057 1
666 93309 1
666 1057049 1
666 942590 1
666 236392 1
666 9512 1
666 121222 1
666 493012 1
666 1124207 1
666 201631 1
666 486570 1
666 204926 1
666 401959 1
666 655346 1
666 351562 1
666 1208991 1
666 104763 1
666 707992 1
689043 1112734 1
1090103 1239901 1
365131 1228723 1
72816 492463 1
72816 687219 1
72816 557900 1
72816 399673 1
887227 1235776 1
368438 545616 1
231683 567318 1
231683 789458 1
231683 1013859 1
231683 811931 1
361325 1104967 1
225815 1528335 2
572130 1068406 1
572130 1233160 1
572130 1039260 1
707439 975258 1
394583 774653 1
394583 810293 2
527863 1186671 1
527863 1326145 1
369051 450853 1
392269 905626 1
474721 1221209 2
133944 1453502 1
133944 997525 1
133944 783222 1
725756 899958 1
954759 1439301 1
667369 711453 1
460364 541900 1
47768 158198 1
47768 796762 1
47768 1364760 1
47768 971754 1
47768 1422140 1
943629 1296452 1
245090 297651 1
1051618 1265572 1
11205 153487 1
761072 1491896 2
326676 500318 1
326676 1092923 1
326676 1338424 1
326676 604799 1
15221 907847 1
599193 646526 1
443002 1049307 1
904671 1120304 1
431338 1102520 1
431338 1072936 1
431338 1226223 2
431338 1201900 1
431338 1165064 1
431338 969124 2
266183 461617 1
547867 866018 1
22414 799045 1
22414 1334543 1
22414 120884 1
148103 1206953 1
148105 254057 1
51184 521819 1
51184 1145649 1
187833 819820 1
260809 823355 1
260809 830367 1
260809 1352975 1
240392 744513 1
551176 693231 1
372535 460468 1
372535 404303 1
372535 1393215 1
2569 94260 1
1005505 1194383 1
404347 596541 1
357444 657153 1
158206 280224 2
428175 798759 1
1052483 14169323 1
147366 1242674 1
147366 179589 1
316017 1078154 1
768574 1472060 1
427282 1167335 1
60417 539571 1
730955 1012394 1
730955 930229 1
730955 1396582 1
730955 789058 1
736730 1196485 1
218130 681390 1
301345 1372581 1
1143898 1172961 1
818469 94103 1
831266 1234684 1
870227 1303782 1
870227 946487 1
293369 352286 1
265694 801588 1
265694 449102 1
139188 302508 1
139188 141898 1
139188 1333734 1
139188 299003 1
972991 1152268 1
120231 657991 1
454679 494481 1
371894 912764 1
1408674 1446987 1
297538 835623 1
297538 570669 1
501238 777002 1
501238 569744 1
423019 1199894 1
218253 1021166 1
1093879 1268989 1
340555 353372 1
340555 522249 1
265277 1434949 1
224828 799673 1
84798 1537127 1
716977 1129136 1
54275 1029661 1
808443 1256978 1
1017051 1116343 1
1017051 1154951 1
1017051 1108033 1
10081 349310 1
892138 942533 2
892138 1366501 1
219725 272304 1
789458 1013859 1
789458 811931 1
769794 1493785 1
769794 1440810 1
225469 661153 1
1315633 1399445 1
849098 1413010 2
849098 867348 2
471290 1081468 1
289181 802507 1
233052 442127 1
233052 1084683 1
330435 848128 1
364744 844595 1
364744 1525340 1
656260 1208591 1
311525 1077377 1
311525 689943 1
311525 715749 1
156445 519573 1
156445 1205066 1
156445 169369 1
156445 364498 1
156445 485767 1
156445 1124207 1
290619 758615 1
148279 1253086 1
148279 811354 1
148279 468594 1
148279 443677 1
77856 753239 1
789058 1012394 1
789058 930229 1
789058 1396582 1
324696 954759 2
324696 1439301 1
280288 802288 2
280288 1095825 2
595066 1117646 1
595066 1131367 1
144735 1301091 1
66806 1253086 1
66806 148279 1
634197 1049773 1
634197 945808 1
27060 835541 1
516496 725756 1
516496 899958 1
708671 954430 1
108166 227997 1
108166 390404 1
108166 254235 2
678909 1340875 1
1269457 1315633 1
1269457 1399445 1
405534 550481 1
405534 804922 1
405534 854123 1
974598 1084683 1
634664 1536819 1
28480 1117687 2
28480 328687 2
1090662 1153346 1
106486 425425 1
106486 1440810 1
106486 1493785 1
106486 769794 1
106486 602852 1
89885 429518 2
89885 287345 1
89885 739224 1
224191 773503 1
338062 827184 1
509314 740318 2
354491 795148 1
354491 905980 1
30231 839306 1
165511 503440 1
165511 1278171 1
165511 984087 1
590013 219549 1
22551 1117687 1
22551 198277 1
22551 1327368 1
882442 1255049 1
507275 840726 1
507275 1060212 1
959966 1176799 1
343942 888482 1
343942 1164824 1
343942 728678 1
343942 691389 1
672438 1262750 1
672438 1296757 1
696198 1464592 1
696198 1418760 1
59139 86994 1
59139 719149 1
87524 1093941 1
213332 611975 1
82796 963489 1
374111 843110 1
374111 894587 1
554044 1242110 1
554044 1507917 1
215985 339748 2
215985 896091 1
215985 965368 8
611929 1250590 1
302780 533542 1
881086 1218774 1
452223 612762 1
452223 1511460 1
23956 864214 1
23956 24513 1
23957 75238 1
23957 775697 1
320905 1381956 1
320905 699520 1
320905 1454908 1
320905 1188293 2
467503 1281801 1
482092 568526 1
224461 229837 1
224461 1299967 1
224461 467916 1
224461 410677 1
861268 1164482 1
150206 581725 1
150206 241219 1
150206 969596 1
150206 191333 1
180251 728124 1
180251 1069259 1
429893 639270 1
1025885 1304958 1
322836 830815 1
322836 390287 1
279482 1002278 1
120470 143297 1
817877 1017051 1
817877 1468984 1
817877 1116343 1
817877 1108033 2
817877 1290802 1
817877 1154951 1
82867 595754 1
16183 983914 1
245977 379949 1
245977 487014 1
245977 1460093 1
245977 382809 1
245977 447802 1
245977 475962 1
377002 503633 1
377002 1490339 1
1086024 1520545 1
560316 675646 1
560316 1299216 1
653758 1111280 1
800867 1201043 1
486570 707992 1
486570 1057049 1
486570 942590 1
486570 1054091 1
546276 1480220 1
614489 661153 1
293518 953933 1
293518 709803 1
259175 1273859 1
354637 1204998 1
56363 785880 1
56363 668740 1
56363 1265319 1
97198 754098 1
488839 602451 1
488839 493012 2
488839 655346 2
488839 1356992 1
488839 1094356 1
488839 1208991 1
488839 1124207 1
488839 1317196 1
488839 694423 1
427478 563759 2
618403 901904 1
813105 485348 1
597117 1052483 1
597117 14169323 1
377647 607688 1
461907 1370590 1
461907 522154 1
4927 381009 1
431721 864669 1
431721 587559 1
335265 386737 1
335265 750397 1
335265 719756 1
558539 603484 1
162294 402579 1
162294 460364 1
162294 195272 1
162294 541900 1
700229 1084557 1
253512 1508467 1
253512 1325493 1
198277 1117687 1
198277 1327368 1
802288 1152745 1
802288 964688 1
802288 1095825 2
293421 731489 1
1440810 1493785 1
294346 373456 1
294346 1162707 2
294346 313795 1
619331 1086102 1
329063 387917 1
329063 1105852 1
200456 1074414 1
200456 1183124 1
736628 1447016 1
510544 1128401 1
582388 1412711 2
424983 775339 1
424983 1492245 1
424983 1007171 1
424983 549512 1
158441 780280 1
158441 1364231 1
158441 215916 1
158441 960640 1
70530 183545 2
42891 136399 1
809036 1248020 1
291114 1169337 1
291114 1143898 1
291114 321102 1
291114 1172961 2
291114 956029 1
173433 330435 2
173433 848128 1
173433 570655 1
422447 673786 1
422447 722238 2
246668 1491534 1
246668 1012960 1
313274 1374138 1
313274 821304 1
180893 175996 1
967805 1215587 1
325163 1106559 1
655346 1356992 1
655346 1094356 1
655346 1339474 1
655346 1208991 1
655346 1124207 1
655346 1317196 1
655346 694423 1
148564 326408 1
14169381 597117 1
14169381 677525 1
14169381 251429 1
795148 905980 1
293707 427282 1
293707 1167335 1
587559 864669 1
919196 959419 1
78538 1489794 1
78538 227715 1
831856 1010410 1
416782 512757 1
416782 1036898 1
416782 1488580 1
257780 316745 1
257780 549370 1
1079215 1091657 1
122905 344444 2
823355 830367 1
537295 907583 1
734919 928524 2
734919 922808 2
705218 954924 1
34937 309196 1
313584 513235 2
447551 1060775 1
511445 1527323 1
569744 777002 1
316745 549370 1
224725 1019027 1
659276 1024698 1
271444 1154051 1
353703 462691 1
365133 1139070 1
429044 1389160 1
1304673 1457305 1
136399 460468 2
136399 1393215 2
136399 794183 1
136399 471434 1
549512 775339 1
549512 1492245 1
549512 1007171 1
122321 769518 1
847285 1049678 2
796099 1226355 1
275773 722348 1
1186671 1326145 1
439200 1540256 1
1031946 1255978 1
7704 156775 1
7704 197793 1
7704 229837 1
7704 201706 1
7704 224461 1
7704 467916 1
7704 1299967 1
7704 169459 1
7704 410677 1
7704 57750 1
254021 329261 1
207887 1258037 1
207887 299906 1
1245527 1083974 1
299906 1258037 1
553250 1021139 1
282507 877722 1
425425 1493785 1
425425 1440810 1
425425 769794 1
425425 602852 1
783222 1453502 1
783222 997525 2
830023 874681 1
1012394 1396582 1
549195 968324 1
549195 1520883 1
522378 554970 1
638207 866849 1
638207 843699 1
340364 1385184 1
697832 1413231 1
697832 698163 1
79463 1394812 1
206682 970102 1
206682 581365 1
179993 373456 1
179993 1162707 2
179993 313795 1
179993 294346 2
73342 225822 1
519141 773963 1
519141 758615 1
519141 1099124 1
144303 570104 1
196045 1212681 2
196045 744230 2
684201 1468247 1
504311 545782 1
158198 796762 1
158198 1364760 1
158198 971754 1
158198 1422140 1
266523 679159 1
266523 1107849 1
576780 840543 1
576780 1496944 1
576780 584988 1
581385 1388809 2
515431 813105 1
515431 485348 1
60381 1485691 1
247275 942744 1
247275 248027 1
715728 737358 1
32351 936164 1
693065 1068432 2
693065 1290686 1
693065 918757 1
701984 1051618 1
701984 1265572 1
994213 1393619 1
402065 825959 1
75977 570502 1
75977 616290 1
75977 99828 1
350182 1339007 1
253212 729311 1
253212 942691 1
458344 1011142 1
969045 1368728 1
125783 954667 1
572137 823538 1
249735 1084737 1
905294 1131899 1
905294 1199427 1
844802 743935 1
310108 612891 1
310108 1440793 1
310108 1510513 1
535198 1399445 1
535198 1269457 1
535198 1315633 1
535198 863491 1
535198 597774 1
535198 867442 1
139368 1486675 1
873172 1426628 1
873172 951094 1
873172 1159253 1
805806 1160885 1
227997 253212 1
227997 390404 1
227997 729311 1
227997 942691 1
80789 790966 1
80789 148466 3
80789 1306182 1
581725 969596 1
270652 511002 1
991590 1322369 1
42284 543781 1
42284 175477 2
62543 147092 1
62543 1115768 1
707973 1459938 1
707973 1031946 1
707973 1255978 1
62548 1500737 1
62548 1000179 1
62548 1494512 1
62548 702488 1
62548 1460764 1
344909 1339007 1
75623 994785 1
80431 1046031 1
885336 1343038 1
885336 1537067 1
683522 978202 1
249424 629024 1
379504 602451 1
379504 488839 2
379504 493012 2
379504 655346 2
379504 1356992 1
379504 1094356 1
379504 422056 1
379504 1208991 1
379504 462080 1
379504 1317196 1
379504 694423 1
379504 1124207 1
95585 1369506 1
306917 693967 1
306917 1070908 1
586561 763128 1
657153 708916 1
1154834 1518157 1
395910 443677 1
799045 1334543 1
455635 1315305 1
455635 860488 1
569350 1337676 1
569350 1307351 1
569350 1185466 1
964688 1152745 1
1418760 1464592 1
29204 687039 1
29204 398703 1
29204 160385 1
34834 218130 1
99076 873172 1
99076 951094 1
99076 1426628 1
99076 740553 1
99076 1159253 1
99076 140278 1
17486 97818 1
17486 1324411 1
17486 951419 1
62832 1119502 1
257140 595066 1
257140 1117646 1
257140 1131367 1
1386776 1529931 1
1386776 1431780 1
863491 1315633 1
863491 867442 1
863491 1399445 1
863491 1269457 1
702 1525785 1
702 783939 1
930607 935794 1
675423 783169 1
827666 968605 1
827666 1443019 1
27432 38560 1
27432 92703 1
27432 186678 1
27432 716433 1
914711 1503451 1
706536 711147 1
14610 34834 1
14610 218130 1
149554 978686 1
385833 461046 1
385833 1129136 1
385833 716977 1
37637 535198 1
37637 863491 1
37637 334117 1
37637 208932 1
37637 1315633 1
37637 315114 1
37637 95321 1
37637 867442 1
37637 1399445 1
37637 597774 1
37637 137795 1
37637 1269457 1
29441 128749 1
584498 717575 1
164628 386737 1
164628 750397 1
164628 719756 1
164628 335265 1
164628 214679 1
102055 847285 2
102055 1049678 2
1020093 1095295 1
18245 496949 1
18245 1108183 1
1262750 1296757 1
212195 1468456 2
212195 627311 1
212195 655434 1
212196 295638 1
202173 802096 1
50353 1317282 1
1159253 1426628 1
288123 305601 1
770725 789284 1
271453 1448593 1
271453 1109423 1
271453 1204966 1
175677 477196 1
175677 1128850 1
175677 654968 1
569131 1124207 1
569131 1097661 1
498744 1260167 1
882994 1469364 1
843110 894587 1
563619 1358946 1
170085 1464230 1
365567 1520545 1
365567 1086024 1
18113 635729 1
692787 697832 1
692787 1413231 1
692787 698163 1
327941 351001 1
327941 792395 1
900583 1104951 1
900583 1189881 1
900583 988246 1
900583 1013188 1
15412 280339 1
257752 533545 2
193103 712245 1
38253 1289663 1
38253 83267 1
1196723 1533069 1
1440793 1510513 1
24513 864214 1
867442 1315633 1
867442 1399445 1
867442 1269457 1
129203 458368 1
14134881 141222 1
131006 464150 1
286989 584694 1
286989 1328873 2
190914 518888 1
896584 1266411 1
25917 1134824 1
25917 385052 1
25915 760068 1
7404 61995 1
500318 604799 1
500318 1338424 1
500318 1092923 1
560970 658470 1
560970 593426 1
647115 711847 1
546850 844438 1
546850 603526 1
546850 1396029 1
310367 1109461 1
77141 163440 1
447802 1460093 1
447802 487014 1
761071 779659 1
348228 1057049 1
348228 486570 1
348228 942590 1
348228 401959 1
348228 1054091 1
348228 707992 1
322 620477 1
322 981064 1
322 903256 1
322 769057 1
735516 1513630 1
294945 1098819 1
294945 807527 1
338289 376884 1
308037 1360264 1
521804 992750 1
926335 1046860 1
926335 1000179 1
145135 403080 1
145135 412623 1
145135 149492 1
413430 471290 1
413430 1081468 1
32322 990294 1
398819 701831 2
398819 725264 1
398819 488081 2
398819 1039934 2
744230 1212681 3
235437 692162 1
235437 1416385 1
114653 362278 1
114653 243284 1
856799 1153346 1
856799 1090662 1
1227019 1262528 1
579643 1017289 1
256583 385906 1
624014 1037583 1
376973 1439322 1
850046 1388472 1
201706 224461 1
201706 229837 1
201706 1299967 1
201706 467916 1
201706 410677 1
387302 744230 1
942533 1366501 1
371247 588876 1
654968 1291536 1
654968 1520083 1
654968 1128850 1
223057 252511 1
223057 1514671 1
223057 1199733 1
223057 588333 1
223057 1369233 1
223057 586864 1
167627 1472060 1
167627 768574 1
167627 662454 1
1168133 1244524 1
60287 371894 1
60287 912764 1
947203 1020918 1
427924 1018789 1
328687 1117687 2
1164948 1340542 1
93309 311514 1
93309 486570 1
93309 942590 1
93309 236392 1
93309 401959 1
93309 339224 1
93309 1054091 1
93309 271349 1
93309 1057049 1
93309 254057 1
93309 348228 1
93309 121222 1
93309 707992 1
93309 201631 1
45226 375239 1
1116872 1133953 1
874759 1065612 1
141898 302508 1
141898 299003 1
141898 1333734 1
22246 1104488 2
22246 1176897 2
783939 1525785 1
597774 867442 1
597774 863491 1
597774 1399445 1
597774 1269457 1
597774 1315633 1
796762 1364760 1
796762 971754 1
796762 1422140 1
127396 1320042 1
275781 508780 1
619774 857771 1
619774 944226 2
619774 804399 1
113684 529990 1
444110 738750 1
444110 511002 1
195190 661158 1
254057 311514 1
254057 486570 1
254057 942590 1
254057 339224 1
254057 401959 1
254057 945808 1
254057 1054091 2
254057 271349 1
254057 877722 1
254057 1057049 1
254057 348228 1
254057 1049773 1
254057 634197 1
254057 707992 2
162652 491463 1
349194 816095 1
333396 711847 1
280039 1022858 1
280039 933615 1
223993 1124632 1
612809 843110 1
682465 1425929 1
53533 1261731 1
53533 1357197 1
29301 412142 1
29301 207942 1
338919 1080635 1
945233 1243144 1
945233 1252423 1
563889 1372564 1
563889 697897 1
1189141 1200991 1
311514 399724 1
311514 348228 1
311514 486570 1
311514 320145 1
311514 339224 1
311514 401959 1
311514 1054091 1
311514 1057049 1
311514 707992 1
311514 942590 1
472001 1533541 1
142557 150743 1
142557 1270634 1
142557 444791 1
233625 253908 1
233625 967805 1
233625 1215587 1
7650 76976 1
1259668 1356429 1
291719 607489 1
447773 535969 1
447372 1276700 1
471316 770134 1
471316 790285 1
662454 1472060 1
662454 768574 1
287222 330092 1
226816 310367 1
226816 1109461 1
1393215 1523070 3
27632 41170 1
1460764 1500737 1
1460764 1494512 1
1240218 1368728 1
59290 480430 1
132295 363154 1
95321 535198 1
95321 863491 1
95321 334117 1
95321 208932 1
95321 1315633 1
95321 315114 1
95321 597774 1
95321 867442 1
95321 1399445 1
95321 137795 1
95321 1269457 1
226256 818469 2
507040 1222276 1
88343 253311 1
88343 936636 1
263882 449256 1
111459 622489 1
317911 777002 1
317911 501238 1
317911 569744 1
228950 379949 1
228950 487014 1
228950 1460093 1
228950 382809 1
228950 245977 1
228950 447802 1
287354 814379 1
287354 593609 1
287354 759700 1
337496 759700 2
725152 889949 1
725152 1267439 1
28948 949907 1
22325 499483 1
355002 736628 1
355002 1447016 1
255903 844595 1
255903 364744 1
255903 1527323 1
255903 511445 1
255903 1525340 1
89365 786139 1
89365 924082 1
118622 1194074 1
240632 593162 1
240632 368562 1
1000179 1046860 1
1000179 1500737 1
1000179 1460764 1
1000179 1494512 1
1075664 1399198 1
563403 1148165 1
563403 813472 1
563403 657933 1
844203 849593 1
430196 1388276 1
872822 955712 1
325537 591728 1
308025 523192 1
221170 202173 1
93244 402229 1
292929 417379 1
292929 728747 1
328470 640688 1
449172 1533271 1
413449 832374 1
459927 1362474 1
459927 1176408 1
420342 1453660 1
288806 998432 1
1030985 1231370 1
105109 509230 1
105102 969596 1
105102 581725 1
105102 241219 1
105102 150206 1
105102 191333 1
230433 342013 1
230433 933646 1
230433 315776 1
230433 439192 1
230433 1359260 1
580831 1209418 1
603725 862439 1
68842 547867 1
68842 866018 1
86994 719149 1
166819 923384 1
166819 700667 2
806335 1356429 1
806335 1491293 1
806335 1259668 1
806335 1075878 1
199194 712977 1
199194 820993 1
199194 498715 1
121222 311514 1
121222 486570 1
121222 942590 1
121222 339224 1
121222 401959 1
121222 236392 1
121222 1054091 1
121222 271349 1
121222 1057049 1
121222 254057 1
121222 348228 1
121222 707992 1
121222 201631 1
1201043 1294943 1
74397 149109 1
74397 1097677 1
563274 1439965 1
141222 592482 1
546338 1413276 1
219882 689332 1
235711 394599 1
235711 476661 1
821304 1374138 1
821304 1325052 1
295844 1282493 1
9261 629276 1
9261 399114 1
422056 1356992 1
422056 488839 1
422056 493012 1
422056 655346 1
170898 1084403 1
170898 428249 1
544321 8377 1
544321 991471 1
544321 480156 1
544321 491542 1
1343038 1537067 1
874295 998800 1
874295 915147 1
488081 701831 2
582644 628542 1
582644 1307329 1
214679 386737 1
214679 750397 1
214679 335265 1
214679 719756 1
97237 1104951 1
97237 900583 1
97237 988246 1
97237 1189881 1
97237 1013188 1
1184087 1213634 1
1184087 1333400 1
46630 1502607 1
628945 904597 1
647970 1035006 2
647970 834459 1
141193 592482 1
141193 141222 1
141193 1014171 1
390727 1165064 1
390727 431338 1
236392 311514 1
236392 486570 1
236392 942590 1
236392 339224 1
236392 401959 1
236392 1054091 1
236392 271349 1
236392 1057049 1
236392 254057 1
236392 348228 1
236392 707992 1
232383 1007782 1
685271 776310 1
481757 727256 1
106124 781527 1
1368269 1503594 1
517251 1243612 1
517251 1464740 1
540910 857771 2
540910 862439 1
540910 944226 1
540910 619774 1
226133 327525 1
595960 1318218 1
176301 382809 1
450307 1160885 1
450307 805806 1
336280 1353714 1
336280 586223 1
336280 779590 1
501897 1339474 1
501897 655346 1
391126 981081 1
175477 248994 1
175477 543781 4
175477 405782 1
175477 923384 1
175477 860187 1
175477 1393215 1
175477 1523070 1
175477 1004691 3
42133 287126 2
42133 137017 1
42133 1163738 1
42133 247381 1
42133 1176357 2
619342 1060799 1
199445 1059180 1
167452 431053 1
192600 281568 1
192600 935794 1
192600 700428 1
192600 930607 1
185581 286989 1
185581 1328873 1
71817 205044 1
54767 249250 1
285859 328730 2
285859 1381925 1
781431 1269631 1
285853 362278 1
604294 1236207 1
335412 434571 1
335412 1468437 1
335412 533554 1
429518 739224 1
698795 817877 1
698795 1017051 1
698795 1116343 1
698795 1154951 1
698795 1108033 1
3211 1222276 1
107722 1368979 1
107722 597506 1
107722 705223 1
98908 636763 1
380005 1263115 1
380005 1105504 1
752413 790409 1
89620 807521 1
89620 1346425 1
89620 964463 1
811405 1063135 1
278108 890433 1
123716 708916 1
123716 541900 3
781239 1379953 1
251429 597117 1
76709 243989 1
528013 1189141 1
528013 1200991 1
528013 536828 1
34215 1074048 1
132825 477196 1
132825 1291536 1
132825 1520083 1
132825 654968 1
78705 653758 1
78705 1111280 1
78705 174622 1
361007 414873 1
542751 1001779 1
705223 1368979 1
907554 1282905 1
840726 1060212 1
437191 494280 1
301840 1068957 1
301841 1041417 1
186591 357048 2
628542 1307329 1
17905 1093765 1
17905 128702 2
17905 972118 1
17905 363154 3
273905 1046860 1
273905 1000179 1
273905 926335 1
941852 1000181 2
169459 197793 1
169459 229837 1
169459 313690 1
169459 201706 1
169459 224461 1
169459 630712 1
169459 1299967 1
169459 410677 1
169459 467916 1
288074 422447 1
288074 673786 1
288074 722238 1
8093 860187 1
684456 866482 1
684456 1280605 1
1075878 1356429 1
1075878 1259668 1
373456 1162707 1
643260 1298857 1
758489 1476712 1
368670 994213 1
368670 555222 1
368670 1393619 1
72733 1154834 1
72733 1518157 1
1369233 1514671 1
728678 888482 1
728678 1164824 1
838682 866482 1
256742 1327305 1
406570 961955 1
