1349797 1483077 1
1349797 1421056 1
1349797 1516405 2
798 26050 1
304734 529990 1
184450 681396 1
157586 336597 1
945808 999174 2
460468 1120181 1
460468 657153 1
460468 541900 1
304233 425482 1
304233 355477 1
74831 481037 1
74831 1504493 1
74831 541900 1
74831 84798 1
74831 1413295 1
74831 1537127 2
74831 827558 1
74831 934519 1
74831 955572 1
74831 80540 1
74831 402579 2
127700 1164199 1
525879 538286 1
807521 837934 1
51289 859848 1
51289 365614 1
51289 543462 1
51289 823757 1
1239076 1534649 1
1239076 1445649 1
1239076 1272061 1
42450 105356 1
42450 1452904 1
545568 797185 1
545568 907507 1
545568 868700 1
973634 1208464 1
286989 755799 1
286989 1328873 3
6793 676271 1
6793 515341 1
6793 699009 2
430673 1502607 1
311171 524907 1
286096 1153575 1
286096 300190 1
286096 416364 1
286096 570068 1
286096 1368357 1
286096 418539 1
397388 925916 1
191986 1417362 1
21102 934519 1
21102 74831 1
21102 955572 1
810438 1061022 1
300190 416364 1
300190 1153575 1
300190 570068 1
300190 1368357 1
300190 418539 1
832782 877718 2
1190520 14134873 1
1190520 260677 1
1190520 134852 1
186916 1353105 1
293462 883749 1
304492 546965 1
715503 1023569 1
376884 1529429 1
7888 8404 1
131090 1234065 1
131090 615001 1
131090 938727 1
220233 851145 1
220233 866651 1
833925 1353714 1
348604 975504 2
923384 1514409 1
628847 1195938 1
308907 1426000 2
377776 1370983 1
377776 1481755 1
377776 1091809 1
377776 436089 1
377776 1329214 1
260677 14134873 1
260677 134852 1
80275 1273586 1
710724 1342775 1
9417 988219 1
9417 1276577 1
9417 669329 1
133349 1262109 1
44249 87632 1
44249 379860 1
44249 238435 1
44249 254052 1
44249 1165801 1
44249 970666 1
44249 125366 1
53602 137674 1
70718 676755 1
70718 1294711 1
70718 1262528 1
70718 321296 1
236812 303023 1
33473 606095 1
964303 1023802 1
800799 1104488 1
800799 1176897 1
800799 1509400 1
800799 1043462 1
172301 190126 1
172301 1278132 1
172301 1147535 1
24082 1424535 1
24082 337793 1
24082 1097412 1
24082 1269527 1
24082 793408 1
24082 562213 1
24082 483390 1
24082 1405478 1
24082 1103201 1
24082 325118 1
24082 26686 1
879013 1507451 1
101833 365041 1
101833 176408 1
99510 1373481 1
753137 975258 1
138519 1539487 1
211220 506047 1
63594 1140196 1
812781 1237593 1
703623 1045702 1
703623 1037440 1
351915 575463 1
442948 685800 1
701714 784871 1
701714 1191996 1
388634 801499 1
388634 417891 1
388634 529353 1
26976 228484 1
26976 442577 1
841131 1339692 1
841131 1434389 1
892416 1120181 1
892416 1413295 2
853925 1118514 2
561007 603585 1
561007 873797 1
561007 920073 1
1393087 279428 1
1393087 96832 1
1393087 1174884 1
5180 83013 1
5180 235621 1
5180 50704 1
5180 315255 1
5180 699845 1
487501 1429830 1
487501 1417631 1
487501 1463893 1
487501 1303995 1
487501 1271345 1
487501 1539153 1
487501 1036547 1
487501 524086 1
487501 1410277 1
269728 1476712 1
269728 391775 1
864275 1515364 1
1128630 1161804 1
306525 555301 1
13057 351207 1
13057 177160 1
736971 924708 1
793642 1518157 1
1463893 1539153 1
296427 812864 1
296427 1463295 1
296427 645206 2
811413 822151 1
147915 167558 1
147915 551211 1
179984 442577 1
179984 1180115 2
179984 826879 2
179984 228484 1
179984 1144712 2
179984 796302 2
692316 1039652 1
692316 1071317 1
692316 1245356 1
530620 1513630 1
295456 1008839 1
295456 927408 1
79395 765103 1
927408 1008839 1
368495 681460 1
368495 704881 1
368495 948263 1
368495 847351 1
368495 1540138 1
440487 1481958 1
440487 480449 1
440487 1332562 1
440487 767001 1
263770 285853 1
820993 847523 1
837372 1476558 1
837372 1462408 1
867925 1390534 1
1290825 1320711 1
1290825 1371589 1
705546 1282744 1
705546 1011882 1
470245 1039652 1
470245 1245356 1
470245 692316 1
470245 1071317 1
115339 887654 1
108488 408812 1
108488 719756 1
108488 164628 1
108488 386737 1
108488 214679 1
108488 335265 1
779097 1525025 1
175640 198398 2
175640 234883 2
382632 1000179 1
382632 1097856 1
382632 926335 1
382632 1494512 1
382632 1460764 1
382632 853180 1
382632 476890 1
548061 945808 1
1108777 1213050 1
379561 979991 1
23055 833426 1
23053 63297 1
529201 1420397 1
757637 1445354 1
24525 1270508 1
146902 247381 1
147454 499257 1
206241 591343 1
797185 907507 1
797185 868700 1
634019 920065 1
403085 497611 1
50704 83013 1
50704 235621 1
50704 315255 1
50704 699845 1
106433 372021 1
106433 275781 1
106433 189080 1
66187 187503 1
66187 197735 1
384486 904565 1
1276955 1297836 1
581053 1137240 1
581053 931448 1
660439 796643 1
660439 1391091 1
813851 1440583 1
357990 519819 2
357990 452177 1
357990 581061 1
91463 928554 1
195680 921274 1
195680 506058 1
91683 106264 1
91683 744747 1
88362 1361653 1
88362 469090 1
393363 220349 1
1119278 1409492 1
1119278 1148069 1
409264 1502542 1
1226398 1476922 1
713044 863064 1
705542 1141665 1
545782 1179022 1
14134870 14134871 1
69252 992322 1
69252 302877 1
14134877 722515 1
14134877 14134878 1
14134877 447330 1
14134874 1243065 1
7451 194880 1
7451 932870 1
7451 349806 2
7451 331150 1
416364 1153575 1
416364 570068 1
416364 1368357 1
416364 418539 1
131719 157586 1
131719 336597 1
812723 1176251 1
461450 1073953 2
873512 1407559 1
873512 1164953 1
330131 1017237 1
542545 1352518 1
468594 537295 1
468594 608179 2
468594 1316300 1
435540 693051 1
209701 474917 1
209701 1159384 1
192224 662737 1
192224 604775 1
192222 255781 1
192222 412833 1
529990 701714 1
529990 709125 1
529990 784871 2
529990 1191996 2
159547 1528737 1
159547 975433 1
159547 1283296 1
159547 729544 1
412623 881426 1
606645 1160957 1
606645 1270100 1
606645 1265335 1
776529 1434166 1
425468 512053 1
56598 1384676 1
56598 541944 1
288864 1044489 1
295050 373507 1
563759 1026415 1
877722 1131168 1
877722 1172726 1
877722 1137748 1
877722 992750 1
977561 1206161 1
565950 1515364 1
565950 864275 1
508477 644933 1
458499 627151 1
504779 983017 1
504779 1515675 1
504779 1438032 1
1148215 1521600 1
12718 970032 2
273024 513139 1
273024 720784 1
273024 1104966 1
273024 344174 1
755679 960166 4
348340 597200 1
348340 629041 1
348340 841810 1
348340 771732 1
348340 1497346 1
348340 1414359 1
348340 1238638 1
348340 591800 1
803998 1172350 1
803998 1246611 1
803998 1077115 1
803998 1489016 1
854920 944516 1
603585 920073 1
603585 873797 1
87595 1348561 1
120738 188391 1
354880 1217555 1
449802 1367980 1
449802 1069017 1
854928 1354369 1
559099 1447671 1
1098859 1402433 1
850790 1503867 1
64110 124208 1
84798 1537127 1
535481 823312 1
138729 685983 1
138729 750269 1
736791 1417362 1
349506 696832 2
349506 1477057 1
349506 857114 1
349506 794090 1
349506 902346 1
82612 1034566 1
80745 159103 1
334624 805088 1
334624 738271 1
1013805 1307263 2
101530 356334 1
855729 1004229 1
448739 594741 1
448739 1393215 1
270129 758615 5
270129 773963 2
270129 519141 1
270129 676915 1
270129 1099124 1
270129 687211 1
205415 254057 1
205415 1262563 1
205415 747645 1
205415 325537 1
975495 1454908 1
975495 1404326 1
513139 720784 1
513139 1104966 1
272135 414726 1
272135 980618 1
272135 1449398 1
272135 763864 1
387917 823355 2
240313 1010410 1
240313 831856 1
649653 739432 1
649653 981256 1
649653 1528388 1
116202 1344761 1
79820 948097 1
49576 630699 1
49576 423566 1
39914 543792 1
208093 867442 1
810950 1106212 2
42338 147901 1
42338 1159116 1
1299192 1452806 1
468947 712824 1
931448 1137240 1
325118 1424535 1
325118 337793 1
325118 1097412 1
325118 1269527 1
325118 793408 1
325118 562213 1
325118 1103201 1
325118 1405478 1
325118 483390 1
1163282 1235028 1
1183124 1527450 1
796643 1391091 1
62872 949631 1
62872 1143138 1
1239890 1333071 1
1239890 1262478 1
41170 1148632 1
41170 315603 1
41170 570104 6
41170 493907 6
41170 647970 2
921455 1423426 1
1414359 1497346 1
38635 1526253 1
38635 80175 1
38635 1112331 1
38635 433983 1
38635 280339 1
38635 269693 1
38635 540392 1
554774 612202 1
578036 1042304 1
537409 724706 1
483286 1393087 1
483286 279428 1
483286 96832 1
483286 1174884 1
615817 1534649 1
615817 1445649 1
1283119 1288435 1
1283119 1410023 1
39776 1525597 1
899279 1428237 1
899279 1059629 1
899279 1080008 1
490432 832212 1
301445 1525882 1
301445 1057588 1
301445 1538813 1
313553 1202475 1
21063 385906 1
477196 935749 1
477196 1128850 1
477196 654968 1
202821 637037 1
202821 508780 1
310153 220349 1
310153 393363 1
280668 1279320 1
71746 253654 1
71746 943870 1
454825 1413796 1
225469 334145 1
546563 796643 1
546563 660439 1
546563 1391091 1
147199 317016 1
147199 753081 1
38740 792353 1
30249 1013949 1
137674 538785 1
137674 740734 1
346385 1068056 1
346385 1480303 1
68612 989231 1
68612 323869 1
1044049 1398510 1
1044049 1318017 1
523322 578036 1
523322 535095 1
388063 1327890 1
252155 806477 1
242427 392936 1
721031 1205774 1
721031 1206343 1
621222 1360864 2
67680 105660 1
399724 642495 1
918342 1131410 1
220844 617805 1
106427 724916 1
1356904 1499994 1
79709 1104244 1
1069017 1367980 1
91470 225821 1
91470 1183124 1
236202 1226430 1
236202 603278 1
89550 370649 1
469188 644775 1
469188 932473 1
503080 805651 1
503080 1005586 1
503080 544886 1
188606 534806 1
350182 1339007 1
1269362 1288770 1
385348 1089096 1
229985 910530 1
229985 621020 1
615001 1234065 1
615001 938727 1
48942 274338 1
381151 782447 1
216873 592733 1
100546 817274 1
395910 443677 1
50405 1339003 1
50405 936735 1
154914 565950 1
154914 1515364 1
154914 864275 1
393775 856668 1
1094635 1101153 1
50402 1125880 1
50402 1269362 1
50402 1288770 1
50402 1002992 1
50402 268645 1
50402 605256 1
345894 571728 1
26638 377155 1
12797 676915 2
12797 246751 2
156758 597200 1
156758 629041 1
156758 841810 1
156758 771732 1
156758 348340 1
156758 1414359 1
156758 1497346 1
156758 163383 1
156758 1238638 1
156758 591800 1
640687 958162 1
48983 89550 1
48983 370649 1
180764 705218 1
173806 29204 1
1283296 1528737 1
633199 1260167 1
1181374 1346877 1
442577 672539 3
442577 826879 1
442577 1144712 1
442577 1126733 2
442577 462808 2
196252 684456 1
196252 247275 1
287418 1283070 1
287418 1068819 1
172571 180708 1
961349 1315562 1
563438 1084086 1
119146 834139 1
667369 711453 1
580755 595960 1
580755 1042988 1
580755 1318218 1
66883 911904 1
66883 73314 1
256430 584430 1
367508 835261 1
74921 298181 1
355477 425482 1
992750 1172726 1
992750 1144712 1
992750 1327368 1
1075036 1373521 1
1075036 1461629 1
429811 542751 1
629931 1425755 1
1303995 1539153 1
1303995 1429830 1
1303995 1417631 1
1303995 1463893 1
1303995 1410277 1
1103201 1424535 1
1103201 1405478 1
1103201 1269527 1
661153 862474 1
546965 1130389 1
257259 1330307 3
189003 387410 1
189003 1034177 1
201142 503080 1
201142 544886 1
201142 1005586 1
201142 805651 2
201142 441105 1
201142 1117009 1
201142 799750 1
201142 1063442 1
762737 1391030 1
581574 619247 1
163978 720941 1
505764 630043 1
431836 833592 1
1329214 1370983 1
1329214 1481755 1
469459 604486 2
469459 492741 2
469459 1106212 1
65500 1020093 1
191338 220844 1
377155 744230 1
377155 763876 1
191337 435183 1
3754 350236 1
3754 982244 1
1004512 1161577 1
784129 645986 1
1266265 1421313 1
1036547 1429830 1
1036547 1417631 1
1036547 1463893 1
1036547 1303995 1
1036547 1271345 1
1036547 1539153 1
1036547 1410277 1
993653 1481145 1
831210 1213691 1
315255 699845 1
1365166 1411621 1
353993 950548 1
686768 1139831 1
686768 1075571 1
686768 1151629 1
686768 813372 1
75185 776529 1
75185 1434166 1
846722 1131720 1
846722 868115 1
16341 945893 1
16341 449432 1
1205774 1206343 1
153132 364597 1
153132 1481079 1
1066369 1348561 1
244681 487388 2
535589 937745 1
80175 1112331 1
80175 433983 1
80175 280339 1
80175 269693 1
80175 1526253 1
80175 540392 1
310283 802507 1
669329 988219 1
669329 1276577 1
4837 832284 2
4837 1335110 2
312826 488393 1
104645 282218 1
104645 270001 1
46667 470814 1
46667 1248073 1
932124 1062652 1
720061 1280782 1
773963 1099124 2
559286 967363 1
559286 790654 1
559286 1108777 1
559286 592794 1
559286 1213050 1
90066 457097 1
90066 1167232 1
21704 1091426 2
453072 523322 1
453072 535095 1
453072 578036 1
202948 540297 1
1445649 1534649 2
984430 1153634 1
353339 705820 1
353339 688872 1
105356 1452904 1
191192 293462 1
191192 883749 1
719578 1224228 1
936555 1115661 1
936555 985544 1
271953 1428621 1
787961 1095295 1
663309 1330061 1
663309 1388076 1
192838 476052 1
80952 497611 1
80952 403085 1
609685 1048709 1
659032 1241270 1
659032 1463033 1
1008751 1495285 1
295290 862738 1
295290 438370 1
827180 1069335 1
246751 676915 2
483321 547556 1
483321 1017849 1
18940 934318 1
132923 781192 1
132923 658365 1
530747 792181 1
530747 980301 1
530747 715625 1
530747 647645 1
530747 970438 1
1287591 1334815 1
1262528 1294711 1
775697 1002278 1
8854 260794 1
8854 541900 1
8854 663433 1
8854 481040 1
8854 763876 2
470359 670263 1
659726 1539742 1
659726 683803 1
659726 1345740 1
275773 1268862 1
768382 1167648 1
689290 1212182 1
291191 888970 1
1007171 1492245 1
147180 509329 1
147180 847269 1
147180 775202 1
99711 592070 1
1120181 1339007 1
1120181 1155180 1
1120181 1413295 1
716055 1317282 1
506150 1078585 1
506150 685954 1
794090 902346 1
368235 1374472 1
368235 1106212 1
840194 999753 1
840194 218658 1
840194 14157225 1
604486 1106212 1
89661 377089 1
89661 1476558 1
89661 1491524 1
158916 329063 1
471178 1372556 1
863666 1110021 1
487014 1460093 1
115462 1147535 1
115462 705179 1
115462 1278132 1
115462 172301 1
115462 190126 1
290466 975509 1
659611 706941 1
1148069 1409492 1
87632 379860 1
87632 238435 1
87632 254052 1
87632 1165801 1
87632 970666 1
87632 125366 1
559867 1355907 1
1345740 1539742 1
79327 426865 1
1052301 1446759 1
331191 792181 1
331191 715625 1
331191 530747 1
331191 970438 1
331191 980301 1
331191 471613 1
331191 647645 1
183395 921455 1
183395 226836 1
183395 400884 1
1124084 1467867 1
47838 1529644 1
290619 773963 1
290619 758615 1
290619 1099124 1
212165 1424738 1
212165 1095437 1
336892 628542 1
725264 1039934 1
325917 465442 1
662166 835189 1
792956 997521 1
50873 1072816 1
414726 763864 1
454967 1437879 1
12586 738769 1
12586 29229 1
12586 863562 1
594741 1393215 1
66095 1392148 1
66095 1522499 1
55137 155891 1
42836 181907 2
157680 200729 1
751827 1496660 1
979475 1237858 1
277527 1093977 1
156746 1413796 1
156746 454825 1
54952 97818 1
54952 724706 1
54952 652838 1
912878 1089780 1
60573 1026133 1
145763 418286 2
109089 175477 3
774653 810293 2
216918 244818 1
738271 805088 1
101733 614186 2
740071 814535 1
552192 1501315 1
11350 649597 1
11350 131356 1
582835 835189 1
582835 662166 1
503253 643815 1
259858 1037235 1
259858 391289 1
529353 801499 1
55004 1300632 1
313968 431264 1
314291 467434 1
314291 696960 1
314291 1506937 1
228711 776020 1
228711 1329433 1
19345 159990 1
19345 184738 1
707100 1054854 1
707100 890118 1
707100 1271966 1
67417 539827 1
67417 963777 1
67417 429946 1
67417 1085552 1
67417 790141 1
1257127 577520 1
228484 672539 3
228484 826879 1
228484 442577 6
228484 1144712 1
228484 462808 1
544886 805651 1
544886 1005586 1
722274 1205847 1
6769 1365083 1
64826 963742 1
6766 183075 1
1226355 2523 1
113778 491058 1
286913 367506 1
677187 731730 1
734360 1417362 1
734360 736791 1
642219 1350519 4
813619 1291748 1
813619 1114820 1
813619 1051559 1
975922 1215366 1
617250 1351712 1
617250 683226 1
155516 451482 1
155516 381647 1
155516 608179 1
155516 451704 1
155516 468594 1
155516 1316300 1
1191060 1305864 1
1191060 1494347 1
56668 1375729 2
476176 773485 1
476176 489682 1
476176 888102 1
783734 1432709 1
141265 986340 1
13511 685271 1
1234642 1410127 1
130235 140713 1
120155 281915 1
480067 768920 2
367575 983017 1
367575 1515675 1
367575 1438032 1
367575 504779 1
519819 581061 1
436089 1370983 1
436089 1481755 1
436089 1091809 1
436089 1329214 1
1237800 1261277 1
626850 839943 1
350568 1093291 1
1041282 1351803 1
819820 1358555 1
531229 1382152 1
709908 1413295 1
235621 315255 1
235621 699845 1
485305 1539742 1
485305 659726 1
485305 683803 1
485305 1345740 1
133959 874639 1
402995 1164825 1
105500 309100 1
596271 1491418 1
705179 939782 1
705179 839205 1
705179 844736 1
705179 1201043 1
21248 681443 1
21249 230433 1
118945 932870 1
476597 591195 1
363440 816223 1
1404326 1454908 1
351787 1261243 1
351787 1405137 1
311902 755679 4
311902 368286 4
311902 960166 4
9512 1032990 1
290900 409792 1
80540 1413295 1
45251 350182 1
45251 96122 1
1180639 1323481 1
528749 881615 2
841746 1383825 1
841746 1469441 1
14673 1389164 1
14673 661007 1
113985 1064974 1
113985 1376529 1
421822 1266084 1
1104488 1176897 2
1104488 1509400 1
368138 678667 1
422325 1497137 1
9288 1442981 1
9288 627151 1
860011 1053410 1
860011 1517985 1
14989 634534 1
14989 575797 1
14989 835261 1
14989 367508 1
14989 70317 2
343380 725632 1
415558 1428748 1
125386 223068 1
772155 1095641 1
269595 377089 1
269595 837372 1
269595 1462408 1
269595 1476558 1
605256 1002992 1
605256 1269362 1
605256 1125880 1
605256 1288770 1
1434849 1454682 1
193093 535589 1
193093 937745 1
193093 1398765 1
480449 1481958 1
480449 1332562 1
480449 767001 1
1071317 1245356 1
1222115 1354893 1
133245 705083 1
133245 560919 1
299282 333231 1
400884 1423426 1
400884 921455 2
400884 446835 1
804683 1291748 1
804683 1114820 1
804683 813619 1
804683 1051559 2
1361679 1540513 1
557132 1504489 1
487792 1294943 1
799750 1117009 1
799750 805651 1
799750 1063442 1
1410277 1539153 1
1410277 1429830 1
1410277 1417631 1
1410277 1463893 1
883152 1332997 1
614120 1475683 1
20044 1155180 1
20044 1120181 1
20044 605713 1
20044 1063164 1
20044 1511131 1
610143 1295706 1
963489 46913 1
722515 14134878 1
722515 447330 1
718946 1383699 1
149642 1271374 1
149642 229280 1
621020 910530 1
765825 1304634 1
263038 360238 1
263038 381647 1
864277 948160 1
1108036 1287591 1
1108036 1334815 1
434158 1072777 1
342661 399563 1
342661 711859 1
1039652 1071317 3
1039652 1245356 1
108472 804138 1
108473 1212681 1
1056311 1123180 1
1176897 1509400 1
339224 1054091 2
191954 635049 2
1160957 1270100 1
1160957 1265335 1
1332562 1481958 1
256646 273727 1
256646 581574 1
256646 619247 1
314407 626730 1
314407 546338 1
314407 461797 1
314407 461743 1
314407 908533 1
314407 1413276 1
169125 482685 2
365614 859848 1
365614 543462 1
365614 823757 1
89953 1346238 1
895574 1493755 1
1315656 1382289 1
210293 609422 1
129715 1221209 1
137949 1468521 1
273727 467434 1
273727 908196 1
273727 1327882 1
273727 581574 1
273727 619247 1
132043 458461 1
379860 970666 1
379860 1165801 1
111373 347584 2
684410 1256101 1
216859 431824 1
451981 574115 1
451981 661134 1
188171 954468 1
148286 901934 1
398501 1393218 1
986591 1507231 1
355079 892416 1
843997 1315922 1
1097856 1460764 1
1097856 1494512 1
790966 1306182 1
497606 563083 1
28718 569131 1
815055 1454952 1
129370 134589 1
353553 452620 1
353553 992750 1
353553 1144712 1
353553 447037 1
353553 1327368 1
284186 1047084 1
699392 925215 1
658821 690601 1
658821 1525261 1
524614 589421 1
1288596 1309781 1
73117 388634 1
73117 923384 1
73117 801499 1
73117 417891 1
73117 529353 1
382809 447802 1
382809 487014 1
382809 1460093 1
912061 922283 2
47006 975334 1
47006 95289 1
47006 516744 1
980618 1449398 1
665633 753137 1
665633 975258 1
558925 788407 2
558925 1020918 1
558925 888567 1
1405810 1448658 1
322127 1409645 1
643518 1195567 1
177466 975258 1
516874 1246611 1
516874 559171 1
516874 1077115 1
516874 1172350 1
516874 1489016 1
516874 803998 1
74054 99711 1
74054 592070 1
431721 587559 1
431721 1045972 1
492741 604486 2
492741 1106212 1
843441 1199690 1
834459 982617 1
350782 503028 1
13884 1409645 1
13884 636899 1
13884 322127 1
1026420 1149869 1
654841 1434849 1
654841 951301 1
654841 1454682 1
654841 1210957 1
654841 1285684 1
654841 967725 1
654841 848570 1
706234 1514262 1
6757 179371 1
666446 951047 1
368694 1499198 1
676915 687211 1
839205 939782 1
839205 844736 1
96608 437446 1
489636 530620 1
489636 1513630 1
379487 481751 1
46197 698063 1
1365104 1418372 1
167641 1075512 1
167641 788376 1
1272061 1534649 1
1272061 1445649 1
119790 1178725 1
162218 340774 1
162218 567744 1
162218 742857 1
551181 964952 1
1483077 1516405 1
377089 837372 1
377089 1476558 2
377089 1462408 1
377089 739455 1
377089 1491524 2
991214 1406328 1
194073 398361 1
194073 535095 1
194073 340333 1
194073 289943 1
194073 578036 1
194073 523322 1
194073 453072 1
376686 499338 1
21878 1106212 1
21878 204926 2
21878 492741 2
21878 379504 1
21878 604486 2
21878 469459 2
597283 630230 1
182561 1205847 1
182561 722274 1
1202652 1279799 2
130117 1493755 1
130117 895574 1
514790 1010586 1
163383 597200 1
163383 629041 1
163383 841810 1
163383 771732 1
163383 348340 1
163383 1497346 1
163383 1414359 1
163383 1238638 1
163383 591800 1
362278 285853 1
362278 1502791 1
424166 1251416 1
424166 451704 1
621981 1436406 1
820087 984430 1
820087 1153634 1
390404 650417 1
390404 905918 1
14088729 100175 1
14088729 14088730 1
799343 1035771 1
7223 705268 1
5079 1106357 1
1080008 1428237 1
967363 1108777 1
967363 1213050 1
690601 1525261 1
95426 1279090 4
686458 861136 1
686458 993589 1
10697 41170 1
269693 1112331 1
269693 433983 1
269693 857690 1
269693 280339 1
269693 1526253 1
269693 540392 1
260239 397784 1
223613 1118545 1
223613 1438624 1
1028564 1430932 1
602046 1109095 1
9561 727404 1
891213 1217298 1
97489 1370983 1
97489 1481755 1
97489 436089 1
97489 377776 1
97489 1329214 1
97489 1091809 1
63881 998039 1
321380 525031 1
1092659 1351288 1
246776 1295759 1
1035771 1116036 1
322725 584326 1
322725 344786 1
322725 510663 1
790141 963777 1
790141 1085552 1
688872 705820 1
723371 1428237 1
723371 1059629 1
723371 899279 1
723371 1080008 1
698569 1384111 1
698569 992596 1
332155 1509402 3
90040 140993 1
125917 724918 1
125917 920270 1
125917 948255 1
345025 853925 1
345025 1118514 1
685954 1078585 1
679003 681372 1
679003 791757 1
555796 946487 1
360238 381647 1
228481 442948 1
228481 685800 1
4402 980618 1
4402 272135 1
4402 1449398 1
364597 1481079 1
62209 452620 1
62209 353553 1
62209 77141 1
62209 483321 2
303391 1366693 1
9387 74831 1
9387 80540 1
9387 1413295 1
471378 482046 1
180837 1112629 2
149492 403080 1
149492 412623 1
347990 348982 1
137045 803443 1
137045 1398765 1
892367 1365104 1
365069 595719 1
365069 757726 1
365069 1209430 1
847351 948263 1
608179 1316300 1
541900 1120181 1
194584 750162 1
108461 1026133 1
138939 736691 1
412250 1204966 1
851145 866651 1
147092 1259871 1
147092 1115768 1
421734 899567 1
629041 841810 1
629041 771732 1
629041 1238638 1
629041 1414359 1
629041 1497346 1
229280 1271374 1
14688 398629 1
258909 673011 1
258909 801850 1
258909 953568 1
305850 421332 1
758615 1294711 1
758615 773963 3
758615 1099124 2
88521 1358946 1
496834 559099 1
496834 1447671 1
320322 1346238 1
360698 806119 1
331157 344300 1
331150 932870 1
648537 1393215 2
1170482 1186878 1
589933 784129 1
589933 645986 1
359971 1533109 1
359971 585458 2
359971 1041178 2
291795 334145 1
136973 790654 1
136973 264734 1
136973 592794 1
136973 1213050 1
136973 559286 1
136973 967363 1
136973 1108777 1
136973 387629 1
369169 547556 1
369169 1017849 1
369169 471367 2
369169 483321 1
257614 738750 1
257614 476661 1
257614 459927 1
330798 940802 1
606429 1107825 1
318501 1431755 1
301949 415174 1
212436 1178735 1
212436 729330 1
212436 1202808 1
1462408 1476558 1
189142 431694 1
188728 512387 1
188728 808879 1
154820 262634 1
403080 412623 1
368754 744230 1
368754 377155 1
82727 685212 1
82727 282860 1
82727 320230 1
82727 971497 1
552775 636351 1
848570 1434849 1
848570 951301 1
848570 1454682 1
848570 1210957 1
848570 1285684 1
848570 967725 1
758508 926464 1
221428 626013 1
221428 593017 1
221428 355823 1
221428 533545 1
144544 1105426 1
92191 603484 1
92191 558539 1
1231631 1476170 1
1231631 1448968 1
1231631 1307263 1
642587 935840 1
24581 1297836 1
651975 1460182 1
1373521 1461629 1
423378 654240 1
106697 899373 3
32590 1413796 1
32590 454825 1
32590 156746 1
765027 1269821 1
765027 1299192 1
765027 1452806 1
235131 923660 1
235131 895025 1
88674 118865 1
1330580 1441369 1
27100 473193 1
792372 1465336 1
140510 827666 1
140510 1378578 1
570860 1113922 1
833717 1292569 1
833717 999174 1
833717 945808 1
181444 633133 1
486470 1535240 1
755692 1153575 1
468379 1319065 1
468379 746965 1
253903 1101153 1
253903 1094635 1
17376 527025 1
82867 365014 1
82867 1117664 1
90858 155516 1
90858 451482 1
90858 263038 1
90858 148279 3
90858 360238 1
90858 381647 2
90858 608179 2
90858 451704 1
90858 468594 1
90858 1316300 1
723927 1132667 2
117573 485767 1
250120 1119278 1
250120 413190 1
250120 1409492 1
250120 1148069 1
250120 971910 1
438581 1064582 1
509295 617250 1
509295 1351712 1
509295 683226 1
97078 297359 1
287601 1068432 1
602544 761688 1
74860 236885 1
74860 1131720 1
74860 868115 1
74860 831556 1
74860 846722 1
51148 626013 1
51148 583782 1
51148 842428 1
673089 1061856 1
673089 1374842 1
673089 1116343 1
764481 824513 1
764481 1383267 1
908533 1413276 1
1393231 1499169 1
148093 935840 1
148093 942691 1
832284 1335110 2
510663 584326 1
120196 179391 1
136817 983017 1
136817 367575 1
136817 1515675 1
136817 254909 1
136817 179735 1
136817 504779 1
136817 166927 1
136817 1438032 1
116712 348830 1
195272 1013805 1
195272 1307263 1
392076 603529 1
311851 817445 1
311851 645611 1
673550 1134816 4
171630 1051864 1
703189 1418789 1
135556 1142997 1
135556 367506 1
135556 1330115 1
890118 1054854 1
890118 1271966 1
46452 1113922 1
46452 570860 1
289635 1328091 1
857114 1477057 1
404303 1339007 1
404303 988968 1
404303 1393215 2
396955 490213 1
396955 404991 1
513261 1132650 1
270502 1241270 1
270502 659032 1
270502 1463033 1
556678 969755 1
1419470 1440234 1
709828 890788 1
246588 333739 1
39825 676915 1
39825 568944 1
254021 329261 1
270268 958397 1
270268 1333930 1
270268 318801 1
1828 980603 1
1828 708916 1
675327 1501564 1
139656 167558 1
139656 551211 1
139656 147915 1
113059 470359 1
113059 148279 1
113059 402579 1
113059 1339007 1
113059 332977 1
113059 540910 1
198750 338606 1
345100 1204047 1
345100 1015142 1
387629 790654 1
387629 1108777 1
387629 592794 1
387629 1213050 1
387629 559286 1
387629 967363 1
128777 194073 1
128777 535095 1
128777 340333 1
128777 289943 1
128777 398361 1
128777 578036 1
128777 523322 1
128777 453072 1
949631 1143138 1
58975 244513 2
869563 1450001 1
805428 1061022 1
718215 1348561 1
718215 1066369 1
160338 916768 2
1172350 1246611 1
1172350 1489016 1
268645 1002992 1
268645 1125880 1
268645 1269362 1
268645 605256 1
268645 1288770 1
833084 1003158 2
833084 1484822 1
172085 319768 1
172085 1098859 1
172085 1402433 1
172085 244906 1
888291 1226986 1
591862 960138 1
810335 1408674 1
58801 148279 2
446835 1423426 1
446835 921455 1
728995 1294748 1
728995 979086 1
211905 271047 1
211905 480449 1
211905 440487 1
211905 1332562 1
211905 767001 1
211905 1481958 1
415371 545568 1
415371 797185 1
415371 907507 1
415371 868700 1
52564 1201043 1
52564 228605 1
52564 705179 1
14233 992322 1
14233 69252 1
14233 302877 1
363154 445672 1
112878 495620 1
112878 916524 1
761070 1191133 1
685983 750269 1
108674 649577 1
27852 569505 1
58377 397055 2
9395 1234684 1
9395 703863 1
824973 46913 1
824973 963489 1
539571 541900 1
269064 1391774 1
61663 1036924 1
471367 547556 1
471367 1017849 1
471367 483321 1
645611 817445 1
860679 986115 1
480269 764081 1
480269 495551 1
83886 319768 1
83886 172085 1
83886 1098859 1
83886 1402433 1
83886 244906 1
72310 1002278 1
72310 279482 1
516322 1537698 2
248994 778927 1
248994 673550 1
248994 1393215 5
248994 1339007 1
248994 1523070 5
248994 1004691 1
1417631 1429830 1
1417631 1539153 1
1417631 1463893 1
289943 398361 1
289943 535095 1
289943 340333 1
289943 523322 1
289943 453072 1
289943 578036 1
471389 1339007 2
105984 560384 1
105984 778673 1
652838 724706 1
1067797 1457893 1
427478 563759 1
621262 786774 1
75977 591195 1
402579 541900 1
571830 1511474 1
178628 340566 1
178628 772893 1
522387 1435914 1
145554 382236 1
439185 721117 1
169369 460468 1
169369 657153 1
361174 860163 2
662737 1494557 1
97818 652838 1
97818 724706 1
193052 581488 1
193052 1140442 1
530418 1017530 1
331496 390576 1
331496 693362 1
751879 1425819 1
219528 379949 1
219528 487014 1
219528 1460093 1
219528 382809 1
219528 245977 1
219528 228950 1
219528 447802 1
598017 910530 1
171064 783702 1
747645 1262563 1
330784 460619 1
254909 983017 1
254909 367575 1
254909 1438032 1
254909 504779 1
254909 1515675 1
337793 1424535 1
337793 1097412 1
337793 1269527 1
337793 793408 1
337793 562213 1
337793 1103201 1
337793 1405478 1
337793 483390 1
639399 1023802 1
639399 964303 1
158884 173433 1
158884 570655 1
1051559 1291748 1
1051559 1114820 1
154838 974410 1
350236 982244 1
626398 954260 1
626398 845297 1
711859 876870 1
50538 427249 1
35076 125781 1
35076 161527 1
234655 1350224 1
492348 536489 1
595719 1209430 1
595719 757726 1
145600 866651 1
145600 851145 1
145600 220233 1
145600 163493 1
378716 711076 1
228727 1361679 1
228727 1540513 1
593017 626013 1
480914 1072995 1
249002 536153 1
1169155 1273025 1
812661 988624 1
82286 1481696 1
796302 1180115 2
794930 873128 1
344174 513139 1
344174 720784 1
344174 1104966 1
683803 1539742 1
683803 1345740 1
880868 1330061 1
880868 1419470 1
717051 1275481 1
717051 854932 1
89204 268787 1
204926 537295 1
204926 468594 1
204926 207887 1
204926 608179 1
96449 771338 1
151229 854928 1
151229 1354369 1
839772 1205055 1
181451 645740 1
343999 807556 1
276132 722238 1
252296 1513951 1
131476 230660 1
71732 617805 1
71732 220844 1
220657 1153575 1
220657 300190 1
220657 286096 1
220657 416364 1
220657 570068 1
220657 1368357 1
220657 418539 1
423242 1494150 2
377429 668811 1
377429 1209418 1
377429 874882 1
377429 496458 1
377429 848896 1
558539 603484 1
560919 705083 1
73314 177466 1
73314 975258 1
73314 805428 2
230539 1229540 1
306617 1205019 1
306617 1191224 1
201524 731768 1
373293 747197 1
373293 844075 1
240987 673550 1
715625 980301 1
715625 792181 1
715625 970438 1
683938 1024001 1
489500 1405915 1
1438032 1515675 1
297651 1488020 1
297651 1512449 1
409154 548252 1
506403 576777 1
506403 543837 1
506403 879013 1
506403 1507451 1
660246 1434746 1
377043 742700 1
894286 1445617 1
146634 1180115 1
441105 503080 1
441105 805651 1
441105 1005586 1
441105 544886 1
1149690 1510320 1
397544 791581 1
470814 661153 1
470814 1248073 2
854619 1145586 1
218074 244513 1
555301 723269 1
555301 767275 1
829093 1013951 2
829093 1523070 1
829093 1138931 1
1114820 1291748 1
104179 994271 1
201232 470197 1
128567 763876 1
535095 578036 1
951301 1434849 1
951301 1285684 1
951301 1210957 1
951301 967725 1
951301 1454682 1
98888 133959 1
215946 412623 1
328718 833717 1
724918 920270 1
724918 948255 1
1368728 1501315 1
1368728 1420336 1
486033 824399 1
9142 776438 1
9142 568308 1
9142 281774 1
9142 945808 1
775202 847269 1
956430 985544 1
139089 228539 1
424983 1492245 1
424983 1007171 1
424983 549512 1
182211 740082 1
182211 1023357 1
693377 1041282 1
693377 1351803 1
379444 674482 1
379444 1041282 1
379444 1351803 1
379444 693377 1
173433 285459 1
340690 1245356 1
340690 692316 1
340690 730969 2
340690 1039652 3
340690 470245 1
340690 1071317 3
891897 1456258 1
506972 1241416 1
105310 261528 1
457625 1509401 1
320230 971497 1
320230 685212 1
949604 965237 1
891149 1218459 1
70317 575797 1
70317 634534 1
70317 1481696 1
70317 82286 1
936735 1339003 1
547733 1023802 1
547733 639399 1
547733 964303 1
134589 781431 1
93244 758508 1
1052764 1063662 1
231836 405378 1
231836 513818 1
658365 781192 1
134852 14134873 1
120831 217777 1
572622 921890 1
802959 1218459 1
802959 891149 1
773433 1514429 1
48276 986340 1
48276 955510 1
48276 141265 1
355297 1368269 1
355297 412506 1
793023 1044147 1
1125880 1269362 1
1125880 1288770 1
14228 679719 1
84502 331191 1
84502 792181 1
84502 715625 1
84502 530747 1
84502 970438 1
84502 106124 1
84502 980301 1
84502 471613 1
84502 647645 1
1179982 1190605 1
553141 1099416 1
609172 1171963 1
650417 1124207 1
709125 784871 1
709125 1191996 1
37712 1329686 1
44489 808473 1
121653 880331 2
388439 831994 1
683226 1351712 1
524086 1429830 1
524086 1417631 1
524086 1463893 1
524086 1303995 1
524086 1271345 1
524086 1539153 1
524086 1036547 1
524086 1410277 1
41181 1148632 1
798765 1218459 1
798765 891149 1
798765 802959 1
649597 131356 1
78579 563161 1
437329 596271 1
437329 1491418 1
495620 916524 1
570068 1153575 1
570068 1368357 1
275057 1463295 1
275057 296427 1
1598 596570 1
568944 676915 2
717725 1004512 1
717725 1161577 1
496458 668811 1
496458 1209418 1
496458 874882 1
496458 848896 1
12713 548937 1
1021191 1040784 1
1421056 1516405 1
752481 1339013 1
137795 614225 1
1241270 1463033 1
1144405 1247321 1
728684 1201867 1
893632 1134817 1
47615 1429830 1
47615 487501 1
47615 1417631 1
47615 1463893 1
47615 471122 1
47615 1303995 1
47615 1271345 1
47615 1539153 1
47615 1036547 1
47615 524086 1
47615 1410277 1
1160451 1179694 1
31524 113980 1
243871 429044 1
676271 699009 1
917712 1018235 1
917712 1011046 1
109334 629931 1
109334 1425755 1
109334 496877 1
1254087 1407299 1
30003 786165 1
492221 556817 1
492221 939652 1
111922 358664 1
111922 234597 1
325537 1262563 1
325537 747645 1
1271345 1429830 1
1271345 1417631 1
1271345 1463893 1
1271345 1303995 1
1271345 1539153 1
1271345 1410277 1
632190 830668 1
39441 703229 1
5 70317 1
5 1481696 1
5 82286 1
174021 779097 1
174021 1525025 1
225386 651975 1
225386 572842 1
225386 1460182 1
449681 950202 1
449681 672228 2
449681 633002 1
449681 720061 1
449681 1280782 1
379949 487014 1
379949 447802 1
379949 382809 1
379949 1460093 1
217178 347990 1
217178 348982 1
1107689 1471592 1
796052 807521 1
796052 837934 1
665605 809307 1
177432 516322 2
177432 1537698 2
594671 1327053 1
194880 349806 1
452177 519819 1
452177 581061 1
1075571 1139831 1
1075571 1151629 1
975258 1146103 2
717575 1060171 1
438370 862738 1
282767 1301551 3
144838 1291748 1
144838 1114820 1
144838 1051559 2
144838 737135 1
144838 804683 2
144838 813619 1
306393 471178 1
306393 1372556 1
1460764 1494512 1
61109 1218459 1
61109 891149 1
61109 798765 1
61109 802959 1
922448 998240 1
327761 619774 1
180202 649407 1
701921 917712 1
701921 1018235 1
701921 1011046 1
257025 886627 1
654895 1269821 1
654895 765027 1
654895 1299192 1
654895 1452806 1
217777 427282 1
217777 225815 1
217777 1528335 1
217777 515305 1
217777 1454536 1
8308 649359 1
104214 960166 4
104214 755679 4
104214 368286 4
104214 311902 4
104214 122415 4
831556 1131720 1
831556 868115 1
831556 846722 1
776438 945808 1
989543 1406328 1
989543 991214 1
279608 942691 2
343989 1234684 1
117557 800583 2
367228 1014730 1
367228 1301792 1
171879 728000 1
171879 454263 1
192075 1454908 1
192075 1404326 1
192075 975495 1
967725 1434849 1
967725 1285684 1
967725 1210957 1
967725 1454682 1
1014730 1301792 1
214151 838622 1
214151 755406 1
1269527 1424535 1
1269527 1405478 1
382210 743614 1
81122 291114 1
258325 869563 1
258325 1450001 1
1008482 1226355 1
1008482 2523 1
1008482 796099 1
720784 1104966 1
469576 681379 1
611889 798255 1
959487 1097002 1
959487 1524656 1
959487 1272818 1
1393215 1523070 5
586580 1445354 1
586580 757637 1
148466 790966 1
148466 1306182 1
158263 377091 1
130162 963586 1
874690 1401861 1
182517 1320711 1
182517 1290825 1
182517 1371589 1
177160 351207 1
96122 1339007 1
96122 350182 3
96122 152939 1
402229 1120181 1
402229 985544 1
402229 756609 1
402229 709908 1
402229 1413295 1
402229 1368728 1
402229 461165 1
402229 1240218 1
57750 676755 1
57750 1294711 1
57750 1262528 1
57750 321296 1
57750 70718 1
549243 950808 1
247545 304628 1
386827 1314066 1
386827 1459295 1
418174 918342 1
418174 1131410 1
200790 211630 1
200790 231995 1
200790 1290648 1
199734 1121810 1
154209 1009505 1
13338 500355 1
13338 903157 1
1148816 1222276 1
514699 679765 1
1163173 1166800 1
874882 1209418 1
386737 408812 1
386737 719756 1
736825 1298541 1
1057588 1525882 1
1057588 1538813 1
800164 801998 1
860187 1170606 1
1153575 1368357 1
289143 1195739 1
1179420 1277895 1
98988 698611 1
135843 820062 1
63562 596042 1
63562 666735 1
63562 133722 1
63296 570109 1
572639 569163 1
572639 955306 1
843950 975550 1
269262 914903 1
269262 1455946 1
1290695 589933 1
1290695 645986 1
1290695 784129 1
703784 975258 1
827558 1504493 1
827558 943582 1
457521 524907 1
105546 555301 1
105546 306525 1
203046 778946 1
605105 1269821 1
605105 654895 1
605105 765027 1
605105 1299192 1
605105 1452806 1
340530 638319 1
1489566 1506175 1
40063 233578 1
743614 1084706 1
236885 1131720 1
236885 868115 1
236885 831556 1
236885 846722 1
685212 971497 1
459764 877465 1
487269 1065128 1
99582 164502 1
955306 1054331 1
955306 569163 1
243284 1249847 1
243284 652749 1
243284 609668 1
243284 1035979 1
198398 980694 1
198398 234883 2
198398 1155662 1
249597 957969 1
566849 1058840 1
351588 1367215 1
184037 839943 1
184037 626850 1
413190 971910 1
252336 463826 1
228950 379949 1
228950 487014 1
228950 1460093 1
228950 382809 1
228950 245977 1
228950 447802 1
1405478 1424535 1
848896 1209418 1
848896 874882 1
28445 1027809 1
468995 966880 1
218656 821304 1
83756 123716 2
83756 541900 2
122260 1209430 2
122260 595719 1
122260 757726 1
122260 365069 1
200412 1397426 1
218658 999753 1
218658 14157225 1
125780 1497137 1
125780 422325 1
179735 983017 1
179735 1515675 1
179735 367575 1
179735 254909 1
179735 504779 1
179735 1438032 1
112036 785948 1
591800 597200 1
591800 629041 1
591800 841810 1
591800 771732 1
591800 1497346 1
591800 1414359 1
591800 1238638 1
97995 1295759 1
97995 246776 1
1699 1097002 1
1699 1272818 1
1699 1524656 1
1699 430196 1
1699 537295 1
1699 959487 1
1699 864671 1
1261243 1405137 1
77309 645466 1
606581 891897 1
606581 1456258 1
357928 556678 1
357928 969755 1
181095 1198659 2
451704 1251416 1
451704 608179 1
451704 468594 1
451704 1316300 1
30806 90066 1
30806 457097 1
30806 1167232 1
876356 1001101 1
447037 487269 1
447037 1144712 1
447037 1065128 1
447037 992750 1
447037 1327368 1
62011 1044049 1
62011 1398510 1
62011 299373 1
62011 1318017 1
62011 647385 1
306251 441560 1
306251 782447 1
306251 381151 1
793408 1424535 1
793408 1097412 1
793408 1405478 1
793408 1269527 1
793408 1103201 1
848768 1016803 1
1477 929624 1
502466 1276363 1
471613 792181 1
471613 715625 1
471613 530747 1
471613 980301 1
471613 970438 1
471613 647645 1
129802 254354 3
28915 135556 1
28915 367506 1
28915 1330115 1
838174 958251 1
228293 1080911 1
389824 701477 1
8429 1120181 1
8429 892416 1
8429 1413295 1
8429 1220427 1
702147 751827 1
702147 1496660 1
461797 626730 1
461797 546338 1
461797 908533 1
461797 1413276 1
238770 678667 1
238770 368138 1
433819 939782 1
433819 1116872 1
433819 596236 1
433819 1315922 1
433819 705179 1
433819 844736 1
433819 839205 1
190887 321628 1
829868 1181374 1
829868 1346877 1
599127 1013805 1
599127 1307263 1
1178735 1202808 1
50007 945643 2
276024 1434849 1
276024 951301 1
276024 1454682 1
276024 654841 1
276024 1210957 1
276024 1285684 1
276024 967725 1
276024 848570 1
276024 385302 1
681460 948263 1
681460 847351 1
385906 840716 1
394444 628425 1
394444 1052219 1
258881 564204 1
7750 1260717 1
540392 1526253 1
540392 1112331 1
137281 1434849 1
137281 951301 1
137281 1454682 1
137281 654841 1
137281 1210957 1
137281 276024 1
137281 1285684 1
137281 967725 1
137281 848570 1
137281 385302 1
234102 339750 1
1053410 1517985 1
590749 1007171 1
336597 349172 1
999447 1480220 1
740082 1023357 1
729544 1528737 1
729544 1283296 1
729544 975433 1
28827 976455 1
28827 1461798 1
314935 1212182 1
314935 689290 1
792181 980301 1
792181 970438 1
340333 578036 1
340333 453072 1
340333 398361 1
340333 535095 1
340333 523322 1
308160 1309781 1
381647 678171 1
381647 451482 1
381647 608179 1
381647 451704 1
381647 468594 1
381647 460823 1
381647 1316300 1
73979 1201867 1
73979 728684 4
1095437 1424738 1
95289 975334 1
65010 172985 1
25354 511002 1
756609 1368728 1
756609 1240218 1
756609 985544 1
25350 1223778 1
56181 424615 1
56181 112562 1
56181 282507 1
56181 404764 1
56181 467691 1
244555 742681 1
429946 963777 1
429946 539827 1
429946 1085552 1
429946 790141 1
581867 780327 1
586667 750698 1
314336 1014798 1
1330061 1388076 1
1330061 1419470 2
1330061 1440234 1
500355 903157 1
366318 414683 1
965368 339748 1
965368 988381 1
1116343 1374842 1
1059629 1428237 1
1059629 1080008 1
52888 460614 1
65904 1231631 1
65904 1476170 1
501952 798255 1
501952 611889 1
501959 1118165 1
755799 1328873 1
581488 1140442 1
915779 973746 1
794772 963489 1
189080 372021 1
189080 275781 1
127982 363154 1
314208 1330850 1
314208 809857 1
172603 1509981 1
404359 982125 1
219762 1050733 1
163493 851145 1
163493 866651 1
163493 220233 1
197731 502759 1
409089 1211513 1
191132 1282744 1
191132 1011882 1
191132 705546 1
705129 1280467 1
703863 1234684 1
389828 1261718 1
389828 591823 1
1874 487269 1
1874 1065128 1
1874 992750 1
1874 234133 1
1874 424615 1
1874 1327368 1
1874 112562 1
1874 77141 1
1874 353553 1
1874 447037 2
1874 1144712 1
1262478 1333071 1
274988 1468247 2
221874 819820 1
221874 597550 1
739455 1491524 1
908389 1336931 1
321521 840716 1
321521 385906 1
138758 831856 1
7981 1526253 1
7981 80175 1
7981 1112331 1
7981 433983 1
7981 280339 1
7981 38635 1
7981 269693 2
7981 540392 1
41855 684455 1
826879 1144712 2
523516 1320697 1
755406 838622 1
152939 1339007 1
152939 350182 1
627151 1442981 1
204378 1145010 1
204378 1254087 1
231995 1290648 1
404002 1292185 1
832534 840194 1
832534 999753 1
832534 218658 1
832534 14157225 1
743445 1070778 1
52627 1189132 1
668811 1209418 1
668811 874882 1
668811 848896 1
9581 270268 1
9581 1333930 1
9581 958397 1
9581 318801 1
9581 142985 1
865 1208464 1
865 973634 1
321296 676755 1
321296 1294711 1
321296 1262528 1
795297 912061 2
795297 922283 2
535500 1473294 1
62977 1234090 1
36397 908254 1
14799 1276363 1
14799 818295 1
14799 502466 1
317016 753081 1
698583 1010674 1
255781 1143119 1
255781 1338919 1
255781 412833 1
146181 596857 1
800028 936164 1
513341 979991 1
499202 803311 1
313255 481751 1
313255 379487 1
560384 778673 1
568094 1319540 1
122415 960166 4
122415 755679 4
122415 368286 4
122415 311902 4
1370983 1481755 1
551956 801297 1
1233707 1429340 1
71208 541900 1
71208 123716 1
71208 245413 1
508780 637037 1
1314066 1459295 1
133722 666735 1
133722 596042 1
935840 1463296 1
159794 1427990 1
585576 1308160 1
284062 1342775 1
284062 710724 1
447330 14134878 1
805651 1117009 1
805651 1005586 1
805651 1063442 1
24329 225386 1
24329 651975 1
24329 42882 1
24329 572842 1
24329 1460182 1
39513 1307351 1
335265 386737 1
335265 408812 1
335265 719756 1
541944 1384676 1
788407 1020918 1
788407 888567 1
814314 1117664 1
465660 993257 1
1049125 1320869 1
440925 490454 1
647385 1398510 1
647385 1044049 1
647385 1318017 1
666 1032990 1
666 9512 1
24490 863666 1
24490 1423553 1
544493 759040 1
72816 557900 1
526733 590013 1
1272818 1524656 1
151300 684485 1
151300 701513 1
456004 543023 1
456004 1471251 1
369126 626398 1
369126 954260 1
369126 845297 1
976455 1461798 1
476890 1000179 1
476890 1097856 1
476890 926335 1
476890 1494512 1
476890 1460764 1
476890 853180 1
8654 1387490 1
8654 643201 1
868700 907507 1
585156 1013667 1
729330 1178735 1
729330 1202808 1
361326 838770 1
8437 606041 1
8437 804593 2
727869 865026 1
1037440 1045702 1
449663 1021191 1
449663 1040784 1
970438 980301 1
609902 683998 1
477879 1149384 1
9822 472390 1
1002992 1269362 1
1002992 1125880 1
1002992 1288770 1
394583 774653 2
394583 810293 3
441477 758508 1
441477 1161450 1
441477 926464 1
823757 859848 1
31052 355289 1
417891 801499 1
417891 529353 1
644045 1156441 1
954759 1327824 1
496877 629931 1
496877 1425755 1
1322646 1521435 1
1147535 1278132 1
1106212 1374472 1
393106 993152 1
393106 1521600 1
393106 1148215 1
557642 1113566 1
557642 1463302 1
684485 701513 1
130569 260677 1
66491 600419 1
655434 1468456 1
130560 645523 1
340301 813851 1
340301 1440583 1
109172 482445 1
545723 629029 1
847285 1049678 2
267347 346639 2
245413 541900 1
224521 1131168 1
224521 1137748 1
224521 537077 1
224521 877722 1
292814 585033 1
429950 819820 1
313819 1333893 1
988219 1276577 1
503818 1406328 1
503818 989543 1
503818 991214 1
542561 1546241 1
542561 1035820 1
1429830 1539153 1
1429830 1463893 1
253654 943870 1
51184 826058 1
205039 235565 1
51183 793023 1
51183 1044147 1
430550 431513 1
197390 230786 1
220731 508477 1
448427 605105 1
448427 765027 1
448427 1269821 1
448427 531866 1
448427 1299192 1
448427 654895 1
448427 1452806 1
51211 761688 1
51211 602544 1
685271 1295143 1
562213 1424535 1
562213 1097412 1
562213 1269527 1
562213 793408 1
562213 1103201 1
562213 1405478 1
276412 834384 1
260809 1352975 1
82816 454725 1
339009 1066884 1
118865 661153 1
118865 282507 1
118865 313584 1
509789 1432229 1
885177 906108 1
494790 1134338 1
357286 1064621 1
1221841 1371847 1
141193 525102 1
674482 693377 1
674482 1041282 1
674482 1351803 1
603473 697143 1
158206 280224 1
158206 1161783 1
158206 432120 1
248726 525879 1
248726 538286 1
1476558 1491524 1
392183 924129 1
423566 630699 1
853180 1000179 1
853180 1494512 1
853180 1460764 1
853180 926335 1
853180 1097856 1
603278 1226430 1
227372 461450 2
227372 1073953 2
274065 745613 1
427282 515305 1
75770 627358 1
1236607 1371240 2
281774 568308 1
281774 333002 1
281774 945808 3
281774 776438 1
281774 833717 1
281774 999174 2
364498 1501315 1
364498 552192 1
310123 1288596 1
310123 1309781 1
310123 384546 1
831266 1234684 1
592640 14134879 1
787130 1113480 1
473365 1161803 1
633002 1280782 1
633002 720061 1
404764 437900 1
404764 424615 1
404764 467691 1
113237 1209430 2
113237 122260 2
113237 595719 1
113237 757726 1
113237 365069 1
260620 1371246 1
975433 1528737 1
975433 1283296 1
506231 740914 1
17068 1102909 1
459294 537077 2
211630 231995 1
211630 1290648 1
466570 976592 1
1213101 1296623 1
218253 813851 1
218253 340301 1
218253 1440583 1
829684 1323481 1
829684 1180639 1
327326 849586 1
478641 840467 1
1142122 1261718 1
42882 225386 1
42882 651975 1
42882 572842 1
42882 1460182 1
963777 1085552 1
164592 471378 1
164592 482046 1
521437 717725 1
521437 1004512 1
521437 1161577 1
176906 564348 1
398960 650184 1
938949 1341287 1
63389 1116872 1
63389 433819 1
63389 596236 1
287387 377930 1
993152 1148215 1
993152 1521600 1
78302 470430 1
243062 541900 1
176584 811162 1
676634 1334822 1
353554 1339007 1
875435 935562 1
716977 1129136 3
1145010 1254087 2
1145010 1407299 1
54275 1029661 4
41449 251276 1
41449 234388 1
808443 1131168 1
808443 1256978 1
133733 194584 1
133733 750162 1
33246 1170153 1
757778 1424134 1
224828 263872 1
367506 1330115 1
371163 482851 1
274537 1068432 1
274537 287601 1
164578 273727 1
630741 723269 1
630741 1251711 1
757487 1349595 1
731385 820141 1
282860 971497 1
282860 685212 1
282860 320230 1
471290 1081468 1
155973 696832 1
155973 1477057 1
155973 857114 1
155973 349506 1
845297 954260 1
520199 849992 1
1012114 1439081 1
78417 303023 1
78417 236812 1
228013 769587 1
233052 1410928 1
233052 1084683 1
724348 1085684 1
413084 683583 1
239753 952401 1
154998 1217298 1
154998 891213 1
450073 827558 1
747197 1497656 2
747197 844075 1
747197 1417522 2
41719 685157 1
938727 1234065 1
344786 584326 1
344786 510663 1
156445 470359 1
156445 252296 1
156445 364498 3
156445 670263 1
156445 1513951 1
302224 1179694 1
302224 1160451 1
914903 1455946 1
148279 155516 1
148279 451482 1
148279 635727 1
148279 608179 2
148279 381647 1
148279 322416 1
148279 451704 1
148279 537077 1
148279 468594 3
148279 1316300 1
148279 459294 1
238435 970666 1
238435 379860 1
238435 254052 1
238435 1165801 1
543023 1471251 1
324696 954759 1
144735 1063662 1
992596 1384111 1
1084683 1410928 1
659467 1144405 1
659467 1247321 1
354965 1350358 1
537077 1131168 1
537077 1137748 1
537077 877722 1
291478 359947 1
27067 353552 1
108166 254235 1
800820 895311 1
800820 1362135 1
575797 634534 1
352393 1117687 1
352393 642347 1
406222 735843 1
156061 235621 1
28480 674482 1
28480 379444 1
28480 1041282 1
28480 1351803 1
28480 693377 1
1252 519573 1
319429 325917 1
319429 465442 1
38275 662502 1
398690 1049125 1
398690 1320869 1
398690 434995 1
103695 183439 1
103695 246588 1
103695 333739 1
31314 1167648 1
31314 635546 1
31314 768382 1
509314 1064689 1
467434 696960 1
467434 1506937 1
569163 1054331 1
569163 955306 1
816322 1362796 1
445897 844694 1
1011046 1018235 1
696191 1124592 1
220030 318443 1
66020 724348 1
66020 1085684 1
651854 1201626 1
651854 662590 1
651854 1418372 1
651854 1365104 1
50978 1288596 1
50978 308160 1
50978 1309781 2
50978 384546 1
50978 310123 1
392936 833592 1
392936 431836 1
886561 955317 1
82796 794772 1
82796 963489 1
142985 270268 1
142985 1333930 1
142985 958397 1
142985 318801 1
215985 339748 2
215985 965368 4
215985 988381 1
224996 1005293 1
46888 549777 1
1238638 1414359 1
1238638 1497346 1
149973 473193 1
759473 1126216 1
559171 1172350 1
559171 1246611 1
559171 1077115 1
559171 1489016 1
559171 803998 1
348206 449797 1
1097002 1524656 2
1097002 1272818 1
661007 1389164 1
580267 1392736 1
449432 945893 1
474917 1159384 1
175733 1306841 1
1077115 1172350 1
1077115 1246611 1
1077115 1489016 1
813372 1139831 1
813372 1075571 1
813372 1151629 1
94086 892416 1
94086 355079 1
32182 270652 2
576777 879013 1
576777 1507451 1
245977 379949 1
245977 487014 1
245977 1460093 1
245977 382809 1
245977 447802 1
245977 475962 1
1086026 1322808 1
825037 911259 1
838536 982074 1
1339692 1434389 1
476079 951947 1
1320711 1371589 1
289320 907456 1
890162 1183160 1
101698 713044 1
101698 863064 1
1217058 1120843 1
220349 401634 1
739432 981256 1
739432 1528388 1
99335 592231 1
99335 436618 1
458193 909773 1
124316 1470908 1
776020 1329433 1
836080 1037206 1
586561 763128 2
772276 844568 1
639743 864686 1
861136 993589 1
4923 61907 1
167948 1332235 1
4927 381009 1
2131 613678 1
2131 1518078 1
13588 512387 1
13588 188728 1
13588 1134338 1
13588 808879 1
13588 203642 1
13588 494790 1
535181 1316321 1
162294 481764 1
253517 310853 1
754931 1277800 1
405378 513818 1
270249 304492 1
270249 546965 1
958095 1354369 1
345443 495052 1
345443 1281441 1
827457 1122014 1
387410 1034177 1
391289 1037235 1
147901 1159116 1
462808 672539 1
357048 680446 1
972431 1297509 1
390576 693362 1
200456 225821 1
200456 1183124 1
56943 1384489 1
340566 772893 1
597200 629041 1
597200 841810 1
597200 771732 1
597200 1497346 1
597200 1414359 1
597200 1238638 1
184825 1222276 1
1062657 1342356 1
711128 794324 1
88745 1244418 1
167558 551211 1
809036 1248020 2
290420 742245 1
53481 560384 1
53481 778673 1
53481 88177 1
53481 105984 1
71911 805373 1
895025 923660 1
24042 598017 1
24042 910530 1
1061856 1116343 1
1061856 1374842 1
243010 848298 1
606041 804593 1
83839 709629 1
269345 1295928 1
530077 1361072 1
336014 835139 1
112192 1116872 1
112608 563438 1
112608 1084086 1
647645 792181 1
647645 980301 1
647645 715625 1
647645 970438 1
90198 156061 1
90198 235621 1
587559 1045972 1
265608 1344021 1
56572 551526 1
271047 1481958 1
271047 480449 1
271047 1332562 1
271047 440487 1
271047 767001 1
831856 1010410 1
512387 808879 1
371173 975550 1
371173 843950 1
197725 449681 1
779299 789297 1
91115 125386 1
91115 223068 1
91115 1268300 1
122905 1477449 1
44199 507724 1
537295 1097002 1
537295 1272818 1
537295 608179 1
537295 1524656 1
537295 959487 1
537295 864671 1
676755 1294711 1
676755 1262528 2
705218 954924 1
572842 651975 1
572842 1460182 1
299003 1024001 1
299003 683938 1
84236 212798 1
313584 661153 1
313584 992750 1
313584 1172726 1
313584 481862 1
313584 877722 1
83013 918342 1
83013 418174 1
83013 315255 1
83013 699845 1
83013 1131410 1
83013 235621 1
264734 790654 1
264734 1108777 1
264734 592794 1
264734 1213050 1
264734 559286 1
264734 967363 1
264734 387629 1
771732 841810 1
771732 1238638 1
771732 1414359 1
771732 1497346 1
1261277 1476580 1
234597 358664 1
212185 874265 1
285082 851836 1
213851 636353 1
26686 1424535 1
26686 337793 1
26686 1097412 1
26686 1269527 1
26686 793408 1
26686 562213 1
26686 483390 1
26686 1405478 1
26686 1103201 1
26686 325118 1
604775 662737 1
958397 1333930 1
557181 1084427 1
557181 1038774 1
353703 462691 1
657980 1517979 1
76598 125776 1
76598 619774 1
1210957 1434849 1
1210957 1285684 1
1210957 1454682 1
27539 533545 1
27539 355823 1
27539 221428 1
347206 1410658 1
29031 920073 1
34248 568944 1
34248 676915 2
34248 246751 1
83658 1422257 1
607778 870176 1
136399 275057 1
136399 794183 1
136399 296427 1
226836 1423426 1
226836 921455 2
226836 446835 1
226836 400884 2
549512 1492245 1
549512 1007171 1
696832 1477057 1
696832 857114 1
696832 794090 1
696832 902346 1
886686 1412820 1
796099 1226355 1
796099 2523 1
746965 1319065 1
439200 1540256 1
461743 626730 1
461743 461797 1
461743 546338 1
461743 908533 1
461743 1413276 1
18109 1164176 1
1118545 1438624 1
207887 537295 1
207887 608179 1
207887 468594 1
1288435 1410023 1
1038774 1084427 1
765306 1014171 1
1318017 1398510 1
76284 1280746 1
246890 1101019 1
173182 1525624 1
1295621 1400651 1
282507 404764 1
282507 424615 1
282507 467691 1
174886 1246991 1
234133 547556 1
234133 471367 1
234133 1017849 1
234133 369169 1
234133 483321 1
370353 1201426 1
591823 1261718 1
402867 754931 1
402867 1277800 1
366474 736039 1
701965 863172 1
451933 1046269 1
451933 517479 1
340364 537295 1
340364 420740 1
121012 1046269 1
121012 517479 1
121012 451933 1
525665 656261 1
117932 954236 1
117932 443595 1
117935 281397 1
279482 1002278 1
14157225 999753 1
14157226 569163 1
14157226 955306 1
14157226 572639 1
1041178 1533109 2
65605 642219 3
65605 1350519 3
519141 687211 1
519141 676915 1
144303 570104 1
196045 481751 1
196045 379487 1
196045 313255 1
873797 920073 1
504311 1179022 1
504311 545782 1
866651 1158678 1
119703 167641 1
119703 1075512 1
119703 788376 1
231646 283282 1
201005 279467 1
201005 524907 1
101209 172571 1
101209 180708 1
934519 955572 1
172583 547556 1
172583 234133 1
172583 369169 1
172583 1017849 1
172583 471367 1
172583 483321 1
419476 746148 1
266523 410173 1
580709 1508306 1
94898 381647 1
527136 711859 1
556817 1505079 1
556817 939652 1
261550 813600 2
635307 1372042 1
1164953 1407559 1
1392148 1522499 1
497907 737329 2
214206 935562 1
214206 875435 1
784794 1004229 1
784794 855729 1
32351 306428 1
34133 276412 1
34133 834384 1
592794 967363 1
592794 790654 1
592794 1108777 1
592794 1213050 1
807407 1511494 1
635546 1167648 1
635546 768382 1
436801 786139 1
101110 393106 1
101110 993152 1
101110 1521600 1
101110 1148215 1
155591 464678 1
93404 762785 1
536711 1507688 1
125781 517251 1
125781 1464740 1
225815 1528335 1
46616 1070778 1
46616 743445 1
408812 719756 1
767001 1481958 1
767001 1332562 1
56390 889475 1
377107 1392043 1
353385 945808 1
56399 742917 1
330228 874438 1
330228 1023326 1
80789 790966 1
80789 148466 2
80789 1306182 1
81656 1181178 1
349010 723040 1
384080 557257 1
104509 134589 1
104509 129370 1
199469 554774 1
199469 612202 1
850046 1388472 1
1191224 1205019 1
62543 1259871 1
62543 147092 1
947203 1020918 1
539827 963777 1
539827 1085552 1
539827 790141 1
1339007 1393215 1
22934 449277 1
412506 1368269 1
535287 553141 1
535287 1099416 1
80431 186428 2
1091809 1370983 1
1091809 1481755 1
1091809 1329214 1
138167 206492 2
60767 305794 1
340774 567744 1
340774 742857 1
203642 1134338 1
203642 494790 1
236199 761035 1
53815 593113 1
1003158 1484822 1
107696 1008127 1
295179 1342254 1
920270 948255 1
739778 878345 1
613678 1518078 1
29204 923384 1
29204 73117 1
29204 259603 2
29204 1393215 1
700106 1206161 1
700106 922718 1
700106 1206163 1
700106 977561 1
125366 970666 1
125366 379860 1
125366 238435 1
125366 254052 1
125366 1165801 1
243003 545568 1
243003 797185 1
243003 868700 1
243003 907507 1
243003 415371 1
844075 1281750 3
285859 312826 1
285859 488393 1
322416 635727 1
105477 337932 1
105477 598762 1
315603 1148632 1
315603 570104 1
315603 493907 1
418539 1153575 1
418539 570068 1
418539 1368357 1
2904 43374 1
1068056 1480303 1
71010 783898 1
1525882 1538813 1
827666 1378578 1
197735 336014 1
197735 835139 1
190126 1147535 1
190126 1278132 1
272653 1064621 1
830845 64242 1
17905 75770 1
17905 30506 1
17905 627358 1
211761 495052 1
211761 345443 1
211761 1281441 1
347322 1169155 1
347322 512465 1
347322 1273025 1
1054854 1271966 1
314487 762061 2
164628 386737 1
164628 719756 1
164628 408812 1
164628 335265 1
164628 214679 1
483390 1424535 1
483390 1097412 1
483390 1269527 1
483390 793408 1
483390 562213 1
483390 1103201 1
483390 1405478 1
102055 847285 2
102055 1049678 2
102056 149761 1
102056 207199 1
1020093 1352930 1
30110 1204634 1
792893 848675 1
1168659 1170482 1
1168659 1186878 1
481862 992750 1
481862 1172726 1
481862 877722 1
429518 739224 1
847055 1054854 1
924438 1487127 1
212195 1468456 1
212195 655434 1
99882 1197189 1
280339 1526253 1
280339 1112331 1
280339 433983 1
280339 540392 1
187175 445985 1
662590 1201626 1
662590 1418372 1
662590 1365104 1
302000 992969 1
570124 1062652 1
160625 1434087 2
5409 648396 2
356159 489500 1
356159 1405915 1
980694 1155662 1
338909 1066884 1
280935 847055 1
280935 1054854 1
8119 810438 1
18113 397055 1
970666 1165801 1
1201626 1418372 1
1201626 1365104 1
384546 1288596 1
384546 1309781 1
318844 1181374 1
318844 829868 1
318844 1346877 1
123178 133722 1
979086 1294748 1
1303736 1398235 1
267111 703335 1
159990 184738 1
399766 920073 1
399766 603585 1
399766 873797 1
399766 561007 2
784871 1191996 2
23332 71746 1
23332 253654 1
23332 943870 1
1383825 1469441 1
241098 1053410 1
241098 860011 1
241098 1517985 1
643201 1387490 1
330678 469188 1
330678 932473 1
287345 429518 1
287345 739224 2
385302 1434849 1
385302 951301 1
385302 1454682 1
385302 654841 1
385302 1210957 1
385302 1285684 1
385302 967725 1
385302 848570 1
261093 1095641 1
261093 772155 1
1409272 1529644 1
398361 578036 1
398361 453072 1
398361 535095 1
398361 523322 1
935749 1128850 1
433983 1526253 1
433983 1112331 1
433983 540392 1
503685 1070173 1
55385 1292582 1
213487 1297509 1
213487 972431 1
217122 1535240 1
217122 486470 1
129840 788662 1
225821 1183124 2
7404 1331022 1
117906 249597 1
117906 957969 1
14157237 1427990 1
318801 958397 1
318801 1333930 1
798160 1321542 1
798160 1117664 1
1015142 1204047 1
606391 1339007 1
245197 788341 1
77141 145600 1
77141 851145 1
77141 452620 1
77141 1327368 1
77141 1144712 1
77141 866651 1
77141 220233 1
77141 992750 1
77141 353553 2
77141 447037 1
77141 163493 1
447802 1460093 1
447802 487014 1
477485 1076787 1
344587 495108 1
1064974 1376529 1
518268 1231404 1
154744 206241 2
405770 1131887 1
934502 1250168 1
4007 453747 1
304216 1258950 1
51080 51148 1
51080 842428 1
277685 870667 1
94260 759951 1
424615 487269 1
424615 1065128 1
424615 447037 1
424615 467691 1
220564 698025 1
926335 1000179 1
926335 1494512 1
926335 1460764 1
926335 1097856 1
224881 469188 1
224881 644775 2
145135 403080 1
145135 412623 3
145135 149492 1
536091 889543 1
413430 471290 1
413430 1081468 1
398819 725264 1
398819 1039934 1
149318 551176 1
535969 664558 1
535969 1340875 1
1113566 1463302 1
149311 280668 1
149311 1279320 1
370838 1049125 1
370838 1320869 1
370838 434995 1
370838 398690 1
88177 560384 1
88177 778673 1
88177 105984 1
64082 1454536 1
64082 217777 1
10948 1361653 1
10948 88362 1
10948 469090 1
256583 385906 1
391775 1476712 1
3711 65537 2
125776 619774 3
730969 1039652 1
730969 1071317 1
436618 592231 1
605713 665633 1
605713 1511131 1
574115 661134 1
341166 1182619 1
745127 806659 1
387302 781608 1
387302 540910 1
387302 744230 1
167158 1015056 1
654968 935749 1
654968 1128850 1
123716 541900 5
123716 243062 1
123716 245413 1
868115 1131720 1
454263 728000 1
46751 230171 1
293660 500637 1
1342021 1320730 1
790654 967363 1
790654 1108777 1
790654 1213050 1
10724 301877 1
96832 279428 1
926511 938380 1
60754 1405810 1
60754 1448658 1
567744 742857 1
149761 207199 1
149767 204473 1
75638 490213 1
75638 396955 1
626730 908533 1
626730 1413276 1
626887 1066177 1
94049 603529 1
94049 151134 1
94049 392076 1
204539 1449014 1
41922 55137 1
41922 155891 1
821535 1368728 1
270001 282218 1
568341 612310 1
87176 680418 1
275781 372021 1
275781 903936 1
619774 1313076 2
1174884 279428 1
1174884 96832 1
495052 1281441 1
113684 529990 1
444110 511002 1
281036 889690 2
477011 625745 1
299373 1398510 1
299373 1044049 1
299373 1318017 1
299373 647385 1
7241 1084683 1
172325 1088994 1
14134875 14134876 1
179143 375637 1
162654 716316 1
254057 1421313 1
254057 325537 1
254057 1262563 1
254057 747645 1
254057 1266265 1
254052 970666 1
254052 379860 1
254052 1165801 1
457426 677138 1
349194 816095 1
828094 1163036 1
333394 660546 1
255053 705218 1
255053 954924 2
362182 986030 1
280039 1323977 1
280039 1022858 1
280039 475962 1
280038 1470700 1
1131168 1137748 1
1131168 1256978 1
757726 1209430 1
1269821 1299192 1
1269821 1452806 1
493907 1148632 1
493907 570104 6
643907 786342 1
112973 1068056 1
112973 1480303 1
112973 346385 1
1285684 1434849 1
1285684 1454682 1
263623 1104488 1
263623 800799 1
263623 1176897 1
263623 1509400 1
263623 1043462 1
902199 935628 1
138446 1131168 1
138446 877722 1
138446 1137748 1
138446 537077 1
138446 224521 1
138446 1179917 1
138446 447040 1
307892 650369 1
70467 201142 1
70467 503080 1
70467 1005586 1
70467 805651 1
70467 544886 1
70467 441105 1
54629 300192 2
528447 1539038 1
604571 1049483 1
319768 1098859 1
319768 1402433 1
893894 1197000 1
641831 876696 1
111076 409497 1
111076 1298541 1
111076 736825 1
178125 1533291 2
142557 1178547 1
1042988 1318218 1
768348 1195420 1
822151 1131572 1
822151 1340910 1
759503 945220 1
432599 500387 1
447773 1128630 4
447773 1161804 1
1095285 1436668 1
985544 1115661 1
985544 1368728 1
985544 1240218 1
658672 998704 1
31651 681372 1
31651 791757 1
31651 679003 1
596042 666735 1
961809 1307429 1
864671 1097002 2
864671 1524656 2
864671 1272818 1
864671 959487 1
236196 764481 1
236196 824513 1
236196 1383267 1
847137 1405527 1
471132 1466547 1
523314 46913 1
523314 824973 1
523314 963489 1
738769 863562 1
801850 953568 1
34062 251064 1
1240218 1368728 1
1112331 1526253 1
644000 967290 1
451482 451704 1
451482 608179 1
451482 468594 1
451482 1316300 1
628425 1052219 1
628425 1283898 1
302877 992322 1
151051 299003 1
151051 683938 1
151051 1024001 1
1265335 1270100 1
95321 867442 1
95321 208093 1
422682 1339007 1
422682 1120181 1
226256 818469 1
531866 605105 1
531866 765027 1
531866 1269821 1
531866 1299192 1
531866 654895 1
531866 1452806 1
443595 954236 1
696960 1506937 1
738588 1322808 1
266658 415407 1
249092 712824 1
249092 468947 1
515341 676271 1
515341 699009 1
15266 377155 1
1144712 1327368 1
737135 1291748 1
737135 1051559 1
737135 1114820 1
737135 813619 1
737135 804683 1
89290 742216 1
517479 1046269 1
244906 319768 1
244906 1098859 1
244906 1402433 1
615054 935310 1
103082 287126 1
103083 1181374 1
103083 829868 1
103083 318844 1
103083 1346877 1
156703 577520 1
156703 168647 1
279467 524907 1
79481 1144405 1
79481 1247321 1
79481 659467 1
318810 533980 1
35554 291114 1
35554 81122 1
383320 617250 1
383320 509295 1
383320 1351712 1
383320 683226 1
55606 270249 1
55606 304492 1
55606 546965 1
309861 1320869 1
309861 1049125 1
309861 370838 1
309861 434995 1
309861 398690 1
543837 576777 1
543837 879013 1
543837 1507451 1
1000179 1494512 1
1000179 1460764 1
1000179 1097856 1
63241 673011 1
63241 258909 1
100359 1525882 1
100359 1057588 1
100359 1538813 1
100359 301445 1
854932 1275481 1
833466 969498 1
430196 1097002 2
430196 1272818 1
430196 1524656 2
430196 537295 1
430196 959487 1
430196 864671 2
1391162 1516911 1
751869 1439081 1
751869 1012114 1
475962 1444721 1
475962 1323977 1
223191 1120751 1
191279 1480220 1
191279 999447 1
1235028 1401627 1
653724 1030842 1
42449 213096 1
42449 367489 1
252965 1196485 1
874438 1023326 1
498715 820993 1
57739 501952 1
57739 798255 1
57739 611889 1
88162 190887 1
88162 321628 1
333002 999174 1
333002 945808 1
333002 833717 1
230433 1307102 1
249079 497017 1
832759 937074 1
1063442 1117009 1
854908 1016055 1
166819 923384 1
166819 175477 1
1097412 1424535 1
1097412 1405478 1
1097412 1269527 1
1097412 1103201 1
281205 295290 1
281205 862738 1
281205 438370 1
489682 773485 1
489682 888102 1
434995 1049125 1
434995 1320869 1
218172 1081287 1
141222 254057 1
141222 747645 1
141222 1262563 1
141222 205415 1
141222 325537 1
546338 626730 1
546338 908533 1
546338 1413276 1
645206 812864 1
56734 844410 1
942781 1350705 1
392509 1014078 1
249910 377089 1
249910 837372 1
249910 269595 1
249910 1462408 1
249910 1476558 1
457097 1167232 1
2474 763180 1
2474 1141963 1
122625 1478236 1
62525 1368269 1
62525 412506 1
62525 355297 1
125503 1362796 1
125503 816322 1
1131572 1340910 1
1246611 1489016 1
1137900 1148762 1
981256 1528388 1
844736 939782 1
457685 1530532 1
166927 983017 1
166927 367575 1
166927 1515675 1
166927 254909 1
166927 179735 1
166927 504779 1
166927 1438032 1
547556 1017849 1
409497 736825 1
409497 1298541 1
583782 626013 1
773485 888102 1
97237 1126733 1
46630 1334822 1
46630 1179542 1
46630 676634 1
628945 1004665 1
372535 404303 1
372535 1393215 2
894549 1221209 1
481751 792863 1
337932 598762 1
368286 755679 4
368286 960166 4
412154 861136 1
412154 686458 1
412154 993589 1
106124 792181 1
106124 715625 1
106124 530747 1
106124 970438 1
106124 331191 1
106124 980301 1
106124 471613 1
106124 647645 1
29229 738769 1
29229 863562 1
790285 1315656 1
790285 1382289 1
211096 971217 1
517251 1464740 1
540910 986926 1
540910 781608 1
540910 638966 1
499257 1481017 1
595960 1042988 1
595960 1318218 1
176301 1455765 1
176301 350568 1
176301 328357 1
336280 1163738 1
568308 776438 1
568308 945808 1
187503 197735 1
596236 782188 1
596236 1116872 1
175477 940126 1
175477 248994 2
175477 543781 2
175477 923384 2
175477 1393215 1
175477 778927 1
175477 1004691 8
175477 1124776 1
42133 764081 2
42133 273727 1
42133 467434 1
42133 1264452 1
42133 472426 1
42133 287126 1
42133 480269 1
42133 935340 1
619342 1373319 1
990260 1308381 1
1011882 1282744 1
797621 401634 1
797621 220349 1
185581 286989 1
185581 1328873 1
323869 989231 1
53526 1050833 1
399563 711859 1
175786 877718 1
175786 832782 1
824513 1383267 1
531675 909978 1
725968 825037 1
725968 911259 1
853938 881480 1
665147 866862 1
510827 829765 1
1247331 1437879 1
160399 993257 1
160399 465660 1
100175 14088730 1
355823 606581 1
355823 533545 1
112562 487269 1
112562 1065128 1
112562 424615 2
112562 467691 1
112562 282507 1
112562 404764 1
112562 447037 1
138464 496458 1
138464 874882 1
138464 377429 1
138464 668811 1
138464 848896 1
138464 1209418 1
316534 1200546 1
1363412 1447695 1
138459 752481 1
138459 581942 1
138458 635727 1
983017 1515675 1
983017 1438032 1
543462 859848 1
543462 823757 1
585458 1041178 2
585458 1533109 1
1043462 1104488 1
1043462 1176897 1
1043462 1509400 1
570104 1148632 1
570104 1341287 1
570104 1477810 1
512465 1169155 1
512465 1273025 1
269959 1224228 1
269959 719578 1
545371 1234453 1
545371 1438864 1
659714 1170482 1
659714 1168659 1
659714 1186878 1
462020 801998 1
462020 800164 1
1154148 1254370 1
416420 1414561 1
788376 1075512 1
841810 1414359 1
841810 1238638 1
841810 1497346 1
112892 1494557 1
723269 767275 1
723269 1251711 1
197730 913847 1
432120 1161783 1
543792 1143170 1
543792 1533103 1
545013 1228723 1
183439 246588 1
183439 333739 1
524907 742597 1
471122 1429830 1
471122 487501 1
471122 1417631 1
471122 1463893 1
471122 1303995 1
471122 1271345 1
471122 1539153 1
471122 1036547 1
471122 524086 1
471122 1410277 1
375517 1521435 1
375517 1322646 1
213096 367489 1
273581 679243 1
365014 1117664 1
39328 1421113 1
681372 791757 1
234388 251276 1
228306 1393215 2
228306 1115698 1
228306 648537 2
721011 975766 1
47752 554707 1
819387 1056288 1
136679 1153575 1
136679 755692 1
393390 412623 1
267240 451981 1
267240 574115 1
267240 661134 1
214679 386737 1
214679 408812 1
214679 335265 1
214679 719756 1
385833 1129136 3
385833 716977 3
181907 734842 1
50394 1044049 1
50394 647385 1
50394 1398510 1
50394 62011 1
50394 1318017 1
50394 299373 1
27193 323059 1
1068819 1283070 1
151134 603529 1
151134 392076 1
735445 1463848 1
1139831 1151629 1
335181 739432 1
335181 981256 1
335181 1528388 1
335181 649653 1
470 1085874 1
470 1373418 1
469090 1361653 1
50930 448739 1
50930 594741 1
50930 1393215 3
61674 724888 2
28201 218656 1
28201 821304 1
