1413845 1539536 1
383355 534806 1
383355 1074534 1
541139 788116 1
131111 1137240 1
131111 581053 1
1220634 1249720 1
798 1084920 1
144333 804000 1
144333 715399 1
22660 1427990 1
22660 159794 1
22660 230303 1
22660 541900 1
22660 763876 1
13739 930658 1
13739 141627 1
13739 917137 1
782455 1333020 1
782455 919196 1
1074057 1227019 1
209732 252241 1
209732 806417 1
209732 845245 1
209732 1450985 1
209732 1517191 1
209732 623031 1
1348550 1267707 1
508191 838799 1
315060 861094 1
315060 1093301 1
315060 335616 1
180569 1436156 1
477165 1271732 1
521226 753410 1
521226 809873 1
460468 1234684 1
460468 657153 1
71636 1415852 1
71636 1439780 1
74831 387345 1
74831 934519 1
74831 191192 1
74831 80540 1
130641 853671 1
130641 408575 1
842911 1097472 1
842911 962806 1
52263 1429812 1
429838 706764 1
429838 518646 2
44508 344300 1
44508 371687 1
259603 1234684 1
754248 1285858 1
205284 829147 1
205284 563816 1
205284 469414 1
205284 602456 1
1046995 1126707 1
1046995 1071846 1
1046995 1137655 1
470894 1458392 1
470894 838561 1
470894 1334948 1
470894 1313408 1
213375 1436426 1
603734 1127435 1
262580 1078087 1
953931 1088733 1
57722 1440527 1
843711 1531336 1
715590 1350224 1
397388 925916 1
952515 1298221 1
952515 1188430 1
177311 207078 1
177311 638552 1
449815 1295759 1
266442 490999 1
515244 949294 1
720865 1318704 1
998240 922448 1
998240 289181 1
844834 1061477 1
351737 633178 1
52399 1297509 1
52399 1486761 1
52399 972431 1
52399 213487 1
497828 1139480 1
497828 847526 1
497828 942202 1
497828 1468604 1
277865 1388369 1
277865 1374472 1
826969 1052047 1
826969 1313447 1
826969 1007622 1
826969 1321734 1
826969 1184845 1
826969 1153890 1
326790 1410301 1
326790 491740 1
52290 1542030 1
193721 889734 1
639518 715780 1
1268834 1369547 1
635425 904692 1
635425 1139334 1
82539 583979 1
82539 800967 1
754643 1146628 1
51119 172325 1
51119 936353 1
51119 482230 1
51119 1185987 1
51119 591255 1
545960 1086026 1
276999 918904 1
276999 1011265 1
969811 1115768 1
308402 941800 1
923384 1514409 3
408282 945808 1
1229391 1399440 1
609240 1132495 1
609240 1366467 1
608179 1316300 1
410173 843441 1
410173 1333304 1
1333893 1339661 1
1117189 1214315 1
70060 514958 1
868005 1075401 1
235565 451595 2
235565 263711 1
321921 404807 3
321921 806335 1
321921 560916 3
200527 1183622 1
200527 654109 1
200527 500213 1
191192 319328 1
154277 293660 1
154277 380641 1
235363 1247621 1
235363 776089 1
235363 1341903 1
235363 625122 1
235363 911661 1
235363 392509 1
235363 1011631 1
9417 921455 1
488839 602451 2
488839 493012 3
488839 655346 3
488839 1208991 2
488839 1449048 1
488839 1124207 1
488839 1317196 3
488839 694423 3
481341 1350224 1
682245 1408336 1
682245 700452 1
290468 1471103 1
53602 137674 3
53602 270129 1
53602 758615 1
1131367 1265994 1
18451 510544 2
18451 1128401 2
18451 1263149 1
202566 1304651 1
194769 681379 2
194769 516856 2
194769 1486002 1
194769 342745 1
524005 1476170 1
215952 637965 1
215952 788580 1
431754 1216165 2
431754 952795 2
513235 787478 1
101833 365041 1
1417215 1483035 1
418967 618403 1
112312 516224 1
142025 213515 1
54954 1535486 1
391132 1175410 1
170935 226267 1
895791 1079228 1
773963 950800 1
773963 1294711 1
773963 1099124 1
773963 1102620 1
773963 800610 1
26976 442577 1
850348 965217 1
453655 1139334 1
453655 904692 1
453655 635425 1
453655 553048 1
453655 600257 1
554707 759704 1
375088 1228947 2
375088 1020093 3
49943 736971 1
95171 204926 1
909896 1071287 1
909896 1024525 1
909896 964830 1
618491 978702 1
190155 252296 1
190155 251369 1
67804 270095 1
1021598 1268143 1
237039 349431 1
321213 831705 1
1262540 1288444 1
708252 1294815 1
639698 1255660 1
757637 1445354 2
757637 1476170 1
793642 1350224 1
296427 763871 1
296427 1463295 1
296427 645206 1
596236 939782 1
179984 228484 1
179984 442577 1
179984 1144712 2
179984 826879 2
692316 813679 1
692316 730969 1
79395 959933 2
368495 1540138 1
368495 1439264 2
368495 871771 1
694423 1124207 1
694423 1208991 2
694423 1317196 3
820997 975823 1
820997 869473 1
660546 790739 1
543781 1004691 1
543781 860187 1
7071 46888 1
7071 129217 1
559121 589933 1
559121 368694 1
559121 1543706 1
232643 946731 1
243768 675594 1
243768 713303 1
243768 1428084 1
175648 714813 1
756657 887760 1
746095 1402580 1
746095 994598 1
382632 1000179 1
382632 1460764 1
15914 1113480 1
15914 1248073 1
15914 1088124 1
1016753 1158004 1
1016753 1223425 1
913301 1456236 1
913301 960221 1
913301 1242022 1
946487 1034544 1
333295 751515 1
47214 314929 1
47214 51451 1
47214 991609 1
47214 265291 1
47214 1080058 1
529970 1377728 1
476819 1146943 1
476819 1095036 1
476819 818884 1
476819 1400789 1
476819 936665 1
1265319 785880 1
1265319 668740 1
123384 1343861 1
242093 834139 1
419986 670324 1
419986 430370 1
634019 920065 1
1169337 1172961 1
544306 1315926 1
49444 308256 1
314418 1156855 1
1125726 1389767 1
347151 928058 1
347151 889690 1
347151 375576 1
660439 1227809 1
660439 724577 1
660439 1391091 1
216240 577102 1
357990 519819 2
357990 452177 2
357990 878147 1
357990 1502791 1
357990 581061 1
151090 1161651 1
151090 329836 1
151090 930780 1
151090 966354 1
151090 300963 1
926755 1476712 1
926755 758489 1
296085 1116635 1
296085 1237858 1
296085 481039 1
296085 313584 1
938133 1424865 1
938133 1279762 1
91683 821535 1
91683 106264 1
446245 489287 1
862406 1166387 1
862406 1282979 1
862406 1497404 1
688733 1307263 1
688733 806419 1
811360 1422682 1
507087 673245 1
507087 618937 1
507087 507600 1
249270 780414 1
249270 564348 1
249270 427249 1
1011631 1247621 1
283305 417324 1
446089 843026 1
446089 634701 2
446089 452691 1
545782 1137384 1
151147 882661 1
590194 1468359 1
590194 1083983 1
7451 349806 1
7451 915703 1
119046 1117086 1
119046 285293 1
119046 763128 1
119046 586561 1
1282979 1497404 1
913092 1221768 1
352038 533542 1
352038 441242 1
352038 705268 1
145438 408047 1
145438 1018655 1
145438 666076 1
407180 732713 1
407180 763477 1
407180 1059974 1
407180 1105610 1
1468390 1470103 1
461674 784746 1
828988 1413295 1
377216 1419567 1
377216 1336880 1
377216 651247 1
377216 933572 1
374142 1040448 1
715692 745599 1
439192 1359260 1
468594 603611 1
468594 1253086 1
468594 1316300 1
468594 608179 1
468594 1362293 3
616290 1504493 1
616290 827558 1
81434 778738 1
532706 1404933 1
1077824 1191662 1
351351 1515840 1
1210162 1213225 1
368717 720970 1
368717 987514 1
903256 934379 1
903256 1342796 1
55114 145071 1
412623 443677 2
412623 638966 2
412623 784789 1
412623 862439 1
412623 540910 1
412623 1049045 1
412623 680446 1
355445 1371245 2
234170 270717 1
234170 403423 1
1040285 1051559 1
776529 1539742 1
776529 1434166 1
776529 847894 1
776529 1345740 1
425468 973239 1
214060 886627 2
214060 452182 2
995388 1084098 1
643259 744874 1
151964 363721 1
842450 1153972 1
977561 1206161 1
43191 368983 1
128867 840807 1
468805 231474 1
782859 1291616 1
167724 1294413 1
167724 1367716 1
1034954 1039934 1
941626 1423747 1
402586 1359686 1
402586 1132667 1
552608 1288480 1
552608 1346238 1
87595 160003 1
87595 1460024 1
120738 638966 1
120738 862439 1
120738 412623 1
266454 736160 2
580368 702246 1
515272 886733 1
1450985 1517191 1
96633 935995 1
505390 962806 1
138729 1070532 1
180715 1374522 1
180715 783462 1
662959 1084182 1
662959 1423011 1
662959 1480987 1
662959 1344273 1
736791 1417362 1
525992 806417 2
525992 1319471 1
598444 1174793 1
598444 1115702 1
445060 542187 1
166581 752747 1
368933 481092 1
368933 716078 1
368933 876923 1
368933 1048994 1
270129 950800 1
270129 758615 6
270129 598925 1
270129 290619 1
270129 1099124 1
270129 800610 1
270129 1102620 1
270129 681883 1
270129 1294711 1
270129 519141 2
270129 301940 1
270129 773963 1
270129 298669 2
270129 278541 2
1024525 1071287 1
975495 1205076 1
975495 1404326 2
900583 1013188 1
387917 823355 2
113545 1332854 1
759951 963975 2
952795 1216165 2
1102761 1147029 1
308916 732990 1
308916 667497 1
698265 873001 1
737767 988711 1
308918 575093 1
308918 313640 1
905413 1036824 1
602766 1210387 1
626702 678797 1
248125 1514779 1
248125 927895 1
248125 800188 1
139582 524907 1
139582 886711 1
357967 1074035 1
357967 797765 1
42338 301832 1
1054254 1501315 1
1054254 1368728 1
1004691 1501318 1
1088994 1518471 1
805373 1134385 1
805373 1046860 1
805373 1100751 1
399766 561007 1
36498 990592 1
41351 396331 1
399769 1233632 1
418736 729427 1
501493 1082190 1
191149 398717 2
1195969 1448968 1
287837 423554 1
407503 941991 1
281005 369603 1
1233209 1515546 1
1233209 1421720 1
10714 1142122 1
568029 599622 2
669956 1442342 1
48319 1393705 1
62872 1143138 2
186475 607688 1
442647 1100541 1
108407 1399096 1
285837 661158 1
102360 784789 1
102360 337601 1
102360 412623 1
102360 364898 1
310853 857421 1
310853 570655 1
21066 1350920 1
21066 1496414 1
724490 987682 1
1184845 1313447 1
1184845 1321734 1
428801 1078504 1
428801 1320802 1
533542 705268 1
1182614 1370696 1
269736 1485761 1
269736 563403 2
157667 377844 1
157667 453392 1
157667 1002565 1
510544 1128401 2
510544 1263149 1
471430 543016 1
471430 1405565 1
490432 832212 1
218413 926755 1
112878 495620 2
65474 484505 1
108926 1141665 1
911006 1323425 1
901123 38774 2
41593 1174793 1
41593 598444 1
966354 1161651 1
529844 626702 1
529844 678797 2
648651 1196472 1
184584 1530808 1
184584 1465687 1
184584 896249 1
184584 1004851 1
184584 1047517 1
184584 1288100 1
78497 541461 1
78497 1313511 1
971667 1353256 3
381224 1197560 1
604016 981231 2
470340 901175 1
243315 332906 1
17830 1015489 1
17830 1014728 1
17830 243284 1
787804 1328125 1
225469 720865 1
225469 1318704 1
207078 638552 1
241824 518646 2
241824 429838 2
699596 1374234 1
887122 1041198 1
808443 1041537 1
808443 1413231 1
695217 1254187 1
695217 866038 1
30249 1013949 1
44432 773851 1
44432 988968 1
44432 654626 1
719940 1060100 1
719940 1436154 1
719940 1341437 1
133534 433728 1
133534 1024525 1
133534 593017 1
133534 626013 1
133534 1071287 1
133534 964830 1
133534 444216 1
133534 909896 1
137674 538785 4
137674 270129 1
137674 758615 1
137674 1078195 1
137674 575176 1
137674 924276 1
1139640 1489451 1
68341 715399 1
68341 804000 1
68341 144333 1
756666 797621 1
849122 977501 1
502918 885684 1
8622 252241 1
8622 806417 1
8622 845245 1
8622 209732 1
8622 1450985 1
8622 1517191 1
8622 623031 1
614444 820068 1
479350 1360225 1
1513442 1539320 1
866990 1414443 1
67683 717354 1
518288 1060775 1
28359 1356814 1
28359 1360680 1
656576 1142848 1
775204 1456236 1
775204 960221 1
775204 913301 1
775204 1242022 1
179993 294346 1
179993 293431 1
1246677 1530552 1
129736 223566 1
81239 427645 1
76164 678797 1
76164 529844 1
76164 369126 1
954073 1044717 1
12473 62391 1
12473 1325053 1
263234 1192833 1
263234 1438219 1
188606 534806 1
188606 1074534 1
188606 383355 1
714931 1476170 1
1288480 1346238 1
268868 862292 1
268868 988968 1
268868 773851 1
137521 357064 1
159422 821915 1
159422 505714 1
1002855 1531587 1
100135 617866 1
511215 631623 1
1011624 1226714 1
395910 697506 1
395910 443677 2
740318 1126733 1
14134861 14134862 1
627849 882891 1
1146943 1400789 1
625122 1247621 1
625122 1011631 1
70857 986740 1
70857 1089863 1
70857 635730 1
187396 1351471 1
187396 428963 1
140713 1376866 1
975130 1108008 1
975130 1019880 1
1044212 1145875 1
834143 857192 1
958685 1525420 1
127817 337932 1
950800 1294711 1
950800 1102620 1
950800 1099124 1
961341 979240 1
442577 1041537 1
442577 740318 1
442577 1413231 1
442577 826879 1
442577 1126733 1
442577 1144712 1
442577 698163 1
442577 462808 1
442577 697832 1
442577 508780 1
442577 692787 1
442577 808443 1
22003 692937 1
22003 1019254 1
196252 1221034 1
196252 223110 1
196252 522003 1
196252 790512 1
196251 505794 1
259998 543499 1
1406051 1448968 1
119146 242093 1
119146 834139 2
854842 1278867 1
334244 1337759 1
493012 602451 3
493012 655346 4
493012 1208991 3
493012 1124207 1
493012 1317196 3
493012 694423 3
580755 595960 2
580755 1318218 2
327430 620762 1
961183 1020918 3
25917 709570 1
25917 711847 1
25917 509733 1
25917 959933 1
25917 240987 1
838799 1064027 2
66883 293462 1
66883 911904 3
66883 73314 2
392919 1012145 1
392919 1501320 1
392919 914425 1
457211 1004691 1
630741 723269 1
630741 1251711 1
1120407 1507781 1
1120407 1333488 1
1120407 1126159 1
22246 1104488 1
22246 1176897 1
145407 1339376 1
145407 296564 1
420641 1241970 1
420641 1535988 1
420641 466139 1
397274 1041537 1
397274 442577 1
397274 1413231 1
397274 698163 1
397274 1477070 1
397274 697832 1
397274 508780 1
397274 692787 1
397274 808443 1
449634 731748 1
43851 1452654 1
43851 1065774 1
43851 1066552 1
410877 551304 1
410877 499903 1
79478 546984 1
1120181 1212681 1
500285 607881 1
500285 1108008 1
500285 590462 1
500285 1019880 1
500285 975130 1
430128 869796 1
430128 1011142 1
430128 458344 1
748483 1498324 1
1038273 1205251 1
511033 834297 1
27397 184584 1
27397 1530808 1
27397 1465687 1
27397 1004851 1
27397 896249 1
27397 135485 1
27397 1047517 1
27397 1288100 1
253718 433819 1
1088124 1113480 1
1088124 1248073 1
241233 1048105 1
241233 362116 2
1359100 1400819 2
150571 1497113 1
557559 1268008 1
1297285 1367532 1
617246 1031894 1
377155 657156 1
377155 901834 1
377155 406570 1
776089 911661 1
776089 1341903 1
24954 1319576 1
1065866 1079496 1
237708 252296 1
148326 1057797 1
304101 1390084 1
498078 1508948 1
498078 755362 1
674561 868529 1
182437 613827 1
240498 822151 1
732309 7404 1
732309 1137683 1
1217184 1333893 1
879657 14134864 1
75185 659726 1
75185 683803 1
75185 1345740 1
75185 1539742 1
75185 1434166 1
75185 847894 1
75185 776529 1
75185 485305 1
329759 934379 1
329759 903256 1
329759 1342796 1
20898 525992 1
20898 806417 1
20898 1319471 1
20898 396748 1
289181 922448 1
376848 711453 1
376848 890654 1
463027 468966 1
876922 1434142 1
876922 899572 1
994598 1402580 1
1059757 1430655 1
337211 705749 1
337211 391126 1
152849 1386663 1
152849 214738 1
152849 1363136 1
152849 172895 1
152849 1443091 1
286454 379673 1
4837 832284 2
4837 1146775 1
4837 1335110 2
312826 657156 1
312826 377155 1
404887 818884 1
404887 936665 1
404887 1146943 1
404887 1400789 1
404887 476819 1
404887 1095036 1
458461 1458901 1
857485 1059672 1
167086 248831 1
31946 707277 1
31946 138281 1
31946 921486 1
720061 950202 1
720061 763392 1
720061 1410941 1
418905 513018 1
330912 443096 1
48542 801271 1
45643 721985 1
1242022 1456236 1
801318 1063662 1
406826 610674 1
406826 416772 1
406826 907953 1
406826 439632 1
406826 710014 1
406826 499483 1
711202 729937 1
675594 713303 2
675594 1428084 2
972292 1158004 1
972292 1223425 1
972292 1016753 1
379241 551219 1
142002 451706 1
90116 256430 1
185280 460476 1
26958 1381677 1
26958 166607 1
609685 1494626 1
609685 1314017 1
609685 1218774 2
609685 1048709 2
659032 1241270 1
565015 594408 1
18542 297651 1
18542 1488020 1
252941 377155 1
49437 778220 1
49437 1189006 1
49437 70145 1
49437 149249 1
49437 186215 1
246751 417552 1
246751 853765 1
246751 1270963 1
444026 1212946 1
444026 1263395 1
543275 866526 1
254356 1502959 1
254356 887031 1
298351 961955 1
472894 699821 2
83926 670324 1
83926 419986 1
83926 409849 1
83926 295844 1
83926 430370 1
408575 853671 1
108931 1447803 1
108931 193415 1
108931 1456034 1
341076 1177249 1
204282 373293 1
654109 1183622 1
78260 732713 1
78260 763477 1
78260 1059974 1
78260 407180 1
78260 1105610 1
8854 381009 1
8854 763876 1
8854 1504493 1
470359 670263 1
659726 683803 1
659726 1345740 1
659726 1539742 1
659726 847894 1
659726 1434166 1
659726 776529 1
278136 439600 1
300878 806497 1
607688 1020497 1
607688 1029404 1
607688 744230 1
607688 901831 1
607688 787478 1
162830 531417 1
162830 390034 1
41542 670126 1
41542 894429 1
41542 561812 1
841821 1237858 1
1466913 1488492 1
187727 1163223 1
28505 839703 1
930780 1161651 1
930780 966354 1
197093 628200 1
1007171 1488257 1
905336 1055918 1
905336 964408 1
426784 441745 1
426784 1084182 1
426784 1344273 1
426784 1423011 1
426784 1480987 1
426784 662959 1
129433 755472 1
129433 1322224 1
129433 1365636 1
129433 960272 1
129433 1354103 1
129433 1169374 1
667497 732990 1
689253 1051942 1
158918 287108 1
158918 792848 1
158918 423575 1
278044 650063 1
278044 453542 1
33988 935900 1
33988 158662 1
876923 1048994 1
158916 329063 1
30506 79327 1
237877 829093 1
115462 441556 2
115462 254909 1
115462 916768 1
115462 628080 1
115462 541900 1
115462 789216 1
115462 705176 1
115462 639906 3
238210 529240 1
238210 555278 1
548080 1456482 1
548080 978793 1
1099124 1294711 1
1099124 1102620 1
326122 407714 1
326122 748651 1
1345740 1539742 1
1345740 1434166 1
190989 293032 1
190989 781431 1
79327 426865 1
454967 499202 1
454967 836318 1
71772 1156959 1
234275 529130 1
156526 916768 1
394617 1510513 1
142593 1219041 1
725264 769749 4
725264 1166586 2
302226 954236 1
66419 211435 1
66419 107685 1
232809 673402 1
913181 1007851 1
610954 934700 1
238328 267240 1
414726 416630 1
51451 314929 1
51451 991609 1
51451 265291 1
51451 1080058 1
591282 1519120 1
591282 596161 1
126392 1302533 1
120636 1339376 1
120636 296564 1
120636 145407 1
91221 173808 1
91221 1110159 1
767492 1020918 1
767492 825498 1
1322224 1354103 1
1322224 1365636 1
938755 1168566 1
467158 1201043 1
467158 496506 1
1128630 1161804 1
32484 303782 1
862335 1402377 1
581366 748911 1
507373 790580 1
109089 175477 3
774653 810293 2
315039 580368 1
315039 702246 1
315039 507229 1
315039 363154 1
369603 1019156 1
369603 891206 1
390854 1248073 1
642321 1497834 1
66891 120444 1
561471 747160 1
561471 1245312 1
307066 513235 1
307066 353552 1
307066 787478 1
680418 860631 1
680418 870176 2
503253 685519 1
503253 1374156 1
503253 621370 1
503253 643815 1
503253 1012942 1
845201 1191335 1
88833 324971 1
88833 515244 1
88833 949294 1
88833 131361 1
279088 556104 1
279088 798395 1
39999 602451 2
39999 488839 4
39999 493012 3
39999 655346 3
39999 204926 2
39999 351562 3
39999 379504 3
39999 1208991 2
39999 1449048 1
39999 104763 2
39999 462080 2
39999 1317196 3
39999 694423 3
39999 1124207 1
55004 156952 1
1036159 1191662 1
117425 252296 1
117425 251369 1
117425 190155 1
19345 524005 1
19345 1476170 1
19345 184738 1
707100 847055 1
707100 1054854 1
707100 1106040 1
429802 447551 1
429802 518288 1
429802 1060775 1
279958 403080 1
279958 1442729 1
1066881 1418372 1
1066881 1365104 1
1066881 1152373 1
228484 1041537 1
228484 740318 1
228484 397274 1
228484 697832 1
228484 826879 1
228484 291207 1
228484 1144712 1
228484 698163 1
228484 442577 3
228484 1126733 1
228484 508780 1
228484 692787 1
228484 808443 1
228484 1413231 1
141246 194769 1
141246 681379 1
141246 516856 1
141246 1486002 1
141246 342745 1
1447803 1456034 1
507972 663128 1
507972 1390610 1
507972 525013 1
193415 1447803 1
193415 1456034 1
1341437 1436154 1
32246 348835 1
32246 609240 1
32246 1132495 1
32246 544907 1
32246 1366467 1
32246 367259 1
32246 53651 1
505714 821915 1
104250 1217184 1
104250 447253 1
104250 1333893 1
642219 1350519 1
138281 707277 1
138281 921486 1
150743 1428084 1
150743 675594 1
150743 713303 1
150743 243768 1
155516 603611 1
155516 1253086 1
155516 451704 1
155516 282507 1
155516 468594 1
293585 508669 1
293585 595851 1
56668 1375729 2
439632 499483 1
662978 1256109 1
65683 1431116 1
65683 1433877 1
141265 986340 1
1004851 1465687 1
1004851 1047517 1
1004851 1288100 1
1004851 1530808 1
845840 987839 1
139697 150571 1
139697 1497113 1
145019 1252663 2
145019 229079 2
145019 557379 2
985872 1023552 2
13511 753340 2
13511 14673 1
13511 916768 1
707277 921486 1
358082 445611 1
358082 1030225 1
358082 1424450 1
578942 1095337 1
248495 362930 1
351562 602451 2
351562 488839 3
351562 493012 3
351562 655346 3
351562 379504 3
351562 1208991 2
351562 462080 2
351562 1317196 3
351562 694423 3
351562 1124207 1
204870 1088407 1
1374472 1388369 1
64627 881072 1
64627 1393215 1
250144 1517502 1
250144 1296827 1
250144 1045014 1
250144 688143 1
250144 1361183 1
250144 335126 1
114653 1509981 1
1289987 1404285 1
49556 719633 1
39979 78215 1
39979 276394 1
39979 1497564 1
519819 581061 1
2431 888883 1
9857 214141 1
9857 1083983 1
9857 590194 1
9857 1468359 1
59254 279109 1
59254 124229 1
59254 1029984 1
59254 130329 1
302508 481092 1
302508 716078 1
302508 876923 1
302508 1048994 1
302508 368933 1
16355 19345 1
16355 524005 1
16355 1476170 1
16355 184738 1
633482 1232564 1
382330 988220 1
431513 713317 1
845440 1428859 1
582041 892657 1
248145 1339661 1
248145 1333893 1
173806 740734 1
173806 924276 1
286668 912380 1
286668 672799 1
40063 835225 1
97270 541900 1
485305 659726 1
485305 683803 1
485305 1345740 1
485305 1539742 1
485305 847894 1
485305 1434166 1
485305 776529 1
633803 647115 1
1132667 1289198 1
1132667 1359686 1
9601 1036118 1
9601 1530649 1
422432 572926 1
422432 1402341 1
964408 1055918 1
836343 1277453 1
836343 1265519 1
105500 309100 1
52564 476661 1
52564 653724 1
436176 453568 1
868314 948868 1
14088800 14088801 1
705176 789216 1
118945 932870 1
476597 962240 1
476597 614132 1
363440 816223 1
614963 1236309 1
891206 1019156 1
499903 1487957 2
499903 551304 1
9512 602451 2
9512 488839 3
9512 493012 3
9512 28622 3
9512 655346 3
9512 204926 2
9512 39999 3
9512 351562 3
9512 379504 3
9512 1208991 2
9512 104763 2
9512 462080 2
9512 1317196 3
9512 694423 3
9512 1124207 1
1124047 1300932 1
80540 387345 1
80540 699821 1
80540 113059 1
45251 752321 2
45251 289153 2
45251 152939 2
538973 1415986 1
80947 1242105 1
196486 1517502 1
196486 1296827 1
196486 1045014 1
196486 688143 1
196486 1361183 1
196486 335126 1
196486 250144 1
54216 254909 1
14673 399563 1
14673 661007 1
14673 244818 1
767019 1060106 1
767019 1040526 1
1104488 1176897 2
634922 754931 1
698517 1455064 1
1437900 1515821 1
1067118 1329808 1
138419 1036456 1
138419 693305 1
138419 1428285 1
1102620 1294711 1
59809 577516 1
97655 266523 1
97655 1332854 1
97655 113545 1
198515 558631 1
198515 1325773 1
559983 1240504 1
1386663 1443091 1
363135 789804 1
363135 1289987 1
363135 1404285 1
666076 1018655 1
133241 1522959 1
133241 450853 1
447253 1217184 1
447253 1333893 1
804683 1040285 1
804683 1051559 1
1203315 1208592 1
10205 636875 1
41559 274460 1
41559 1051942 1
41559 614467 1
41559 689253 1
41559 187308 1
1095036 1146943 1
1095036 1400789 1
53419 1046031 1
53419 80431 1
53419 577535 1
53419 1097168 1
416772 439632 1
416772 499483 1
614120 1475683 1
614120 692316 1
614120 730969 1
188687 1041537 2
188687 397274 1
188687 697832 1
188687 1413231 1
188687 698163 1
188687 228484 1
188687 442577 1
188687 508780 1
188687 692787 1
188687 808443 1
734563 766193 2
734563 824712 1
734563 1327368 1
47752 554707 1
264560 270502 1
264560 659032 1
264560 1241270 1
168236 690312 1
1373738 1476558 1
264568 944539 1
620516 1103038 1
1128401 1263149 1
543737 580796 1
1112655 1216269 1
713303 1428084 2
433614 731489 1
433614 1339692 1
83155 280035 1
14325 489001 1
14325 907386 1
14325 474309 1
14325 693065 1
14325 1298221 1
14325 952515 1
14325 638335 1
1039652 1071317 1
108472 804138 1
108472 298408 1
108473 1212681 1
14323 88066 2
614467 689253 1
614467 1051942 1
1166387 1282979 1
1166387 1497404 1
212172 1060106 1
212172 767019 1
212172 537295 1
212172 478047 2
212172 1040526 1
569320 1450402 1
191954 635049 1
356497 394935 1
403055 869796 1
403055 1011142 2
403055 458344 1
403055 430128 1
409062 1031534 1
242208 898994 1
242208 399341 1
242208 1013741 1
242208 508695 1
242208 1334371 1
169125 1440122 1
169125 1357835 1
169125 482685 1
169125 429956 1
417552 853765 1
417552 1270963 1
137949 637454 1
847526 1139480 1
847526 942202 1
847526 1468604 1
129974 1386663 1
129974 152849 1
129974 1363136 1
129974 214738 1
129974 172895 1
129974 1443091 1
132043 898040 1
132043 1055989 1
132043 1238839 1
131063 1368728 1
144570 507972 1
144570 663128 1
954900 985544 1
451981 661134 1
343623 1152268 1
343623 972991 1
468836 1467950 1
468836 1400819 1
557826 1397504 1
367259 1132495 1
367259 1366467 1
367259 609240 1
367259 544907 1
843997 1315922 1
103766 684967 1
103766 1180920 1
612762 1494536 1
612762 1205430 2
355075 1504493 2
355075 430920 1
180708 1019156 1
180708 891206 1
180708 663907 1
180708 369603 1
688143 1045014 1
688143 1361183 1
688143 1517502 1
688143 1296827 1
497606 563083 1
13057 104196 1
438 1049941 1
462080 602451 3
462080 488839 2
462080 493012 3
462080 655346 3
462080 1208991 3
462080 1124207 1
462080 1317196 2
462080 694423 2
284186 1047084 1
267666 300656 1
267666 802313 1
430920 1504493 1
239556 743387 1
1060100 1436154 1
1060100 1341437 1
35278 1002004 1
128567 763876 1
128567 502466 1
32475 252965 1
378423 1119581 1
214742 333295 1
214742 751515 1
287187 903188 1
287187 1049143 1
287187 701956 1
287187 1023132 1
1015290 1118548 1
132689 1007171 1
132689 549512 1
869796 1011142 1
47006 95289 1
47006 931448 1
258118 1518157 1
258118 292751 1
154858 1317619 1
154858 1180472 1
635730 986740 1
635730 1089863 1
885325 1154051 1
289809 1437527 1
452182 886627 2
213533 591184 1
213533 878656 1
213533 1118373 1
558925 788407 2
558925 888567 1
216918 1315922 1
216918 244818 1
144283 1118593 1
279099 959090 1
838536 897541 1
631237 874953 1
50041 491481 1
50041 1028668 1
366752 1505747 1
332553 684685 1
776310 1294815 1
824712 838408 1
824712 1327368 2
702246 1142136 1
843441 1333304 1
88198 986694 1
74690 878648 1
425944 626702 1
425944 529844 1
425944 678797 1
252336 1071952 1
252336 463826 1
687144 847329 1
687144 1094248 1
687144 1163719 1
77012 212816 1
687495 928058 1
405040 675874 1
1026420 1149869 1
1026420 1033807 1
276394 1497564 1
1078504 1320802 1
480174 828867 1
480174 1287601 1
480174 1267118 1
480174 1135820 1
323234 757142 1
55651 1183004 1
55651 331809 1
55651 154167 2
55651 996844 1
55651 529281 1
368694 589933 1
368694 755596 1
368694 378701 1
193757 974793 1
224570 729427 1
405684 1492352 1
449581 600905 1
396955 404991 1
527705 1044453 1
527705 1184187 1
463826 1071952 1
878656 1118373 1
731490 922201 1
1333760 1471614 2
88066 1221180 1
88066 471477 1
88066 1492352 2
88066 405684 1
88066 1059672 1
88066 857485 2
16583 377089 1
16583 1476558 1
16583 1373738 1
16583 93716 1
32290 408047 1
32290 145438 1
32290 1018655 1
32290 666076 1
641264 932870 1
57452 631794 1
583979 800967 1
439603 1296623 1
624763 45073 1
1336880 1419567 1
101506 147761 1
307495 813983 1
377089 1476558 1
377089 1373738 1
556887 628369 1
556887 842906 1
402305 1212681 1
402305 744230 1
82378 814559 1
82378 1368918 1
671054 1294943 1
328357 628255 1
328357 1165896 1
263770 285853 1
263770 1073820 1
404226 1275522 1
21878 469459 1
763392 1410941 1
481092 716078 1
481092 876923 1
481092 1048994 1
1036456 1428285 1
490670 1212681 1
510494 645998 1
510494 1195575 1
597283 630230 1
597283 699596 1
597283 1374234 1
687039 1234684 1
687039 763876 1
270717 403423 1
1202652 1279799 1
514790 1010586 1
514790 525546 1
339824 518728 1
218059 807521 1
1132495 1366467 1
424166 468594 1
628080 916768 1
104114 504185 1
104114 476448 1
1419470 1440234 1
390404 981231 1
390404 1078148 1
390404 838591 2
62728 470711 1
799343 1450204 1
749164 807294 1
454112 813679 1
454112 692316 1
686458 861136 1
172345 377107 1
269693 290420 1
260239 1404315 1
260239 986421 1
260239 1236824 1
1267118 1287601 1
619841 781877 1
619841 1286949 1
223613 410106 1
249783 618491 1
249783 978702 1
967565 1090316 1
303283 362490 1
154693 252375 1
62689 368495 1
914425 1012145 1
914425 1501320 1
583407 621449 1
698163 1041537 1
698163 1413231 2
698163 808443 1
1351924 1489232 1
1066552 1452654 1
252965 1323163 1
252965 1110061 2
1115946 1212549 1
997201 1398519 1
83431 801297 2
411669 913181 1
411669 1007851 1
1039274 1245366 1
194210 238210 1
18963 1502520 1
342241 953931 1
342241 1088733 1
345026 1190345 1
345026 1391265 1
583782 1063662 1
583782 801318 1
175640 198398 2
175640 234883 2
605245 967549 1
910116 68737 1
84524 483243 1
71157 426784 1
71157 441745 1
71157 179594 1
71157 401295 1
71157 396756 1
71157 1344273 1
71157 1423011 1
71157 1480987 1
71157 1084182 1
71157 741628 1
71157 662959 1
432060 975941 1
316050 1268143 1
316050 1021598 1
1116635 1237858 1
609156 1480828 1
609156 876499 1
459717 629373 1
986740 1089863 1
789536 1515913 1
220908 1247621 1
220908 1011631 1
220908 625122 1
220908 235363 1
543016 1405565 1
62209 483321 1
62208 1368728 1
62208 969045 1
9387 699821 1
9387 74831 1
9387 509900 1
9387 113059 1
9387 387345 1
9387 42891 1
9387 80540 2
614132 962240 1
1046031 1097168 1
746057 991937 1
967149 1540040 1
149492 403080 1
149492 443677 2
149492 638966 1
149492 412623 2
149492 540910 1
149492 1049045 1
347990 1474139 1
137045 1537603 1
68480 341076 1
723032 844834 1
723032 1061477 1
112461 540422 1
37737 324361 1
37737 1507781 1
37737 1333488 1
37737 1120407 1
37737 1126159 1
37737 453169 1
37737 197739 1
37737 327230 1
752003 1157839 1
640430 1168566 1
640430 938755 1
555698 821915 1
113059 470359 1
113059 699821 1
113059 1513946 1
113059 911904 1
113059 115462 1
113059 402579 1
113059 524388 1
113059 332977 1
113059 541900 1
113059 540910 4
113059 639906 1
1137 749896 1
448840 1183124 1
815063 1367532 1
815063 1297285 1
1095110 1294943 1
541900 639906 1
541900 1481635 1
151745 1102182 1
174171 651785 1
147092 969811 1
147092 1115768 2
229281 239765 2
229281 1334027 1
229281 343160 1
607881 975130 1
607881 1019880 1
607881 1108008 1
127982 451595 1
127982 263711 1
127982 235565 1
175996 838799 2
175996 1064027 2
758615 800610 1
758615 773963 2
758615 1102620 1
758615 950800 1
758615 1099124 1
758615 1294711 1
88521 1358946 2
920073 1336851 1
920073 1169198 1
716078 876923 1
716078 1048994 1
282211 1496342 1
287991 731748 1
287991 449634 1
1158004 1223425 1
378185 1002278 1
331150 349806 1
619774 804399 1
273442 508780 1
359971 554707 1
359971 759704 1
677315 1002004 1
129567 464115 1
257614 699154 1
257614 476661 1
529240 555278 1
180257 353299 1
180257 893082 1
180257 1412835 1
301940 950800 1
301940 758615 1
301940 598925 1
301940 773963 1
301940 1099124 1
301940 681883 1
301940 519141 1
301940 1102620 1
301940 800610 1
301940 1294711 1
285293 586561 1
285293 763128 1
285293 1117086 1
585680 1147029 1
585680 1102761 1
239632 833717 1
681447 1201015 1
540297 890745 2
540297 1400819 2
540297 873314 2
540297 1359100 2
816223 907127 1
816223 900284 1
541162 1456482 1
541162 548080 1
541162 978793 1
842634 1182614 1
842634 1370696 1
818884 1146943 1
818884 1095036 1
818884 1400789 1
818884 936665 1
72693 431000 1
145492 629373 1
145492 459717 1
603140 609776 1
507600 673245 1
239497 534842 1
6406 368495 2
6406 871771 1
6406 1439264 2
1012942 1374156 1
155660 1212290 1
409907 464150 1
1288100 1465687 1
1288100 1530808 1
69001 1346747 1
69001 1435951 1
241379 839653 1
266015 591823 1
266015 389828 1
405782 987682 1
405782 711847 1
405782 724490 1
130329 279109 1
130329 1029984 1
331833 1539122 1
331833 1142305 1
869473 975823 1
482374 1516973 1
118194 1013805 1
118194 129107 1
165651 518379 1
296022 682245 1
296022 1408336 1
296022 578165 1
296022 700452 1
913674 1212135 1
634701 843026 1
374181 933717 1
486470 1535240 1
486470 806419 1
96299 1489023 1
9952 1247621 1
9952 1011631 1
9952 220908 1
9952 625122 1
9952 235363 1
51811 252296 1
51811 251369 1
51811 117425 1
51811 190155 1
354112 909021 1
354112 482870 1
277528 954900 1
277528 499257 1
277528 985544 1
51817 268439 1
579033 605841 1
276839 438929 1
240688 815564 1
1054322 640192 1
142934 701831 1
1227883 1328872 1
586496 1440887 1
192697 529545 1
192697 462852 1
404411 695217 1
404411 1254187 1
404411 866038 1
320978 785607 1
507821 728811 1
320975 947332 1
558631 1249760 1
558631 1325773 1
652669 1508669 1
652669 1220926 1
1227791 1260062 1
51148 52486 1
51148 842428 1
1048359 1419676 2
329836 1161651 1
329836 930780 1
329836 966354 1
169811 557826 1
169811 1397504 1
227285 659461 1
342013 439059 1
342013 1359260 1
342013 439192 1
832284 1146775 1
832284 1335110 2
781877 1286949 1
1199980 1219485 1
194043 1508948 1
194043 755362 1
194043 498078 1
498690 899323 1
498690 1415631 1
665345 845440 1
665345 1428859 1
138653 169125 1
138653 1357835 1
150653 1433234 1
63650 337175 1
63650 1325649 1
195272 337409 1
195272 305650 1
195272 374070 1
485789 1383248 1
673550 1061022 1
476608 1411201 1
2523 868364 1
2523 446327 1
2523 1494933 1
380200 218936 1
380200 681585 1
380200 969484 1
380200 1147890 1
16686 493570 1
16686 36870 1
820526 1130166 1
755362 1508948 1
293032 781431 1
412931 605501 1
581053 1137240 1
592733 1504493 1
1164825 1248510 1
250237 444864 1
536067 607489 1
404303 1339007 1
404303 778927 1
404303 1523070 1
404303 829093 1
404303 1393215 2
404302 422432 1
404302 572926 1
404302 1402341 1
1110061 1323163 1
270502 1241270 1
270502 659032 1
777034 821304 1
199755 702554 1
665605 809307 1
617100 834289 1
617100 1094413 1
140210 211731 1
140210 754643 1
140210 1146628 1
709828 1170470 1
173808 1110159 1
39825 676915 2
39825 568944 2
141021 1198458 1
341115 363728 1
675327 1501564 1
455503 660785 1
104763 602451 3
104763 488839 2
104763 493012 3
104763 655346 3
104763 204926 3
104763 351562 2
104763 518728 1
104763 379504 2
104763 215946 1
104763 1208991 3
104763 1317196 2
104763 228950 1
104763 462080 3
104763 339824 1
104763 694423 2
104763 1124207 1
1097308 1309684 1
205791 771747 1
346210 605501 1
346210 412931 1
1222680 1245105 1
721883 1331426 1
426865 1359865 1
426865 646529 1
891150 1311294 1
53231 408081 1
130235 1376866 1
130235 140713 1
757193 1167533 1
1397683 1398142 1
1207543 1332750 1
64207 238210 1
64207 555278 1
64207 529240 1
1543706 589933 1
1543706 368694 1
533028 1165108 1
106697 899373 2
446327 868364 1
446327 1494933 1
993025 1504202 1
3474 203050 1
218295 445060 1
898040 1238839 1
203593 860488 1
801297 991000 1
1140927 1157166 1
1140927 1190499 1
255758 1064093 1
524388 1513946 1
524388 540910 1
58801 468594 1
58801 148279 2
80455 647970 1
80455 834459 1
80455 102000 1
149249 778220 1
149249 1189006 1
149249 186215 1
278541 950800 1
278541 758615 2
278541 598925 1
278541 290619 1
278541 1099124 1
278541 800610 1
278541 1102620 1
278541 681883 1
278541 1294711 1
278541 519141 1
278541 301940 1
278541 773963 1
278541 298669 1
290144 1250720 1
563816 829147 1
563816 602456 1
903188 1049143 1
903188 1023132 1
211498 489001 1
211498 952515 1
211498 1188430 1
211498 474309 1
211498 693065 1
157681 1473093 1
402979 1038273 1
402979 1205251 1
363154 445672 1
363154 580368 1
363154 656183 1
363154 702246 1
363154 507229 1
1046020 1335922 1
695380 1414549 1
108674 649577 1
775697 1335722 1
775697 820526 1
775697 1130166 2
850249 1540138 1
587450 1476712 1
784 1011265 1
784 482685 1
784 1440122 1
784 429956 1
784 918904 1
784 169125 1
784 156445 1
784 276999 1
157754 223915 1
157754 798395 1
157754 578942 1
157754 556104 1
157754 569131 1
157754 279088 1
157754 1179022 1
157754 205811 1
53534 1440851 1
343297 1444721 1
343297 475962 1
468413 1413845 1
468413 1364943 1
468413 1539536 1
50007 1356429 1
50007 806335 1
50007 945643 1
50007 1100525 1
50007 108498 1
50007 560916 1
403313 1500297 1
403312 546829 1
295964 1186097 1
626013 909896 1
626013 1071287 2
626013 1024525 1
626013 964830 2
84357 482374 1
84357 397438 1
84357 1516973 1
175168 423452 1
175168 242489 1
310894 747116 1
380409 1334171 2
137039 1385208 1
54785 341076 1
54785 68480 1
520622 699412 1
248994 584107 2
248994 829093 1
248994 604016 1
248994 1393215 4
248994 778927 1
248994 343549 1
248994 1523070 4
248994 404303 1
516856 681379 2
516856 1486002 1
191015 1309760 1
191015 727196 1
191015 1515821 1
191015 1437900 1
847329 1094248 1
847329 1163719 1
471389 824973 1
471389 779228 1
471389 607778 1
516858 723032 1
516858 844834 1
516858 1061477 1
108410 975284 1
906596 1084316 1
906596 1198409 1
1047517 1465687 1
1047517 1288100 1
1047517 1530808 1
905868 1328303 1
169960 399724 1
169960 377043 1
58772 238705 1
58772 699821 2
379118 504827 1
525546 1010586 1
402579 1513946 1
402579 540910 1
402579 524388 1
402579 607778 1
313338 893978 1
282822 1368728 1
238044 861094 1
238044 1093301 1
238044 335616 1
238044 315060 1
137966 935996 1
495620 706234 1
137782 833182 1
474276 647970 1
450857 524824 1
145554 1530532 1
145554 474949 1
450853 1522959 1
169369 552192 1
1153890 1313447 1
1153890 1321734 1
1153890 1184845 1
453392 1002565 1
301496 1280958 1
242469 684201 1
497247 825790 1
375576 928058 2
375576 889690 1
375576 687495 1
129601 449634 1
29739 1434753 1
29739 1286891 1
1198659 1492446 2
1313447 1321734 1
1103794 1191224 1
397055 1263443 1
397055 585531 1
681883 758615 1
681883 800610 1
681883 773963 1
681883 1102620 1
681883 950800 1
681883 1099124 1
681883 1294711 1
165066 975825 1
165066 323390 1
414406 1104152 1
66595 1118593 1
66595 144283 1
1233939 1444201 1
828867 1267118 1
828867 1287601 1
828867 1135820 1
242489 423452 1
65537 1391265 1
224176 452658 1
224176 1534434 2
1033807 1149869 1
740734 924276 1
680446 1150309 1
35076 580368 1
35076 702246 1
35076 315039 1
35076 363154 1
35076 507229 1
234655 1350224 2
234655 481341 1
373435 610849 1
373435 1080393 1
373435 1360195 1
1289248 1393603 1
1020497 1029404 1
593017 626013 2
593017 909896 1
593017 1071287 2
593017 1024525 1
593017 964830 2
590768 799652 1
504583 1226714 1
504583 1011624 1
82286 224521 1
82286 280339 1
82286 1095825 1
453169 1120407 1
453169 1507781 1
453169 1333488 1
453169 1126159 1
192111 220356 2
192111 1230432 1
192111 443270 1
580332 603734 1
580332 1127435 1
683803 776529 1
683803 1434166 1
683803 847894 1
683803 1539742 1
683803 1345740 1
96446 611897 1
605324 1140927 1
605324 1016032 1
605324 1157166 1
605324 1190499 1
204926 602451 3
204926 488839 2
204926 493012 3
204926 655346 3
204926 351562 2
204926 379504 2
204926 1208991 3
204926 228950 1
204926 462080 3
204926 1317196 2
204926 694423 2
204926 1124207 1
424568 904702 2
424568 1044368 1
96767 1108008 1
96767 607881 1
96767 231234 1
96767 590462 1
96767 500285 1
96767 975130 1
96767 1019880 1
342916 1014632 1
342916 1365666 1
342916 1164988 1
92703 894766 1
92703 222557 1
131476 692937 1
131476 1212681 1
131476 230660 1
131476 744230 1
131476 196045 1
766257 1214315 1
766257 1117189 1
137247 205164 1
177157 208207 1
177157 598510 1
709908 1066376 1
214141 1468359 1
214141 1083983 1
214141 590194 1
22176 1268143 1
22176 1021598 1
22176 316050 1
154491 910489 1
154491 327326 1
154491 1164705 1
922213 957302 1
181185 746337 1
832282 838591 1
240987 709570 1
240987 959933 1
240987 673550 2
240987 1061022 1
482685 1440122 1
984063 1093071 1
100850 330250 1
100850 1011204 1
100850 1516060 1
100850 698899 1
100850 1095433 1
100850 1197818 1
100850 592405 1
100850 1136100 1
77117 814559 1
77117 1368918 1
77117 82378 1
1135820 1267118 1
1135820 1287601 1
720970 987514 1
428725 1494150 2
172889 863769 1
172889 758776 1
409154 535969 1
769749 1166586 2
492836 745579 1
544907 1132495 1
544907 1366467 1
544907 609240 1
821392 1253421 1
3487 212904 1
98573 859848 1
98573 823757 1
829650 933477 1
575 305650 1
377043 399724 1
277993 1519120 1
277993 596161 1
277993 591282 1
117385 626730 1
117385 403080 1
117385 443677 1
117385 638966 1
117385 412623 1
117385 149492 1
117385 1502607 1
117385 540910 1
117385 1049045 1
124229 279109 1
124229 1029984 1
124229 130329 1
184738 524005 1
184738 1476170 1
1048709 1494626 1
1048709 1314017 1
1048709 1218774 2
1040526 1060106 1
210047 282981 1
722053 994271 1
899323 1415631 1
800820 895311 1
800820 1362135 1
322963 973606 1
623031 806417 1
623031 1450985 1
623031 1517191 1
623031 845245 1
46888 129217 1
454136 1202652 1
454136 1279799 1
246374 693876 1
387831 557559 1
387831 1268008 1
328718 408282 1
328718 945808 1
724918 920270 1
1368728 1501315 2
486033 824399 1
822151 902810 1
534788 619121 1
75238 1335722 1
75238 775697 3
75238 1130166 1
784182 1465336 1
784182 1517869 1
424983 1007171 1
139084 254180 1
139084 405158 1
444365 769528 1
377604 550310 1
377604 1324411 1
128749 921114 1
403080 1442729 1
403080 443677 1
403080 638966 1
403080 412623 3
403080 540910 2
403080 1049045 1
300364 1100541 1
300364 442647 1
28130 653101 1
152406 804282 1
152406 1252019 1
447773 1128630 4
447773 1161804 1
499483 515568 1
473398 1059909 1
862629 1316513 1
974792 1071219 1
974793 1202853 1
1131279 1145204 1
1131279 1155180 1
335126 688143 1
335126 1361183 1
335126 1045014 1
335126 1296827 1
335126 1517502 1
911388 1138661 1
875400 1093071 1
875400 984063 1
70317 142025 1
70317 213515 1
456843 519841 1
3263 757193 1
3263 1167533 1
134589 151300 1
134589 269719 2
134589 1104152 1
134589 781431 1
134589 414406 1
134589 298504 1
134589 249867 1
134589 1055784 1
377844 453392 1
377844 1002565 1
495109 958685 1
495109 1525420 1
338995 486563 1
237257 1396958 1
572629 667653 1
264338 564211 1
129775 933477 2
129775 829650 1
568128 1097472 1
568128 962806 1
568128 842911 1
564348 780414 1
508695 898994 1
508695 1013741 1
508695 1334371 1
164478 1284825 1
972431 1297509 1
972431 1486761 1
7941 60595 1
7941 1084316 1
7941 563736 1
7941 906596 1
7941 1198409 1
432049 1352281 1
1012145 1501320 1
146893 266860 1
1327368 1398603 1
1117631 1336110 1
1117631 1283231 1
1099062 1125426 1
142393 933717 1
142393 374181 1
7018 218130 1
7018 681390 1
963723 1515546 1
963723 1233209 1
963723 1421720 1
48017 1517502 1
48017 196486 1
48017 1296827 1
48017 1045014 1
48017 688143 1
48017 1361183 1
48017 335126 1
48017 250144 1
161543 365567 1
161543 591343 1
161543 771193 1
223915 279088 1
223915 556104 1
223915 798395 1
302000 398060 1
302000 407549 1
229079 1252663 2
229079 557379 2
44489 1515057 1
44489 808473 1
121653 1402377 1
121653 704828 1
718467 1311294 1
718467 891150 1
416720 989447 1
416720 1241416 1
416720 814624 1
172895 1386663 1
172895 214738 1
172895 1443091 1
172895 1363136 1
166978 746568 1
346112 1426645 1
346112 1115408 1
346112 732869 1
384132 849070 1
41181 144303 1
490861 1475453 1
490861 806335 1
11819 652150 2
591255 1185987 1
1309760 1437900 1
1309760 1515821 1
296824 1217602 1
18329 302224 1
18329 854460 1
1022395 1490986 1
271008 290144 1
271008 1250720 1
280724 1398041 1
280724 828937 1
264844 847329 1
264844 687144 1
264844 1094248 1
264844 1163719 1
1598 236055 1
568944 676915 3
538785 1368728 1
538785 1078195 1
529463 598685 1
212128 1341383 1
845245 1450985 1
845245 1517191 1
466139 1535988 1
466139 1241970 1
537252 537906 1
537252 744874 1
537252 643259 1
1080393 1360195 1
849593 921890 1
137795 1386184 1
137795 535198 1
47618 194716 1
728684 1039220 1
339744 1518025 1
414764 482864 1
284887 845409 1
844762 1031464 1
254909 639906 1
136688 1063662 1
1380286 1469364 1
342745 681379 1
342745 516856 1
342745 1486002 1
5645 1369216 1
5645 338062 1
230029 270717 1
230029 234170 1
230029 403423 1
770174 1082663 1
325537 647970 1
378231 113128 1
453542 650063 1
699035 1351924 1
699035 1489232 1
699035 1100234 1
5 142025 1
5 70317 1
5 280339 1
5 82286 1
5 224521 1
5 80794 1
5 213515 1
954653 1452300 1
55198 531417 1
55198 390034 1
55198 162830 1
449681 720061 2
449681 950202 1
449681 763392 1
449681 1410941 1
449681 633002 1
449681 672228 1
83013 1515546 1
83013 418174 1
83013 963723 1
83013 1233209 1
83013 1421720 1
677251 1458720 1
529281 996844 1
449985 1380286 1
449985 1469364 1
838561 1313408 1
838561 1334948 1
838561 1458392 1
59234 926835 1
209379 1220094 1
452177 519819 1
452177 878147 1
452177 581061 1
975258 1146103 1
119114 298504 1
119114 1104152 1
119114 249867 1
119114 414406 1
119114 134589 1
274827 1508669 1
274827 652669 1
274827 1220926 1
282767 1301551 1
834289 1094413 1
27632 369115 1
144838 733710 1
144838 1051559 1
144838 1040285 1
144838 804683 1
72065 245590 1
258893 512744 1
61674 724888 1
755679 1144405 1
755679 1247321 1
304734 1326402 1
304734 1403785 1
1060775 1506610 1
130348 724918 1
130348 920270 1
551441 1112582 1
551441 1184432 1
378701 755596 1
628255 1165896 1
6720 399053 1
679972 891074 1
411846 1142122 1
331813 392880 2
331813 712555 2
51305 635349 1
51305 250244 1
306641 1335922 1
306641 1046020 1
306641 329261 1
406057 1171190 1
127087 183916 1
389415 705179 1
801941 1030954 1
451975 267240 1
451975 1525257 1
279608 355075 1
279608 935840 1
279608 1504493 1
516210 1077637 1
733751 811360 1
733751 1422682 1
474814 537252 1
474814 537906 1
474814 744874 1
474814 643259 1
1313076 1518157 1
131361 324971 1
131361 515244 1
131361 949294 1
116553 934013 1
1421720 1515546 1
163857 357048 1
163857 841131 1
389704 521857 1
483440 784436 1
246212 654240 1
664558 695060 1
469576 719307 2
527190 773952 1
241358 636033 1
424645 1110778 1
52419 1167832 1
454725 1269950 1
536448 844075 1
536448 1281750 1
444135 1399487 1
823757 859848 2
1180472 1317619 1
1393215 1523070 5
586580 1445354 2
586580 1476170 1
586580 757637 2
320484 1458034 1
550310 1324411 1
802096 949718 1
21063 385906 1
602451 1317196 2
602451 1124207 1
602451 1208991 3
602451 694423 2
602451 655346 3
389567 659082 1
141627 930658 1
141627 917137 1
117159 261341 1
117159 414293 1
602456 829147 1
1045014 1517502 1
1045014 1361183 1
1045014 1296827 1
1333488 1507781 1
1114854 1136734 1
1354103 1365636 1
732713 763477 1
732713 1059974 1
732713 1105610 1
201224 774653 2
201224 394583 2
201224 810293 2
12797 34248 1
12797 246751 1
364898 784789 1
364898 412623 1
658208 838536 1
247813 551441 1
247813 1184432 1
352544 935840 1
121484 290619 1
121484 708252 1
121484 149553 1
162534 643469 1
700452 1408336 1
116606 159422 2
116606 821915 1
116606 505714 1
63747 908196 1
719292 1146425 1
491481 1028668 1
582175 1300880 1
13338 1196121 1
13338 879064 1
927895 1514779 1
74334 551990 1
70145 778220 1
70145 1189006 1
70145 149249 1
70145 186215 1
655346 1317196 3
655346 1124207 1
655346 1208991 3
655346 694423 3
716433 1307291 1
186215 778220 1
186215 1189006 1
306864 1103677 1
306864 333010 1
306864 810293 1
306864 472346 1
485767 1130983 2
485767 1190654 1
485767 745601 1
916768 1075119 1
916768 1261077 1
654661 743445 1
42226 945893 1
42226 449432 1
128697 139080 2
88343 1067542 1
88343 224881 1
88343 253311 1
88343 936636 1
462852 529545 1
902432 1148174 1
247381 467434 1
901140 991478 1
78215 276394 1
78215 1497564 1
44769 1412532 1
962806 1097472 1
57377 266319 1
827558 1504493 1
321998 1414549 1
412154 861136 1
412154 627771 1
412154 686458 1
205985 232856 1
205985 237905 1
205985 972991 1
33609 1501320 1
33609 1012145 1
33609 348457 1
33609 392919 1
33609 914425 1
141710 519886 1
141710 1154051 1
752255 1504489 1
147377 1226377 1
147377 218656 1
147377 1187094 1
147377 821304 1
147377 1112984 1
402995 1164825 1
402995 826186 1
402995 1248510 1
402995 611000 1
111459 137578 1
160003 1460024 1
711453 890654 1
274460 614467 1
274460 689253 1
274460 1051942 1
659153 845440 1
659153 1428859 1
659153 665345 1
459764 877465 1
487269 1298541 1
643815 685519 1
643815 1374156 1
643815 1012942 1
572926 1402341 1
226157 291207 1
677163 1200727 1
233149 301496 1
233149 1280958 1
243284 1015489 1
243284 1014728 1
198398 703763 1
198398 234883 2
80982 856452 1
1059974 1105610 1
566849 747362 1
566849 1058840 1
179350 572629 1
179350 667653 1
1286891 1434753 1
608187 974973 1
608187 1191895 1
165065 1263407 2
698021 746057 1
698021 991937 1
68699 838536 1
131030 732445 1
131030 1440791 1
230303 541900 1
986421 1404315 1
986421 1236824 1
1463790 1117687 1
218656 845409 1
218656 1187094 1
218656 284887 1
218656 1112984 1
218656 1226377 1
218656 821304 1
212138 529130 1
212138 234275 1
1397645 451975 1
1397645 1525257 1
1397645 267240 1
83756 521857 1
83756 389704 1
83756 123716 1
83756 541900 1
174633 1442342 1
174633 669956 1
169982 548886 1
169982 665557 1
169982 985544 1
709570 959933 1
400848 1136734 1
400848 1114854 1
543177 1416317 1
132088 255131 1
77309 727869 1
591184 878656 1
591184 1118373 1
337409 1521323 1
337409 374070 1
195855 690840 1
195855 1509981 1
195850 1413845 1
195850 1364943 1
195850 468413 1
195850 1539536 1
258065 264568 1
258065 944539 1
181095 1492446 1
181095 1198659 1
960272 1322224 1
960272 1354103 1
960272 1169374 1
960272 1365636 1
451704 603611 1
451704 1253086 1
451704 1316300 1
451704 608179 1
451704 468594 2
258669 806497 1
258669 300878 1
258669 377941 1
92547 189265 1
92547 1055392 1
1439322 1025174 1
1499033 1510833 1
717454 1010325 1
213860 691085 2
213860 857524 2
68855 1267118 1
68855 1287601 1
68855 404147 1
68855 1135820 1
68855 828867 1
68855 480174 1
68855 293239 1
502466 763876 2
266778 1411201 1
266778 476608 1
62604 647115 1
889690 928058 1
328730 728215 1
299445 355382 1
381009 1504493 1
433819 939782 1
433819 1013744 2
433819 821535 1
433819 596236 3
433819 1315922 2
394845 611867 1
394845 401874 1
239687 850249 1
239687 1540138 1
1178735 1202808 1
145840 365567 1
145840 771193 1
145840 161543 1
28622 602451 2
28622 488839 3
28622 493012 3
28622 655346 3
28622 204926 2
28622 39999 3
28622 351562 3
28622 379504 3
28622 1208991 2
28622 104763 2
28622 462080 2
28622 1317196 3
28622 694423 3
28622 1124207 1
28767 442719 1
1054767 1114562 1
111351 213305 1
734640 1023552 2
734640 985872 2
481990 974792 1
481990 1071219 1
693967 966912 1
975080 1119745 1
1112984 1226377 1
1112984 1187094 1
703898 1530287 1
703898 905027 1
703898 1436213 1
143297 421818 1
812468 1184681 1
1099887 1173209 1
172467 635997 1
711859 876870 5
989447 1241416 1
92817 1158004 1
92817 1223425 2
92817 1016753 1
92817 972292 1
144224 829093 1
701956 903188 1
701956 1049143 1
701956 1023132 1
189265 1055392 1
23487 393531 1
23487 266727 1
35634 218656 1
35634 1187094 1
35634 147377 1
35634 1112984 1
35634 1226377 1
35634 821304 1
787478 1020497 1
787478 901831 1
787478 1029404 1
469346 487894 1
469346 1100234 1
876931 1286447 1
215946 339824 1
215946 518728 1
1325053 62391 1
957302 1487709 1
1095433 1516060 1
1095433 1136100 1
1095433 1197818 1
940802 1255346 1
940802 980797 1
789101 1456600 1
207942 468707 1
207942 1114195 1
451967 958391 1
355563 476541 2
835257 1055481 1
57836 618653 1
377441 1523241 1
859280 1188871 1
244555 812293 1
30518 566849 1
30518 1152829 1
30518 129746 1
1083983 1468359 1
1014728 1015489 1
1330061 1419470 2
1330061 1440234 1
978793 1456482 1
482230 936353 1
783169 965643 2
274988 1468247 2
1530429 98698 1
1530429 976595 1
715110 1054367 1
715110 1233008 1
253311 1067542 1
253311 936636 1
370943 1480828 1
370943 609156 1
370943 876499 1
748555 1118548 1
748555 1015290 1
510337 859206 1
592520 972006 1
487894 1100234 1
397780 679719 1
65904 76712 1
904284 1237511 2
537906 744874 1
537906 643259 1
1046860 1134385 1
1164988 1365666 1
448238 652321 1
261568 487491 1
957635 1205742 1
65746 935995 1
65746 96633 1
716728 1312577 1
806417 1517191 1
806417 1450985 1
806417 1319471 1
806417 845245 1
250201 646884 1
633856 798160 1
148253 346112 1
148253 1115408 1
148253 732869 1
148253 1426645 1
5583 707146 2
806419 1535240 1
806419 1013805 1
139244 412870 1
1084316 1198409 1
409089 1211513 1
389359 390159 1
198899 338300 1
1013744 1315922 1
905027 1530287 1
905027 1436213 1
1013741 1334371 1
963636 1124242 1
592079 1294943 1
1369706 1461071 1
389828 591823 1
918904 1011265 1
188851 645198 1
188851 1131991 1
301596 1355372 1
408047 1018655 1
408047 666076 1
146768 841454 1
146768 1452139 1
146768 607195 1
146768 596567 1
221874 819820 1
440332 469346 1
440332 1351924 1
440332 1100234 2
440332 699035 1
440332 554955 1
440332 487894 1
440332 449433 1
440332 445672 1
440332 1489232 1
1364943 1413845 1
1364943 1539536 1
313640 610373 1
313640 575093 1
231208 498724 1
409530 824399 1
409530 486033 1
826879 1144712 2
244774 948457 1
896581 1019855 1
291207 740318 2
291207 442577 1
291207 1126733 1
291207 509314 1
99828 591195 1
99828 1032271 2
152939 752321 2
152939 289153 2
251242 1440887 1
251242 586496 1
1297509 1486761 1
85566 624763 1
85566 45073 1
627771 861136 1
627771 686458 1
773851 862292 1
773851 988968 3
685519 1374156 1
685519 1012942 1
665557 985544 1
638966 1502607 1
638966 862439 1
334514 357967 1
334514 1074035 1
473598 621370 1
473598 1012942 1
473598 685519 1
473598 1374156 1
473598 503253 1
473598 643815 1
298333 1329808 1
298333 1067118 1
298333 530913 1
289153 752321 2
1124207 1208991 1
1124207 1317196 1
158662 935900 1
342661 399563 1
342661 711859 3
610674 907953 1
610674 710014 1
33168 393138 1
44999 1448227 1
480078 941641 1
36399 855102 1
1152373 1418372 1
1152373 1365104 1
48255 959090 1
48255 279099 1
473623 1028974 1
48034 389373 1
936665 1146943 1
936665 1095036 1
936665 1400789 1
582431 1227809 1
582431 724577 1
582431 660439 1
582431 1391091 1
44535 744230 1
44535 1212681 1
44535 1170833 1
44535 131476 1
44535 196045 1
271481 1452300 1
271481 954653 1
1363136 1386663 1
1363136 1443091 1
102000 647970 1
102000 834459 1
868527 959487 1
38739 459695 1
349806 915703 1
129107 1013805 1
313255 621370 1
313255 1012942 1
313255 685519 1
313255 473598 1
313255 1374156 1
313255 503253 1
313255 643815 1
246608 527025 1
1157166 1190499 1
838408 1327368 1
388963 485637 1
939777 1040129 1
939773 1259298 1
1187094 1226377 1
1139480 1468604 1
357117 1324776 1
315637 1234684 1
315637 460468 2
315637 619774 1
508780 1041537 1
508780 1179542 1
508780 1413231 1
508780 698163 1
508780 697832 1
508780 692787 1
508780 808443 1
549841 932870 1
549841 641264 1
935840 970713 1
658610 814657 1
658610 1260167 1
159794 1427990 3
585576 587000 1
585576 909773 1
516800 876922 1
516800 1434142 1
516800 899572 1
115398 1130983 2
115398 293899 2
115398 485767 2
30231 1447218 1
447445 581828 1
300963 1161651 1
300963 329836 1
300963 966354 1
300963 930780 1
302126 752255 1
302126 1504489 1
367510 1166387 1
367510 1282979 1
367510 862406 1
367510 1497404 1
663433 1255932 1
147297 1155180 1
147297 181120 1
175733 974793 1
175733 193757 1
62391 12473 1
158849 636899 1
1279762 1424865 1
1208991 1317196 2
636351 1393215 1
657980 1206953 1
648396 1074675 1
475962 1444721 1
475962 1542030 1
475962 52290 1
784794 1004229 1
440925 490454 1
907386 1298221 1
907386 952515 1
1268409 468413 1
239765 1334027 1
239765 343160 1
666 602451 2
666 488839 3
666 493012 3
666 28622 3
666 655346 3
666 204926 2
666 39999 3
666 9512 3
666 351562 3
666 379504 3
666 1208991 2
666 104763 2
666 462080 2
666 1317196 3
666 694423 3
666 1124207 1
511266 1350519 1
600257 904692 1
600257 635425 1
600257 1139334 1
370151 1136734 1
370151 400848 1
370151 1114854 1
224701 368694 1
224701 755596 1
224701 378701 1
954681 1262339 1
306240 525686 1
306240 1098299 1
451778 594783 1
530913 1329808 1
530913 1067118 1
585484 1409645 1
483632 1365104 2
610849 1080393 1
610849 1360195 1
826186 1164825 1
826186 1248510 1
151300 269719 1
369126 678797 1
369126 529844 1
216578 625021 1
814559 1368918 1
607195 1452139 1
607195 841454 1
78791 212172 1
78791 478047 1
91918 1184681 1
91918 801921 1
91918 664158 1
91918 812468 1
136402 367310 1
430370 670324 1
225816 1274941 1
383507 822051 1
29031 920073 1
29031 1169198 1
343562 812188 1
368553 821789 1
300741 324600 1
82108 949604 1
394583 774653 2
394583 810293 2
549025 683976 1
441477 1161450 1
213671 407714 1
213671 326122 1
213671 748651 1
691085 857524 2
800188 1514779 1
800188 927895 1
133944 581488 1
725205 1084683 1
31508 595999 1
106941 505794 1
106941 196251 1
1465336 1517869 1
423242 428725 2
423242 754248 1
423242 1494150 3
681833 1034954 1
681833 1039934 2
335616 1093301 1
335616 861094 1
711847 987682 1
711847 724490 1
712719 806991 1
500213 1183622 1
500213 654109 1
314929 991609 1
314929 1080058 1
11205 304136 1
704828 1402377 1
1023132 1049143 1
543941 823360 1
543941 1478579 1
543941 1183034 1
130560 645523 1
809409 1475469 1
642721 677163 1
642721 1200727 1
560916 1356429 1
560916 806335 1
560916 1100525 1
109172 482445 3
449886 614963 1
449886 1236309 1
109175 1512215 1
207404 543792 1
924017 1210162 1
924017 1213225 1
896249 1004851 1
896249 1465687 1
896249 1047517 1
896249 1288100 1
896249 1530808 1
187308 274460 1
187308 614467 1
187308 689253 1
187308 1051942 1
224521 280339 1
1170422 1422643 1
1322808 1466913 1
1322808 1488492 1
224524 430863 1
881072 1393215 1
95299 831856 1
1576204 1530429 2
1576204 976595 1
1576204 98698 1
649431 733751 1
649431 811360 1
649431 1422682 1
886203 1278132 1
429956 1440122 1
429956 482685 1
1197818 1516060 1
1113480 1248073 1
249867 298504 1
249867 1104152 1
249867 414406 1
813123 1281441 1
148105 254057 1
148105 923151 1
562732 786386 1
1110778 1451606 1
120333 718478 1
603611 1253086 1
51214 330250 1
51214 1011204 1
51214 1516060 1
51214 1095433 1
51214 698899 1
51214 100850 1
51214 1197818 1
51214 592405 1
51214 1136100 1
327230 453169 1
327230 1120407 1
327230 1507781 1
327230 1333488 1
327230 1126159 1
51741 799045 1
51741 145785 1
187833 291120 1
187833 1487957 1
187833 819820 1
187833 499903 2
260808 1095295 1
260809 1198548 1
428773 535198 1
428773 486158 1
82816 251317 2
353299 893082 1
353299 1412835 1
866038 1254187 1
118865 381647 1
392509 911661 1
392509 1341903 1
392509 776089 1
1142305 1539122 1
690840 1509981 1
904702 1044368 1
289 503440 2
745601 1190654 1
259105 1123726 1
119432 387785 1
119432 1352821 1
119432 1170209 1
119432 907586 1
220356 1230432 1
220356 443270 2
991609 1080058 1
135047 953470 1
348457 1501320 1
348457 1012145 1
348457 392919 1
348457 914425 1
41170 1028974 1
41170 80455 1
41170 325537 1
41170 102000 1
41170 834459 1
41170 647970 3
74898 366752 1
74898 1505747 1
853765 1270963 1
274065 745613 1
7299 706764 1
7299 429838 1
818263 1178539 1
427282 1253086 1
176043 345853 1
75770 627358 1
818267 1203315 1
818267 1208592 1
818267 1091426 1
1868 314737 1
337190 1322808 1
218130 1105767 1
218130 1010883 1
218130 681390 1
818469 1209210 1
364498 433819 2
364498 596236 2
316997 1078148 1
316997 390404 1
766193 838408 1
766193 824712 2
766193 1327368 2
1361183 1517502 1
69051 1151737 1
924082 995388 1
924082 1084098 1
404764 459294 1
139188 481092 1
139188 716078 1
139188 302508 1
139188 368933 1
139188 876923 1
139188 1048994 1
1336484 1512215 1
972991 1304244 1
972991 1152268 1
84089 249487 1
297651 1488020 1
190707 873491 1
899572 1434142 1
627749 1283178 1
445300 1042884 1
445300 533599 1
616844 674561 1
616844 868529 1
179668 983017 1
423386 1011230 1
379561 513341 1
379561 979991 1
143932 524907 1
116265 1038264 1
116265 939126 1
143935 1467950 1
143935 1400819 1
143935 350708 1
143935 274036 1
143935 188407 1
143935 468836 1
520321 633430 1
1071846 1126707 1
1071846 1137655 1
265291 314929 1
265291 991609 1
265291 1080058 1
327326 910489 1
327326 1164705 1
1296827 1517502 1
1296827 1361183 1
534593 985544 1
210720 981231 1
210720 227997 1
210720 838591 1
210720 390404 2
1142122 1261718 1
432785 1483035 1
104671 677158 1
179594 741628 1
179594 396756 1
123934 198398 2
123934 234883 2
123934 175640 2
87199 266523 1
87199 97655 1
285415 1164825 1
285415 826186 1
285415 1248510 1
285415 402995 1
176906 249270 1
176906 780414 1
176906 564348 1
176906 427249 1
53674 790739 1
53674 660546 1
203080 1271825 1
65617 1212946 1
65617 444026 1
65617 1263395 1
637180 707589 1
1213215 1351152 1
353552 513235 1
353552 787478 1
1285858 747197 1
252535 1452300 1
252535 271481 1
252535 954653 1
613227 1126256 1
1091426 1203315 1
1091426 1208592 1
716977 1129136 2
54275 797979 1
54275 380683 2
54275 1029661 1
41449 251276 1
871771 1439264 1
719700 1246655 1
695501 1442743 1
37291 173858 1
804282 1252019 1
939126 1038264 1
219725 772962 1
367506 737737 1
367506 380504 1
710014 907953 1
15769 911904 1
164578 469576 1
164578 719307 1
191936 444022 1
841454 1452139 1
788473 1052047 1
788473 1313447 1
788473 1007622 1
788473 1321734 1
788473 826969 1
788473 1184845 1
788473 1153890 1
887031 1502959 1
1115408 1426645 1
1010883 1105767 1
911661 1341903 1
596161 1519120 1
914296 1052729 1
195014 1390584 1
715399 804000 1
143039 1155699 1
126549 1529644 1
192831 1268989 1
133728 264844 1
133728 847329 1
133728 687144 1
133728 1094248 1
133728 1163719 1
169419 215674 1
283150 996398 2
239753 652217 1
123757 349806 1
123757 331150 1
364744 511445 1
364744 1527323 1
364744 618182 1
205811 223915 1
205811 798395 1
205811 607688 1
205811 451706 1
205811 556104 1
205811 279088 1
279109 1029984 1
218074 633482 1
218074 542187 1
218074 1232564 1
218074 445060 1
747197 1417522 3
663645 1332750 1
663645 1207543 1
156445 470359 1
156445 1440122 1
156445 552192 1
156445 482685 1
156445 1501315 1
156445 169125 1
156445 429956 1
156445 169369 1
156445 821535 1
156445 670263 1
156445 1368728 1
156445 1054254 1
302225 404945 1
290619 950800 1
290619 758615 1
290619 598925 1
290619 773963 1
290619 1099124 1
290619 1102620 1
290619 681883 1
290619 1294711 1
290619 519141 1
290619 708252 1
290619 301940 1
290619 800610 1
290619 298669 1
148279 1253086 1
148279 155516 1
148279 282507 1
148279 670331 1
148279 608179 1
148279 451704 2
148279 468594 7
148279 603611 1
148279 1316300 1
77856 818469 2
913939 1099370 1
238911 1043328 2
238911 639682 2
728098 868527 1
728098 959487 1
1014632 1164988 1
1014632 1365666 1
263542 609685 2
263542 1494626 1
263542 1314017 1
263542 1218774 2
263542 1048709 2
177694 905336 1
177694 964408 1
177694 1055918 1
901831 1020497 1
901831 1029404 1
659467 1144405 1
659467 1247321 1
659467 755679 1
370359 590013 1
370359 826032 1
778220 1189006 1
429149 1044717 1
429149 954073 1
111626 662056 2
529636 1140927 1
529636 1016032 1
529636 1157166 1
529636 1190499 1
529636 605324 1
79217 724888 1
525013 1390610 1
577535 1046031 1
577535 1097168 1
338062 1369216 1
92997 315114 1
509314 740318 1
228083 1328125 1
590013 437497 2
590013 826032 1
337601 784789 1
337601 412623 1
337601 364898 1
696198 1203315 2
696198 1091426 1
696198 818267 1
696198 1208592 1
486158 535198 1
45213 957635 1
21102 934519 1
21102 74831 1
334554 909021 1
334554 354112 1
334554 482870 1
1265519 1277453 1
630230 699596 1
630230 1374234 1
24441 818263 1
24441 1178539 1
1334948 1458392 1
451901 963015 1
907659 1315922 1
1313408 1334948 1
1313408 1458392 1
634206 1333020 1
634206 919196 1
634206 782455 1
392880 712555 2
73355 1191335 1
73355 845201 1
241255 1488337 1
560959 763454 1
1190345 1391265 1
293899 1130983 2
293899 485767 2
861607 1511670 1
75977 248994 1
75977 829093 1
149973 473193 2
287108 792848 1
287108 423575 1
693128 715110 1
693128 1233008 1
460734 726798 1
166518 1214315 1
166518 766257 1
166518 1117189 1
439059 1359260 1
439059 439192 1
224461 789101 1
224461 1456600 1
224461 657084 1
697832 1041537 1
697832 1413231 3
697832 698163 1
697832 808443 1
769484 844822 1
769484 832372 1
449432 945893 1
449433 699035 1
449433 554955 1
449433 1489232 1
449433 1351924 1
449433 1100234 1
788407 888567 1
64286 1009522 1
181120 1155180 1
557643 972760 1
579402 838322 1
784789 1120181 1
784789 864779 1
166607 1381677 1
166607 428801 1
166607 1078504 1
166607 1320802 1
404807 560916 3
293518 1401001 1
548801 1081487 1
350708 1467950 1
350708 1400819 1
350708 468836 1
354637 674561 1
354637 616844 1
354637 868529 1
423575 792848 1
878144 1532842 3
369585 1247321 1
953363 1158979 1
220349 797621 1
220349 756666 1
402254 1172920 1
235187 316286 1
235187 853019 1
1253086 1331977 1
427478 540669 1
482870 909021 1
309018 1418292 1
595999 665633 1
129746 566849 1
1230266 1322244 1
410043 621345 1
21148 248994 1
21148 75977 1
21148 829093 1
408061 511557 1
363242 709828 1
363242 1170470 1
467838 576968 1
646529 1359865 1
2130 967652 1
888327 1139467 1
162294 275057 1
253517 310853 3
253517 857421 1
964830 1071287 2
964830 1024525 1
17213 248495 1
17213 362930 1
802288 1095825 1
80794 224521 1
80794 280339 1
80794 82286 1
293421 731489 1
293421 433614 1
152776 1349374 1
658324 1234684 1
619331 1086102 1
796756 1267840 1
329063 387917 1
329063 1393215 1
462808 757285 1
357048 841131 1
357048 746920 1
727196 1309760 1
727196 1515821 1
727196 1437900 1
390576 655329 1
237587 800820 1
237587 895311 1
237587 1362135 1
124554 489001 1
124554 474309 1
124554 211498 1
124554 693065 1
124554 952515 1
124554 1188430 1
329261 1335922 1
329261 1046020 1
324361 1507781 1
324361 1333488 1
324361 1120407 1
324361 1126159 1
324361 453169 1
324361 327230 1
346385 838938 1
346385 454848 1
598925 950800 1
598925 758615 1
598925 773963 1
598925 800610 1
598925 681883 1
598925 1102620 1
598925 1099124 1
598925 1294711 1
866797 1391091 1
444216 1024525 1
444216 593017 1
444216 626013 1
444216 1071287 1
444216 964830 1
444216 909896 1
651854 1418372 1
651854 662590 1
651854 1152373 1
651854 1365104 1
651854 1066881 1
208207 598510 3
711128 794324 1
70530 183545 1
739941 1007171 2
167558 775275 1
42891 699821 1
42891 642721 1
42891 677163 1
42891 1200727 1
42891 113059 1
42891 80540 1
875229 14134863 1
809036 1248020 4
395988 454294 1
261341 414293 1
107685 211435 1
291114 1169337 1
291114 1172961 1
847894 1539742 1
847894 1434166 1
847894 1345740 1
71911 1134385 1
71911 273905 1
71911 805373 1
71911 1046860 1
173433 992750 1
173433 1038254 1
422447 722238 1
158991 498786 1
158991 1124242 1
158991 963636 1
1220926 1508669 1
67378 986833 1
41385 1518157 1
243010 250237 1
243010 444864 1
810293 1103677 1
810293 1065128 1
443677 638966 1
443677 518728 1
443677 540910 1
443677 1049045 1
443677 781608 1
443677 697506 1
634841 1088994 1
634841 1518471 1
1263 1212946 1
1263 65617 1
1263 444026 1
1263 1263395 1
274237 280076 1
1169374 1322224 1
1169374 1354103 1
1169374 1365636 1
1084182 1423011 1
1084182 1480987 1
1084182 1344273 1
387785 1352821 1
387785 1170209 1
387785 907586 1
668740 785880 1
189027 38774 2
189027 901123 2
919196 1333020 1
917137 930658 1
41650 1046031 1
41650 80431 1
41650 577535 1
41650 1097168 1
41650 53419 1
138958 403080 1
685312 842450 1
685312 1153972 1
91115 335683 1
41490 165651 1
954515 1161779 1
298504 1104152 1
298504 414406 1
421544 723878 1
537295 767019 1
537295 1060106 1
537295 1040526 1
705218 954924 1
385827 1291616 1
1182489 1207856 1
57833 618653 1
401874 611867 1
280161 1097556 1
470114 1159899 1
313584 1116635 1
313584 1237858 1
313584 481039 1
447551 518288 1
447551 1060775 1
511445 1527323 2
511445 618182 2
71716 410125 1
563736 1084316 1
563736 906596 1
563736 1198409 1
1434166 1539742 1
709231 836201 1
89659 487002 1
621161 997365 1
344909 785880 1
237905 972991 1
87145 818884 1
87145 936665 1
87145 1146943 1
87145 1400789 1
87145 476819 1
87145 404887 1
87145 1095036 1
305939 479979 1
296564 1339376 1
1063056 1226295 1
1063056 1128786 1
1100234 1351924 1
1100234 1194942 1
1100234 1489232 1
496521 1411201 1
190517 954653 1
190517 1452300 1
190517 271481 1
190517 252535 1
37137 1522751 1
37137 1140642 1
1403 211435 1
1403 107685 1
1403 66419 1
34248 676915 1
34248 568944 1
34248 246751 1
607778 1066376 1
607778 824973 1
136399 275057 2
136399 1444201 1
136399 471434 1
136399 296427 1
136399 1233939 2
1020918 1137722 1
549512 1007171 1
263552 594783 1
263552 451778 1
374070 1506181 1
105915 125372 1
343549 604016 1
556104 798395 1
461743 1060100 1
461743 719940 1
461743 1436154 1
461743 1341437 1
284913 908533 1
978531 1072439 1
978531 896581 1
978531 1019855 1
7704 1299967 1
1100525 1356429 1
29229 863562 1
29229 712907 1
29229 900583 1
29229 1013188 1
1007622 1313447 1
1007622 1321734 1
1007622 1184845 1
1007622 1153890 1
1007622 1052047 1
1097912 1271374 2
313121 569131 1
134140 1413845 1
134140 468413 1
134140 1364943 1
134140 195850 1
134140 1539536 1
29142 191015 1
29142 1515821 1
29142 727196 1
29142 1437900 1
29142 1309760 1
324971 515244 1
324971 949294 1
28325 875229 1
28325 14134863 1
789804 1289987 1
789804 1404285 1
282507 603611 1
282507 1253086 1
282507 451704 1
282507 468594 1
401295 426784 1
401295 441745 1
401295 1084182 1
401295 1344273 1
401295 1423011 1
401295 1480987 1
401295 662959 1
1465687 1530808 1
218936 1147890 1
461129 1541068 1
461129 1421882 1
461129 585773 1
461129 1273819 1
1016803 1479806 1
1060530 1213865 1
159275 310894 1
159275 747116 1
344300 371687 1
733710 1051559 1
733710 1040285 1
733710 804683 1
468736 514981 1
578165 682245 1
578165 1408336 1
578165 700452 1
348835 1132495 1
348835 1366467 1
348835 367259 1
348835 609240 1
348835 544907 1
340364 1137384 1
340364 1170134 1
340364 545782 1
552192 1501315 1
214738 1386663 1
214738 1443091 1
214738 1363136 1
79463 847329 1
79463 1094248 1
79463 133728 1
79463 264844 1
79463 687144 1
79463 1163719 1
747160 1245312 1
650843 708214 1
406517 1367754 1
335152 385707 1
763876 1234684 1
595960 1318218 2
601482 1490190 1
1146775 1335110 1
219227 949842 1
65605 642219 1
65605 1350519 1
219224 391037 1
396756 741628 1
519141 950800 1
519141 758615 2
519141 598925 1
519141 773963 1
519141 1099124 1
519141 681883 1
519141 1102620 1
519141 800610 1
519141 1294711 1
590462 975130 1
590462 607881 1
590462 1019880 1
590462 1108008 1
144303 315603 1
257374 1228497 1
196045 1212681 2
196045 1120181 1
196045 605713 1
196045 744230 1
873797 920073 2
1014171 1124137 1
1014171 1240255 1
489001 907386 1
489001 693065 2
489001 1298221 1
489001 952515 2
489001 1188430 1
489001 638335 1
1155180 1476170 1
249384 905027 1
249384 544223 1
249384 1436213 1
249384 402883 1
249384 703898 1
249384 1530287 1
101209 180708 1
101209 663907 1
472346 1103677 1
472346 810293 1
919992 1102687 1
533599 1042884 1
638335 1298221 1
638335 907386 1
638335 952515 1
638335 693065 1
712907 900583 1
712907 1013188 1
194828 478116 1
194828 578081 1
485794 720063 1
527136 711859 2
763128 1152829 1
763128 1117086 1
261554 1028073 1
1365104 1418372 2
585156 1013667 1
52298 249270 1
52298 780414 1
52298 564348 1
52298 427249 1
52298 176906 1
74579 744230 1
74579 1212681 1
74579 605713 1
484705 496220 1
73239 537542 1
73239 865409 1
476661 699154 1
29071 40443 1
832372 844822 1
46164 504815 1
165896 619331 2
165896 1086102 1
441745 1084182 1
441745 662959 1
441745 1423011 1
441745 1480987 1
441745 1344273 1
623064 899587 1
330634 1448968 1
330634 757637 1
693065 1298221 1
693065 907386 1
693065 1188430 1
693065 952515 2
402065 1121283 1
436801 786139 2
592405 1011204 1
592405 1516060 1
592405 698899 1
592405 1095433 1
592405 1197818 1
592405 1136100 1
394599 476661 1
732445 1440791 1
873314 890745 2
873314 1400819 2
873314 1359100 2
969045 1368728 1
96695 1288444 1
96695 1262540 1
575092 1105396 1
639558 719729 1
424287 873811 1
424287 856668 1
231234 1108008 1
231234 607881 1
231234 590462 1
231234 500285 1
231234 975130 1
231234 1019880 1
126689 946112 1
441242 533542 1
441242 705268 1
535198 1386184 1
113038 1100751 1
113038 805373 1
654626 988968 2
654626 773851 2
337175 1325649 1
657084 1456600 1
657084 789101 1
52451 767019 1
52451 212172 1
52451 1060106 1
52451 1040526 1
52451 537295 1
52451 478047 1
684967 1180920 1
227997 981231 1
227997 838591 2
227997 390404 3
80789 148466 1
80789 1306182 1
97360 290420 1
97360 269693 1
937074 1076189 1
64263 1353551 1
928587 1428812 1
947203 1020918 1
36870 493570 1
362116 1048105 1
124761 184231 1
864535 1345667 1
902365 1155180 2
902365 1476170 1
902365 1131279 1
477138 947203 1
477138 1020918 1
80431 1046031 1
80431 1097168 1
80431 577535 1
80431 186428 3
500634 500637 1
965667 1519377 1
534806 1074534 1
476448 504185 1
379504 602451 2
379504 488839 3
379504 493012 3
379504 655346 3
379504 1208991 2
379504 462080 2
379504 1317196 3
379504 694423 3
379504 1124207 1
1136100 1516060 1
1136100 1197818 1
586561 763128 2
586561 1117086 1
226236 1442729 1
53070 1106559 2
1436213 1530287 1
563188 1125757 1
227195 342916 1
227195 1014632 1
227195 1365666 1
227195 1164988 1
141400 414912 1
141400 170085 1
251690 296790 1
323939 1152662 1
363732 1036824 1
363732 905413 1
203596 882807 1
879064 1196121 1
1145586 1392533 1
29204 259603 5
29204 1393215 1
402883 1530287 1
402883 703898 1
402883 544223 1
402883 905027 1
402883 1436213 1
34834 1105767 1
34834 1010883 1
34834 218130 1
399430 708214 1
399430 650843 1
635392 1150929 3
596567 1452139 1
596567 841454 1
596567 607195 1
285859 328730 1
458344 869796 1
458344 1011142 1
78325 398679 1
233100 326790 1
65948 262142 1
41469 542730 1
800610 950800 1
800610 1294711 1
800610 1102620 1
800610 1099124 1
1421882 1541068 1
679410 756657 1
679410 887760 1
2904 84357 1
2904 482374 1
2904 397438 1
2904 1516973 1
637965 788580 1
910489 1164705 1
37900 226817 1
37900 1228497 1
37900 257374 1
230171 518888 1
197735 1222276 1
133088 511188 1
823360 1478579 1
823360 1183034 1
197739 324361 1
197739 1507781 1
197739 1333488 1
197739 1120407 1
197739 1126159 1
197739 453169 1
197739 327230 1
17905 215516 1
17905 30506 2
17905 79327 1
478047 1060106 1
478047 767019 1
478047 537295 1
478047 1040526 1
471477 1492352 1
385833 1129136 2
385833 716977 2
149553 290619 1
149553 708252 1
29441 69408 1
29441 1517260 1
553048 1139334 1
553048 904692 1
553048 635425 1
553048 600257 1
1028061 1280485 1
1020093 1104688 1
1020093 1228947 2
102053 1108156 1
1117687 1398603 1
1117687 1327368 1
718295 1048156 1
1279087 1345516 1
621370 685519 2
621370 1374156 1
621370 643815 1
621370 1012942 1
481862 77141 1
847055 1054854 1
847055 1106040 1
914923 1489676 1
1415852 1439780 1
710724 1054818 1
265923 656488 1
33861 646884 1
662590 1418372 1
662590 1152373 1
662590 1365104 1
662590 1066881 1
1283231 1336110 1
1346747 1435951 1
788734 1110623 1
399341 898994 1
399341 1013741 1
399341 508695 1
399341 1334371 1
1052047 1313447 1
1052047 1321734 1
1052047 1184845 1
1052047 1153890 1
544223 1530287 1
544223 703898 1
544223 905027 1
544223 1436213 1
390034 531417 1
148466 1306182 1
445611 1030225 1
445611 1424450 1
1016032 1140927 1
1016032 1157166 1
1016032 1190499 1
569131 578942 1
171356 908014 1
330250 1011204 1
330250 1516060 1
330250 698899 1
330250 1095433 1
330250 1197818 1
330250 592405 1
330250 1136100 1
1011204 1095433 1
1011204 1516060 1
1011204 1136100 1
1011204 1197818 1
747974 1135406 1
893082 1412835 1
563619 718295 1
170085 693967 1
170085 966912 1
170085 414912 1
365567 439200 1
365567 771193 1
692787 1041537 1
692787 697832 1
692787 1413231 2
692787 698163 3
692787 808443 1
628369 842906 1
360518 1180115 1
15412 82286 1
344476 740082 1
257751 396772 2
257753 753042 1
214908 274237 1
214908 280076 1
676195 1450204 1
676195 799343 1
711748 725715 1
554955 699035 1
554955 1194942 1
554955 1489232 1
554955 1351924 1
554955 1100234 2
1304807 1496944 1
1100393 1452869 1
886765 1026133 1
541461 1313511 1
115528 196252 1
1065774 1452654 1
1065774 1066552 1
936636 1067542 1
725011 954468 1
173194 411669 1
173194 1007851 1
173194 913181 1
70508 513235 1
70508 353552 1
70508 307066 1
70508 787478 1
366917 633430 1
366917 500366 1
366917 520321 1
838591 981231 1
158054 395697 1
82065 733538 1
662136 663907 1
681488 1164690 1
232856 237905 1
232856 972991 1
507215 1084098 1
407714 748651 1
256815 1255660 1
256815 639698 1
192349 862166 1
213487 1297509 1
213487 1486761 1
213487 972431 1
217122 874953 1
217122 806419 1
217122 1535240 1
217122 631237 1
217122 486470 1
217122 537642 1
881642 944445 1
35744 196252 1
55410 1510833 1
738289 1012708 1
117903 985544 1
51393 1032182 1
469414 829147 1
469414 563816 1
469414 602456 1
51395 482959 1
70024 635392 1
70024 1150929 1
88745 1244418 2
606391 1066376 1
606391 709908 1
795804 1187704 1
1400655 1510554 1
942202 1139480 1
942202 1468604 1
515431 535494 1
890745 1400819 2
890745 1359100 2
43095 1382565 1
431053 716869 1
898994 1013741 1
898994 1334371 1
154744 206241 1
856668 873811 1
826030 465310 2
1344273 1423011 1
1344273 1480987 1
409849 670324 1
409849 419986 1
409849 430370 1
338289 1353714 1
978686 1151503 1
312805 1022405 1
69408 1517260 1
94260 980191 1
94260 963975 1
94260 759951 2
94260 97482 1
632415 954103 1
536091 889543 1
334700 390576 1
334700 655329 1
73137 1358946 1
73137 88521 1
398819 681833 3
398819 1034954 2
398819 1039934 3
498715 600287 1
498715 820993 1
744230 1020497 1
744230 1029404 1
744230 1212681 4
744230 901831 1
744230 787478 1
535969 664558 1
535969 695060 1
535969 1340875 1
293431 294346 1
333010 1103677 1
333010 810293 1
333010 472346 1
273382 399877 1
273382 995190 1
161896 820997 1
161896 975823 1
161896 869473 1
104429 468594 1
104429 148279 1
250244 635349 1
25488 1178539 1
26553 84094 1
292751 1518157 1
276334 483632 1
276334 1365104 1
308253 558631 2
308253 1249760 1
201102 914430 1
425679 760976 1
396748 525992 2
396748 806417 2
396748 1319471 1
17478 342996 1
17478 715590 1
670126 894429 1
3711 65537 1
3711 1391265 1
246519 321213 1
246519 622137 1
246519 831705 1
125776 619774 1
1294413 1367716 1
161879 764258 1
514061 580332 1
514061 603734 1
514061 1127435 1
275057 616290 1
275057 1463295 1
275057 296427 1
605713 1212681 2
605713 1120181 1
605713 744230 1
605713 665633 2
16270 720063 1
17678 722359 1
294607 1336851 1
294607 920073 1
1400819 1467950 1
223692 1033581 1
1350920 1496414 1
397438 1516973 1
397438 482374 1
519886 1154051 1
1041186 1366597 1
357566 834289 1
357566 617100 1
357566 1094413 1
240451 1275104 1
11709 120636 1
11709 1339376 1
11709 296564 1
11709 145407 1
707973 828988 1
707973 1413295 1
46751 518888 1
46751 230171 1
293660 380641 1
124577 287108 1
124577 792848 1
124577 158918 1
124577 423575 1
763449 975980 1
404041 582175 1
404041 1300880 1
875120 1481037 1
1273819 1541068 1
1273819 1421882 1
32812 690277 1
32812 195272 1
94686 1501338 1
1024577 1439322 1
1024577 1025174 1
60595 1084316 1
60595 563736 1
60595 906596 1
60595 1198409 1
801921 1184681 1
801921 812468 1
450208 564564 1
254180 405158 1
481039 1116635 1
481039 1237858 1
102913 715780 1
102913 896571 1
102913 639518 1
821535 1013744 1
821535 1054254 1
821535 1501315 1
821535 1368728 2
274036 1467950 1
274036 1400819 1
274036 350708 1
274036 468836 1
870270 1371939 1
428963 1351471 1
58657 191954 1
58657 635049 1
452691 634701 1
452691 843026 1
1423011 1480987 1
391399 786139 1
391399 436801 1
1130166 1335722 1
358961 656182 1
175687 1475453 2
175687 490861 1
332021 1060994 1
808473 1336542 2
808473 1515057 1
211731 754643 1
211731 1146628 1
172325 936353 1
172325 482230 1
172325 634841 1
172325 1205066 1
868364 1494933 1
254057 434928 1
254057 1344899 1
254057 923151 1
162651 408061 1
162651 511557 1
434961 1294030 1
255053 1333760 1
255053 1471614 1
895311 1362135 1
381308 1161926 1
381308 621819 1
2935 172325 1
2935 1120283 1
2935 634841 1
2935 271235 1
2935 640092 1
478078 1203254 1
876499 1480828 1
746575 1059174 1
882859 1424726 1
882859 1320322 1
604289 1480610 1
1431116 1433877 2
584582 1370807 1
1445354 1476170 1
1356814 1360680 1
160385 798748 1
32416 104352 1
645198 1131991 1
307892 1411201 1
307892 496521 1
960221 1456236 1
960221 1242022 1
604025 1176538 1
393193 975550 1
524907 886711 1
178125 1533291 1
142557 1178547 2
142557 1533541 1
541879 793642 2
585773 1541068 1
585773 1421882 1
585773 1273819 1
1236824 1404315 1
109551 1010586 1
109551 514790 1
109551 525546 1
432599 500387 1
673817 1353714 1
15642 716869 1
537542 865409 1
182926 298333 1
182926 1329808 1
182926 1067118 1
182926 530913 1
263711 451595 1
985544 1145204 1
985544 1131279 1
705527 1124008 1
763477 1059974 1
763477 1105610 1
335556 648651 1
335556 1434940 1
335556 1196472 1
157478 298333 1
157478 1329808 1
157478 1067118 1
157478 182926 1
157478 530913 1
496506 1201043 1
291390 651247 1
585531 1263443 2
500366 633430 1
500366 520321 1
907586 1352821 1
907586 1170209 1
404147 828867 1
404147 480174 1
404147 1267118 1
404147 1287601 1
404147 1135820 1
724577 1227809 1
724577 1391091 1
621819 1161926 1
1144405 1247321 1
238705 1443997 1
178056 529175 1
178056 538131 1
226817 1228497 1
226817 257374 1
751573 1069189 1
814624 989447 1
814624 1241416 1
135485 184584 1
135485 1530808 1
135485 1465687 1
135485 896249 1
135485 1004851 1
135485 1047517 1
135485 1288100 1
801850 953568 2
801850 946655 1
867389 1140884 1
867389 1426258 1
1094248 1163719 1
1126159 1507781 1
1126159 1333488 1
795940 964161 1
699355 1125726 1
699355 1389767 1
284934 537077 1
1137683 7404 1
819551 1302891 1
132295 785493 1
698899 1011204 1
698899 1516060 1
698899 1095433 1
698899 1197818 1
698899 1136100 1
217332 975517 1
226256 818469 1
131926 1487957 1
131926 499903 1
293239 1267118 1
293239 1287601 1
293239 404147 1
293239 1135820 1
293239 828867 1
293239 480174 1
1212958 1216861 1
834021 1199186 1
191986 1417362 2
77952 559087 1
302897 680858 1
933572 1419567 1
933572 1336880 1
829093 1393215 2
507229 580368 1
507229 702246 1
507229 843110 1
672440 1099402 1
1044453 1184187 1
674632 1184430 1
228950 602451 1
228950 1208991 1
228950 462080 1
228950 493012 1
228950 655346 1
934379 1342796 1
287357 737535 1
300656 802313 1
244900 1178010 1
145785 799045 1
497102 756657 1
497102 887760 1
497102 679410 1
160937 1199980 1
160937 1219485 1
197223 549344 1
28766 1063135 1
529175 538131 1
266727 393531 1
171789 1280129 1
171789 333746 1
525686 1098299 1
79481 1144405 1
79481 1247321 1
79481 659467 1
79481 755679 1
318810 1048156 1
318810 504938 1
318810 718295 1
318810 1146132 1
318810 1464653 1
460257 685312 1
590686 1203315 1
590686 696198 1
590686 1208592 1
590686 818267 1
590686 1091426 1
599127 925916 1
255903 364744 1
255903 1527323 2
255903 511445 2
255903 618182 2
89365 786139 1
681585 218936 1
681585 1147890 1
732869 1426645 1
732869 1115408 1
220731 551519 1
262112 1031894 1
262112 617246 1
6630 589895 1
1000179 1046860 1
1000179 1460764 1
170560 310853 1
476303 717051 1
197823 563228 1
197822 420772 1
56451 1222728 1
14414 1290619 1
593881 1220634 1
593881 1249720 1
152242 465157 1
598271 801850 1
598271 953568 1
1147282 1252019 1
590048 799998 1
342858 759295 1
9888 334514 1
9888 357967 1
9888 1074035 1
75822 125372 1
75822 105915 1
75822 87177 1
1041537 1413231 1
280288 802288 1
280288 1095825 1
328470 372671 1
328470 705542 1
328470 541900 1
377585 893884 1
861094 1093301 1
267833 849450 1
267833 904235 1
1363862 1536292 1
1036118 1530649 1
1218774 1494626 1
1218774 1314017 1
1015796 1142324 1
88169 897325 1
389654 1456236 1
389654 775204 1
389654 960221 1
389654 913301 1
389654 1242022 1
262590 937154 2
262590 1443473 1
105102 182062 1
230433 342013 1
230433 793642 2
230433 439059 1
230433 1359260 1
230433 439192 1
53651 348835 1
53651 609240 1
53651 1132495 1
53651 544907 1
53651 1366467 1
53651 367259 1
617567 933717 1
579986 882859 1
579986 1424726 1
579986 1320322 1
372666 748483 1
372666 737377 1
372666 1498324 1
580833 1246655 1
580833 719700 1
166492 1169232 1
645998 1195575 1
1227809 1391091 1
1170209 1352821 1
876741 1489451 1
876741 1139640 1
8871 255781 1
121882 1322808 1
330477 703911 1
166819 433819 1
166819 700667 1
806335 1356429 1
806335 1100525 1
427249 780414 1
427249 564348 1
1126707 1137655 1
16264 642889 1
118054 661153 1
431489 438931 1
489682 1480610 1
693305 1036456 1
693305 1428285 1
904692 1139334 1
755472 960272 1
755472 1322224 1
755472 1354103 1
755472 1169374 1
755472 1365636 1
545406 1407983 1
141222 193313 1
969484 218936 1
969484 681585 1
969484 1147890 1
235711 394599 1
235711 476661 1
81633 1504202 1
81633 993025 1
42592 934379 1
42592 903256 1
42592 1342796 1
42592 329759 1
821304 1226377 1
821304 1187094 1
821304 1112984 1
561812 670126 1
561812 894429 1
295844 670324 1
295844 419986 1
295844 409849 1
295844 430370 1
302780 533542 1
302780 352038 1
302780 705268 1
302780 441242 1
36858 133570 1
298386 741291 1
349749 358082 1
349749 445611 1
349749 1030225 1
349749 1424450 1
107506 1262107 1
362919 511461 1
470197 1100021 1
651247 1419567 1
651247 1336880 1
651247 933572 1
478116 578081 1
575189 1288170 1
166927 983017 1
166927 179668 1
662805 1387563 1
159990 1124047 1
159990 1300932 1
491736 1097308 1
491736 1309684 1
261228 669349 1
97237 1126733 1
484291 899323 1
484291 1415631 1
484291 498690 1
46630 433728 1
46630 117385 1
46630 853765 1
46630 1024525 1
46630 593017 1
46630 638966 1
46630 133534 1
46630 626013 1
46630 1071287 1
46630 964830 1
46630 444216 1
46630 1502607 1
46630 909896 1
628945 904597 1
647970 834459 1
618182 1527323 2
1241970 1535988 1
284222 484291 1
284222 1415631 1
284222 899323 1
284222 498690 1
1320322 1424726 1
1131379 1322244 1
418174 1515546 1
418174 963723 1
418174 1233209 1
418174 1421720 1
276891 1029945 1
320330 646739 1
633111 1458291 1
540910 1513946 1
540910 1049045 1
540910 638966 1
1019880 1108008 1
499257 954900 1
499257 985544 1
226133 327525 1
597892 1497834 1
597892 642321 1
342181 1226714 1
342181 504583 1
342181 1011624 1
176301 265642 1
176301 628255 1
176301 1165896 1
176301 328357 1
708211 764011 1
251369 252296 1
303782 966647 1
391126 705749 1
175477 940126 4
175477 1501318 1
175477 543781 2
175477 923384 1
175477 457211 1
175477 228484 1
175477 1004691 8
175477 1124776 3
42133 764081 1
42133 1163738 1
42133 534046 1
42133 846693 1
42133 287126 2
42133 251961 1
990260 1029404 1
512739 1161779 1
203194 260838 1
1183034 1478579 1
302224 854460 1
93716 377089 1
93716 1476558 1
93716 1373738 1
270854 396955 1
399563 527136 1
399563 910932 1
399563 711859 3
285853 1073820 1
285853 357990 1
285853 1502791 2
474309 489001 2
474309 907386 1
474309 693065 2
474309 1298221 1
474309 952515 2
474309 1188430 1
474309 638335 1
1362416 1476170 1
640335 677251 1
223526 1103677 1
223526 333010 1
223526 306864 1
223526 810293 1
223526 472346 1
269719 1055784 1
112562 1206160 1
639682 1043328 2
37499 78791 2
138458 635727 1
433728 1024525 1
433728 444216 1
433728 626013 2
433728 1071287 2
433728 964830 2
433728 593017 2
433728 478874 1
433728 909896 1
1054854 1106040 1
344587 495108 2
557379 1252663 2
54361 423452 1
54361 175168 1
54361 242489 1
183187 364344 2
298669 950800 1
298669 758615 2
298669 598925 1
298669 773963 1
298669 1099124 1
298669 1102620 1
298669 681883 1
298669 519141 2
298669 301940 1
298669 800610 1
298669 1294711 1
123716 1212681 1
123716 490670 1
123716 541900 1
498786 1124242 1
498786 963636 1
454848 838938 1
1140884 1426258 1
43919 1082103 1
644041 1065128 1
87177 125372 1
87177 105915 1
723269 1251711 1
114925 352860 1
1212946 1263395 1
849450 904235 1
504962 747197 2
504962 1417522 1
445672 1351924 1
445672 1100234 1
445672 699035 1
445672 554955 1
445672 1489232 1
445672 656183 1
445672 449433 1
108498 1356429 1
108498 806335 1
108498 560916 1
108498 1100525 1
142493 704882 1
333746 1280129 1
862292 988968 1
326669 1216269 1
326669 1112655 1
31685 967652 1
406570 901834 1
183433 473528 1
814657 1260167 1
9802 302225 1
9802 404945 1
907554 1282905 1
384761 1415730 1
89756 529545 1
89756 192697 1
89756 462852 1
758776 863769 1
338606 1345516 1
338606 1279087 1
228306 1115698 1
228306 648537 1
681379 1486002 1
1328907 51459 1
186591 357048 1
735687 1117687 1
735687 1398603 1
735687 1327368 1
40 1108183 1
14610 1170606 1
1192833 1438219 1
558022 559983 1
558022 1240504 1
273905 1134385 1
273905 1046860 3
273905 1000179 1
273905 805373 1
188407 1400819 1
188407 1467950 1
188407 274036 1
188407 350708 1
188407 468836 1
1124137 1240255 1
547306 831372 1
169459 885678 1
169459 630712 1
169459 1095110 1
169459 1294943 1
610158 1124633 1
1140642 1522751 1
252241 806417 1
252241 1450985 1
252241 1517191 1
252241 845245 1
252241 623031 1
267240 1525257 1
77548 387831 1
77548 1268008 1
77548 557559 1
758489 1476712 1
1030225 1424450 1
144919 164221 1
342996 793642 1
342996 1350224 2
342996 715590 3
8551 1157166 1
8551 605324 1
8551 1140927 1
8551 1016032 1
8551 529636 1
8551 1190499 1
478874 626013 1
478874 593017 1
478874 1071287 1
478874 964830 1
703812 718583 1
825498 1020918 1
1205076 1404326 1
87814 191936 2
87814 444022 1
468707 1114195 1
659538 1016495 1
335181 716433 1
335181 1307291 1
470 941641 1
470 809857 1
470 853765 1
470 480078 1
374021 734023 1
543462 859848 1
543462 823757 1
149125 792619 1
28201 845409 1
28201 821304 1
28201 218656 1
28201 284887 2
28201 777034 1
1128786 1226295 1
