228057 300708 1
228057 349574 1
228057 375539 1
1349797 1516405 2
199391 586252 3
199391 310670 3
673011 1150848 1
673011 1476170 1
72424 1517481 1
72424 403080 1
72424 1442729 1
72424 325170 1
72424 964688 1
72424 138958 1
72424 672888 1
389061 1390084 1
86367 800028 1
86367 936164 1
149492 412623 1
228050 464086 1
221145 828988 1
93252 418146 1
93252 430538 1
93252 1174741 1
1320929 1355939 1
582869 880658 1
107882 509900 1
624388 955668 1
624388 955959 1
624388 1487574 1
992732 1057880 1
1193943 1518157 1
241854 551990 1
261924 657151 1
1081055 1367957 1
393158 452780 1
393158 1506175 1
393158 1260167 1
460468 584107 1
460468 1393215 1
3992 88524 1
730011 1050418 1
1260366 1490184 1
347001 534028 1
347001 979771 1
127700 1164199 1
535589 937745 1
807521 1367049 1
731747 839626 1
497958 1106770 1
74831 97270 1
74831 527025 1
74831 91683 1
74831 1537127 1
212722 1247321 1
212722 1083434 1
212722 563075 1
212722 380291 1
449142 473299 1
449142 630959 1
449142 559146 1
449142 470762 1
449142 1179917 1
449142 1291853 1
259603 584107 1
1010352 1284378 1
1010352 1108296 1
22003 179912 1
74016 1434940 1
74016 1245428 1
74016 1358450 1
420627 569080 1
98489 882549 1
98489 1071546 1
98489 1457335 1
1188025 1453708 1
693967 883271 1
6793 540001 1
230932 957318 1
230932 413944 1
230932 1108610 1
230932 961816 1
230932 574672 1
57722 1440527 1
101765 945893 1
101765 449432 1
23849 833717 1
397388 445330 1
952515 1299289 1
118630 1439965 1
395515 1407960 1
306630 1022250 1
306630 639293 1
306630 334164 1
306630 497404 1
306630 1107371 1
463860 468594 1
635512 999865 1
64875 451709 1
1083434 1247321 1
98317 989231 1
194100 1163622 1
194100 1365636 1
194100 1354103 1
194100 312797 1
467056 927391 1
810438 1061022 3
467725 494875 1
832782 877718 1
242922 428725 1
926286 1309684 1
150771 899567 1
150771 917137 1
277865 1388369 2
277865 653708 2
481862 1172726 1
141549 605056 1
736160 990985 1
333108 703909 1
473316 1004719 1
639518 715780 1
639518 1110039 1
981623 1241743 1
672721 1216441 1
672721 697339 1
754643 1305462 1
98008 677176 1
668969 1267641 1
668969 700854 1
668969 1220865 1
668969 1271851 1
157110 539563 1
923384 1514409 1
1076189 1525115 1
1229391 510098 1
489949 522130 1
834276 920073 1
834276 875343 1
834276 873797 1
874288 972841 1
874288 1478721 1
24889 674257 1
153153 724888 1
345256 610384 1
345256 1000975 1
235565 364287 1
597550 919548 1
597550 822856 1
597550 630315 1
19398 704528 1
321921 404807 1
321921 560916 1
212824 403312 1
846370 1526266 2
1412192 1437641 1
191192 293462 1
1004664 46913 1
1004664 1004665 1
1004665 46913 1
510298 1118753 1
510298 1187094 1
1108296 1284378 1
488839 1040172 1
488839 694423 1
488839 706721 1
488839 1082835 1
481341 1350224 1
53602 137674 5
53602 538785 1
53602 615295 1
1180246 1433398 1
964651 964997 1
964651 1140789 1
33861 1188871 1
524005 1476170 2
106135 1118685 1
190339 1258944 1
829192 881615 1
101833 1438605 2
101833 176408 2
101833 506686 2
99510 122852 2
467158 1201043 1
467158 496506 1
38502 863559 1
38502 1048546 1
38502 797701 1
38502 132058 1
38502 1234684 1
38502 645423 1
38502 465709 1
38502 591341 1
46513 535589 1
46513 937745 1
801941 1030954 1
401721 1075119 1
401721 1494557 1
509900 1237927 1
63594 1140196 1
674364 1454952 2
514627 538785 1
514627 821535 1
564217 785872 1
773963 1099124 1
800644 876923 1
800644 1059632 1
125538 1172240 1
125538 685775 1
125538 179524 1
125538 529616 1
45209 181575 1
380676 398452 1
701714 1191996 1
452780 1506175 1
452780 1260167 1
512052 645740 1
521226 753410 1
1071219 1112331 1
321104 1335309 1
321104 876875 1
1131182 1257950 1
1131182 1301194 1
479258 1252505 2
554707 759704 1
175793 179912 1
175793 231749 1
175793 1141665 1
399341 898994 1
399341 508695 1
399341 1334371 1
49943 461397 1
49943 736971 2
95171 130348 1
95171 973742 2
95171 222413 3
95171 842676 1
95171 119924 1
95171 204926 3
95171 518728 1
95171 379504 3
95171 394859 1
95171 135471 1
95171 745793 3
95171 222058 2
1085998 568357 1
1085998 589933 1
428835 1138515 1
428835 434263 1
428835 763128 1
428835 798603 1
428835 1046031 1
428835 877244 1
428835 961807 1
428835 891483 1
48146 889372 1
48146 1386404 1
465974 848128 1
465974 1238710 1
1076253 1486318 1
187948 1008127 2
264195 423290 1
264195 488839 1
264195 1040172 1
264195 422056 1
264195 1082835 1
264195 706721 1
264195 694423 1
1067381 1118685 1
269728 391775 1
269728 509900 1
269728 587450 1
1228168 1299720 2
179524 1172240 1
179524 685775 1
179524 529616 1
347572 887955 1
347572 1390871 1
347572 709801 1
54395 99172 1
54395 283354 1
757637 1445354 2
757637 985066 1
334164 639293 1
334164 1022250 1
334164 497404 1
334164 1107371 1
296427 763871 1
486470 1535240 1
486470 990109 1
486470 1142747 1
243306 909935 1
243306 1256642 1
243306 1064290 1
243306 456529 1
243306 1210550 1
243306 1220867 1
692316 784836 1
692316 843026 1
79395 765103 1
1467397 1506373 1
840534 1221444 1
368495 585222 1
368495 1540138 1
694423 1082835 1
694423 1040172 1
694423 706721 1
621127 1088374 1
37177 516244 1
37177 1181716 1
263770 285853 1
386972 1540498 1
386972 495257 1
386972 1025355 1
386972 1182562 1
386972 1516135 1
720261 930831 1
539725 1225114 1
691592 1005754 1
691592 1373664 1
68595 1437641 1
68595 134589 1
721390 1237948 1
284790 655369 1
7071 46888 1
630315 919548 1
630315 822856 1
459294 949811 1
459294 970392 1
459294 715801 1
459294 537077 1
752553 1169307 1
752553 793642 1
752553 1181968 1
752553 1350224 1
428305 888374 1
428305 791189 1
428305 889363 1
1212681 1493883 1
1130040 1455407 1
232133 1181382 1
796960 1358786 1
796960 1404931 1
356352 515734 1
622296 788407 1
622296 947203 1
333756 418197 1
934950 1526732 1
15914 1113480 1
15914 1248073 1
548061 945808 1
548061 833717 1
171522 568944 1
23057 108926 1
529201 1181835 1
529201 1420397 1
571805 713541 1
571805 1007444 1
116265 302000 1
116265 890874 1
208893 343547 1
258905 1068836 1
254851 391399 1
254851 351562 1
254851 323917 1
254851 1032990 1
403082 1149384 1
403080 1517481 1
403080 672888 1
403080 1442729 2
403080 412623 1
403080 964688 1
634019 688856 1
570004 1454516 1
230393 470359 1
106433 827558 1
342616 1343051 1
342616 911707 1
342616 1412741 1
529373 1142122 1
529373 1143394 1
336876 938030 1
660439 1418937 1
660439 1391091 2
156819 378318 1
156819 1267641 1
156819 700854 1
156819 1271851 1
156819 447102 1
156819 430416 1
156819 668969 1
156819 1220865 1
126046 169399 1
126046 1319065 1
126046 373209 1
234883 703763 2
234883 320133 1
234883 321647 1
234883 1442810 1
357990 362278 1
357990 769362 1
366432 1443489 1
148093 935840 1
148093 942691 1
540325 872822 1
540325 1391497 1
91683 106264 2
339527 1492352 1
777034 1381827 1
777034 823983 1
777034 1374398 1
1346914 1391310 1
395901 395910 1
545789 970583 1
545789 928566 1
507087 673245 1
507087 507600 1
848626 1238377 1
951744 1530947 1
26627 129691 1
286302 302048 1
150948 537534 1
7451 349806 2
7451 369509 2
306405 1178880 1
27767 590981 1
27767 421940 1
27767 864951 1
27767 569131 1
27767 1534562 1
562668 1401842 1
900461 1230189 1
446369 1294017 1
145438 408047 1
145438 1332383 1
886644 1505681 1
241208 609363 1
517858 571268 1
517858 1054236 1
406582 428725 1
406582 1065440 1
406582 585591 1
406582 679003 1
261733 482685 2
534593 985544 1
547801 998359 1
373209 1319065 1
468594 1362293 3
468594 1253086 2
468594 584078 2
468594 1311417 2
468594 677251 1
13729 365781 1
13729 1113480 1
13729 661153 1
81434 663335 1
81434 816223 1
5998 1407200 1
77116 365126 1
857771 944226 1
529990 701714 1
529990 1191996 1
412623 1221221 1
412623 881426 1
244818 753340 1
244818 399563 1
244818 291075 1
244818 705179 1
355445 596570 3
355445 786042 1
355445 673664 2
462507 806419 1
40517 575797 1
40517 723269 1
40517 82286 1
40517 49576 1
40517 64242 1
40517 411484 1
40517 605892 1
181575 509067 1
443155 758458 1
443155 1275518 1
393161 1405689 1
973624 1007171 1
127738 939785 1
491536 619774 1
563759 637965 1
108630 299282 1
149321 236147 1
653708 1388369 2
149327 909935 1
149327 1256642 1
149327 243306 1
149327 1064290 1
149327 456529 1
149327 1210550 2
149327 1220867 2
960622 1020495 1
715590 1286901 1
200099 1462010 1
1065417 1306674 1
1065417 1112719 1
1065417 1536125 1
1065417 1530618 1
355499 919336 1
404983 654055 1
413916 1121329 1
413916 619009 1
82989 389383 1
327761 491536 1
327761 619774 1
327761 409095 1
477561 571805 1
477561 713541 1
477561 1007444 1
956029 1169337 2
354880 1217555 1
266454 794530 1
559099 1447671 1
469576 719307 1
347644 620786 1
1256275 1297245 1
923626 1153096 1
742654 864542 1
220447 631701 1
505390 1116289 1
614851 642762 1
80589 605713 1
80589 977363 1
80589 1511131 1
22705 1114035 1
176906 564348 1
221237 1408598 1
43689 204133 1
43689 173433 1
22498 68383 1
807537 1436052 1
791003 797071 1
456529 1064290 1
456529 909935 1
456529 1220867 1
456529 1256642 1
456529 1210550 1
128469 835261 1
128469 1457891 1
128469 311054 1
128469 1040354 2
128469 367508 1
1329196 1352338 1
672734 970102 1
672734 1228401 1
672734 870726 1
458014 856014 1
458014 898040 1
458014 789460 1
482937 1244418 1
488428 516856 1
488428 1292072 1
270129 758615 2
270129 290619 1
270129 773963 1
270129 519141 2
270129 1099124 1
270129 687211 1
667680 1079499 1
1143814 1492352 1
240313 1001504 2
240313 741502 1
1395802 1418648 1
1395802 1527842 1
49576 575797 1
49576 723269 1
49576 411484 1
49576 605892 1
49576 82286 1
21603 1087235 1
21603 770457 1
21603 316315 1
141110 415251 1
228040 627849 1
418378 1224852 2
418378 464086 1
208095 834276 1
208095 920073 1
208095 615237 1
208095 873797 1
208095 875343 1
1054091 1271524 1
7981 38635 1
7981 1071219 1
7981 642909 1
7981 1112331 1
139582 524907 1
554955 563745 1
554955 1100234 1
125743 132053 1
125743 1476712 3
125743 705955 1
125743 353779 1
125743 176385 1
255944 346706 1
203977 232159 1
1048777 1534628 1
647798 970102 1
647798 1228401 1
647798 672734 1
647798 870726 1
1004691 1138931 1
460364 460468 1
9292 1250348 1
501460 1442729 1
689934 1228749 1
1516135 1540498 1
70235 1363449 1
368069 585576 1
974838 1226181 1
974838 1032310 1
554816 1099877 1
602852 812309 1
1033704 1421150 1
1167106 1384793 1
1225671 1429789 1
719764 1368728 1
407503 941991 1
464611 1160504 1
1033709 1337131 1
1033709 1444793 1
1033709 1320055 1
709713 845245 1
702720 912416 1
568029 599622 1
669956 1078404 1
672861 907127 1
672861 816223 2
84063 676634 1
84063 594671 1
591255 1325078 1
51846 509900 1
51846 107882 1
823983 1381827 1
823983 1374398 1
159946 494739 1
437158 551441 1
437158 1184432 1
437158 703447 1
437158 458556 1
437158 1428896 1
437158 1089829 1
663335 907127 1
663335 816223 2
663335 672861 1
310853 509900 1
310853 716273 2
310853 570655 1
310853 424166 1
310853 834569 1
310853 857421 1
718966 1179062 2
718966 1305063 2
274593 1396733 1
274593 743787 1
879731 1202652 1
364498 1378660 2
364498 433819 1
364498 1501315 1
364498 552192 2
364498 1078819 1
38635 664327 1
38635 45335 1
38635 1071219 1
38635 642909 1
38635 1112331 1
107706 166607 1
844527 1400087 1
1408674 1494557 1
682491 1467104 1
682491 1388276 1
682491 1115105 1
682491 868527 1
682491 1353683 1
682491 959487 1
682491 886979 1
682491 760836 1
985682 1260366 1
96899 517320 2
96899 1513831 1
96899 1054116 2
7325 254356 1
7325 1320262 1
61995 172361 1
61995 671368 1
61995 510494 1
61995 1004719 1
61995 506981 1
926725 1475999 1
928566 970583 1
232439 587762 1
232439 489206 1
232439 301942 1
104026 671206 1
416999 807537 1
416999 1436052 1
175257 839728 1
175257 669226 1
218413 496515 1
218413 394105 1
21063 385906 1
204274 1230997 1
321778 602209 1
203809 1169959 1
162800 580083 1
583313 1327479 1
2877 951377 1
798603 1046031 1
798603 1138515 1
798603 877244 1
798603 961807 1
798603 891483 1
147516 413643 1
641806 1386287 1
641806 1215838 1
641806 1082072 1
132338 823133 1
528104 769232 1
528104 1027388 1
528104 889576 1
233297 1534649 1
233297 1445649 1
1153678 1496210 2
17830 785493 1
17830 447650 1
787804 1328125 1
79389 408545 1
769484 832372 1
12018 300656 1
12018 865431 1
868799 1153982 2
909935 1064290 1
909935 1220867 1
909935 1256642 1
909935 1210550 1
670891 1008714 1
670891 715741 1
945484 1454339 1
945484 1454567 1
637104 788407 1
637104 769818 1
45899 1535788 1
45899 365749 1
45899 439663 1
44432 988968 1
44432 654626 1
268283 478377 1
137674 538785 2
137674 740734 3
137674 924276 2
137674 1078195 1
8854 474276 1
8854 1504493 1
8854 605713 1
8854 131476 1
8854 88957 1
8854 381009 1
68612 989231 1
68612 98317 1
68612 68721 1
334571 970392 1
334571 715801 1
334571 459294 1
769154 769232 1
699577 963489 1
287898 793176 1
287898 1306708 1
287898 1186202 1
437570 1253804 1
437570 475760 1
527039 582388 2
527039 1412711 1
84422 941372 1
83134 1150870 1
243409 259137 1
433672 758594 1
183097 1360993 1
659607 791555 1
659607 1503650 1
1099153 1352982 1
442156 817410 1
1513442 1539320 2
67680 1380974 1
54224 1447218 1
399724 1254160 1
378318 668969 1
378318 1267641 1
378318 700854 1
378318 1271851 1
378318 447102 1
378318 430416 1
378318 1220865 1
695501 1442743 1
538518 1251732 1
159767 1385151 1
559879 1379854 1
520758 1393231 1
590981 864951 1
590981 1534562 1
620285 770654 1
620285 955959 1
620285 717454 1
620285 1253535 1
620286 1004691 1
620286 636371 1
375444 1138515 1
375444 434263 1
375444 763128 1
375444 798603 1
375444 1046031 1
375444 877244 1
375444 428835 1
375444 961807 1
375444 891483 1
176407 1476392 1
441575 850925 1
330634 1448968 1
330634 519282 1
13848 1215998 1
19345 524005 2
19345 1476170 2
19345 184738 2
620069 684201 1
1312576 1445507 1
894815 1481317 1
615001 938727 1
615001 985087 1
430278 856668 1
894813 899373 1
447650 785493 1
556049 1292390 1
350342 806417 1
350342 1023460 1
983218 1096125 1
29594 149321 1
29594 110216 1
29594 236147 1
5619 38502 1
5619 863559 1
5619 1048546 1
5619 797701 1
5619 132058 1
5619 1234684 1
5619 645423 1
5619 465709 1
5619 591341 1
393775 856668 1
1245428 1434940 1
1245428 1358450 1
1007987 1432768 1
503685 1070173 1
503685 665197 1
443096 571011 1
300708 349574 1
300708 375539 1
610384 1000975 1
710783 944445 1
710783 881642 1
88957 474276 1
88957 605713 1
225316 712178 1
180764 705218 1
1413796 1523135 2
187727 1163223 1
529158 860747 1
364632 883259 3
364632 825946 2
442577 672539 1
442577 838322 1
442577 462808 1
196252 813105 1
196252 415128 1
312774 1107460 1
22246 1104488 2
22246 1176897 2
370275 970102 1
370275 504731 1
370275 1228401 1
370275 581365 1
370275 470860 1
370275 870726 1
370275 428032 1
370275 672734 1
370275 647798 1
370275 569842 1
24429 385661 1
24429 261262 1
24429 1453208 1
702124 934950 1
702124 1526732 1
187262 333108 1
187262 703909 2
25917 709570 1
25917 240987 1
25917 959933 2
66883 248994 1
66883 584107 1
66883 911904 2
66883 1393215 1
66883 1339007 1
66883 343549 1
66883 569131 1
66883 647970 1
66883 460468 1
66883 298789 1
220148 735999 1
224681 488393 1
224681 544327 1
686503 1310959 1
1332361 1511474 1
425329 990985 1
425329 736160 1
712475 1047578 1
99563 508195 1
214505 1067306 1
214505 1420065 1
214505 504926 1
74582 79689 1
424493 477261 1
661153 740800 1
369032 489949 1
369032 522130 1
661158 1338744 1
661158 899567 1
189003 1472132 1
189003 387410 1
201142 1001929 1
201142 805651 1
1000135 1486762 1
23860 625969 1
23860 1187868 1
759145 961566 1
759145 1366836 1
759145 921066 1
1358450 1434940 1
308457 533902 1
594408 788504 1
594408 1372758 1
253712 672880 1
253712 1008714 1
253712 1082980 1
253712 670891 1
253712 715741 1
1029868 1131794 2
1029868 1506400 2
1020728 1343079 2
1020728 1294537 2
191338 220844 2
82953 396496 1
82953 847648 2
82953 324111 1
82953 273382 2
744747 1493883 1
744747 1212681 1
966630 1323163 1
60249 62105 1
60249 1145980 1
60249 887309 1
53997 1286147 1
53997 155767 1
36221 684201 1
36221 852709 1
562869 1518157 1
562869 1193943 1
206682 970102 1
206682 504731 1
206682 1228401 1
206682 581365 1
206682 470860 1
206682 870726 1
206682 428032 1
206682 370275 1
206682 672734 1
206682 647798 1
206682 569842 1
89117 1043629 1
89117 140848 1
320981 793642 1
320981 1181968 1
320981 752553 1
320981 1169307 1
320981 342996 1
320981 1350224 1
293445 511377 1
741205 1189239 1
741205 754443 1
741205 992149 1
755247 819019 1
454967 1437879 1
454967 836318 1
121941 1391310 1
121941 1346914 1
401820 624501 1
1164496 1237363 1
562880 1029315 1
562880 1530618 1
562880 1112719 1
562880 1306674 1
562880 1065417 1
562880 1536125 1
93309 1460434 1
93309 281782 1
93309 1461898 1
93309 214810 2
333221 1112099 1
889372 1386404 1
84452 600529 1
84452 608032 1
630959 1291853 1
630959 1179917 1
80175 1260366 1
80175 985682 1
337211 791100 1
152849 172895 1
557485 1358946 1
669329 1276577 1
4837 937154 1
4837 536091 1
4837 502466 1
4837 1335110 1
4837 274827 1
4837 763876 1
312826 1463302 1
36729 936342 1
494767 501081 1
1185079 1286614 3
139912 541576 1
139912 742301 1
963455 1098928 1
720061 950202 1
204049 1018107 1
889734 1419743 1
118529 975682 1
118529 243356 1
118529 1163713 1
118529 399877 1
48546 964997 1
48546 1140789 1
48546 964651 1
785098 793642 1
172361 1004719 1
340014 763128 1
802514 1101285 1
801318 1524656 1
406829 826029 1
406829 475403 1
711202 1035136 1
570387 1237948 1
134966 1193830 1
134960 398881 1
78739 1379854 1
78739 559879 1
1092 120121 1
1092 842363 1
1092 571053 1
1445649 1534649 1
386474 1233939 1
64905 688733 1
578733 949907 1
167403 705268 1
173963 983218 1
173963 1096125 1
173963 349749 1
518065 1004326 1
90116 256430 1
473735 701714 1
473735 1191996 1
473735 529990 1
9417 1276577 1
9417 669329 1
565015 594408 1
85919 447372 1
246751 417552 1
246751 853765 1
246751 676915 1
246751 1352680 1
444022 1274343 1
134899 1035820 1
477342 746433 1
477342 571728 1
254356 1177725 1
254356 1320262 1
695164 955284 1
30437 1152938 1
30437 1496701 1
471912 1007171 1
471912 549512 1
118154 1106172 1
173581 638335 1
173581 211498 1
173581 693065 1
775697 1335722 1
775697 833571 1
775697 1130166 3
236055 821304 1
236055 911006 1
236055 421066 1
470359 1304812 1
470359 524370 2
41542 757227 1
41542 561812 1
299776 327051 1
426233 692419 1
804 1253086 1
804 1096136 1
26822 236234 1
26822 591674 1
26822 1537540 1
708916 1202652 1
530601 1165064 1
530601 969124 1
530601 1226223 1
378000 1219349 1
1120181 1494557 1
1120181 1481635 1
285861 435368 1
285861 693646 1
285861 363154 1
977988 1258732 1
94815 481862 2
48565 1286447 1
268293 398083 2
37209 837357 1
37209 326205 1
37209 570109 1
769818 788407 1
278044 1123486 1
469973 783071 1
876923 1059632 1
158916 329063 2
30506 510178 1
34885 658044 1
34885 323600 1
803252 1536183 1
803252 1518374 1
15932 844802 1
15932 1412046 1
487014 1456513 1
1311417 1362293 2
115462 379187 1
115462 705179 1
115462 784789 1
115462 639906 1
1257950 1301194 1
302346 443401 1
706721 1082835 1
706721 1040172 1
1260167 1506175 1
151768 885075 1
109464 967565 1
109464 1090316 1
559867 1355907 1
394188 419757 1
777908 1169142 1
777908 793476 1
1181968 1396364 1
1181968 1350224 1
629029 1004691 1
955668 1487574 1
955668 955959 1
483149 784746 1
483149 782222 1
467916 849401 1
290619 773963 1
290619 758615 1
290619 519141 1
290619 638301 1
290619 1099124 1
156526 753340 1
156526 459747 1
156526 916768 1
394617 662969 1
394617 1510513 1
529353 801499 1
829296 1232961 1
1306674 1536125 1
1306674 1530618 1
889576 1027388 1
13858 525665 1
712555 809081 1
50873 1072816 1
165101 873060 1
1002845 1048777 2
1002845 1534628 1
648842 736971 1
370469 432785 1
370469 494737 1
585222 1540138 1
325661 486771 1
970292 992069 1
66960 699821 1
306428 758508 1
374789 561812 1
516795 1106212 1
505512 676486 1
765883 1432228 1
834542 1494150 1
66565 1167213 1
66565 896847 1
66565 70227 1
882549 1071546 2
882549 1361047 1
882549 1457335 1
73701 545581 1
156746 985465 1
392979 784108 1
171630 954759 1
455860 1334436 1
338300 385686 1
581365 970102 1
581365 1228401 1
581365 672734 1
581365 647798 1
581365 870726 1
792000 929857 1
196227 1477057 1
109089 954924 1
109089 255053 1
109089 175477 4
366561 684201 5
93595 1428180 1
977363 1511131 1
677293 1247772 1
377949 933485 1
777872 840534 1
777872 1221444 1
220138 539332 1
220138 331920 1
328967 362309 1
145135 412623 2
374303 847497 1
374303 1184430 1
374303 674632 1
696297 937961 1
23386 131719 1
23386 1506728 1
218953 411251 1
218953 604016 1
218953 235741 1
218953 224193 1
715780 1110039 1
171758 203809 1
171758 1169959 1
972841 1478721 1
612239 1142218 1
279958 403080 1
279958 1442729 1
21665 1212681 1
21665 1493883 1
21665 744230 1
21665 744747 1
228484 672539 1
228484 462808 1
228484 383492 1
228484 442577 1
198964 318470 1
245590 393710 1
507972 577719 1
507972 760932 1
507972 635392 1
96188 995963 1
131090 615001 3
131090 938727 1
131090 985087 1
131090 578303 1
458673 1299720 1
458673 1228168 1
716273 834569 1
758458 1275518 1
318187 975905 1
1066423 1324004 1
1066423 1401869 1
614728 1334247 1
396842 433315 1
574528 1131794 1
574528 1506400 1
574528 1029868 1
345153 1160667 1
155516 416720 1
766753 1203803 1
766753 1271286 1
766753 683649 1
113778 1455407 1
113778 1130040 1
382237 1266820 1
382237 1542031 1
405271 1494347 1
1102253 1513736 1
52343 324196 1
741502 1001504 1
163500 794389 1
110216 149321 1
110216 236147 1
431166 488428 1
431166 516856 1
431166 1292072 1
1184446 1241270 1
13511 753340 3
13511 244818 1
2213 822586 1
2213 26050 1
2213 393103 1
561854 722515 1
561854 1332854 1
561854 1255781 1
46078 555493 1
351562 391399 1
351562 1032990 1
165257 710810 1
656190 838591 1
329813 622489 1
323532 609679 1
1307338 1372861 2
191014 203298 2
191014 848128 2
191014 1238710 2
191014 451482 2
191014 465974 1
28549 1159566 1
589049 1523169 1
589049 1287572 1
589049 1043788 1
589049 712539 1
512053 580796 1
304606 533902 1
304606 308457 1
1233873 1492251 1
16355 19345 1
16355 524005 1
16355 1476170 1
16355 184738 1
719149 535198 1
209080 806417 1
209080 795050 1
209080 1023460 1
209080 350342 1
350568 1365463 1
604921 863769 1
604921 915526 1
604921 754856 1
1041282 1351803 1
1494557 1513946 1
251149 341936 1
85446 1316087 1
995231 1058840 1
314375 351535 1
314375 853840 1
314375 825220 1
90275 937154 1
261262 385661 1
261262 1453208 1
173806 309632 2
140999 226147 1
140999 723036 1
588542 610219 1
260794 295346 1
70227 1167213 1
97270 1481635 1
97270 527025 1
97270 541900 1
673574 917191 1
17776 364287 1
17776 716669 1
17776 235565 1
17776 734292 1
52762 724888 1
870066 951038 1
36960 1425469 1
21246 130348 1
21246 973742 1
21246 222413 3
21246 842676 1
21246 119924 1
21246 204926 2
21246 39999 2
21246 518728 1
21246 379504 2
21246 394859 1
21246 135471 1
21246 95171 2
21246 745793 2
21246 222058 1
52564 637454 1
802507 1270731 1
296924 1182562 1
296924 1025355 1
296924 495257 1
296924 1540498 1
296924 1516135 1
296924 386972 1
419965 680431 1
963667 1212958 1
963667 1216861 1
883620 982554 1
883620 896862 1
883620 1417441 1
569842 970102 1
569842 1228401 1
569842 581365 1
569842 870726 1
569842 672734 1
569842 647798 1
21249 230433 1
118945 932870 2
118945 369509 1
476597 962240 1
1404326 1454908 2
570534 583431 1
570534 1376168 1
270840 709713 1
270840 845245 1
270840 623031 1
1084221 1282401 1
256589 351535 1
256589 314375 1
256589 853840 1
256589 825220 1
80540 246590 1
225739 630215 1
478337 1240590 1
107712 1108455 1
699821 1225379 1
14673 244818 1
14673 1389164 1
14673 676044 1
14673 661007 1
14673 680418 1
122822 824286 1
200621 784746 1
200621 782222 1
200621 483149 1
688867 708673 1
514819 958095 1
514819 1354369 1
106076 287418 1
1036924 1294730 1
1232921 1238911 1
63090 736173 1
14989 1040354 2
14989 311054 1
14989 835261 1
14989 128469 2
14989 1457891 1
14989 367508 1
343380 630121 1
343380 1527392 1
343380 725632 1
10766 621087 1
10766 303716 1
985066 1445354 1
1229341 1355939 1
1229341 1320929 1
125386 524370 1
141710 1154051 1
102988 377949 1
102988 933485 1
840502 1472446 1
1159767 1386817 1
525151 1048777 1
525151 1002845 1
548252 1386287 1
548252 641806 1
548252 1215838 1
548252 1082072 1
364581 985656 1
557132 560153 1
557132 611383 1
21869 198899 1
21869 338300 1
21869 862193 1
21869 902833 1
21869 385686 1
21869 1140967 1
411389 1213575 1
403334 1242689 1
403334 563024 1
403334 809448 1
403334 1246648 1
403334 575428 1
132866 1289892 1
647970 1304250 1
647970 716433 1
614120 1050864 1
20044 1120181 1
30518 995231 1
30518 1058840 1
637475 1494068 1
637475 1204061 1
963489 46913 2
963489 1004664 1
963489 1004665 2
584078 1362293 2
584078 1311417 2
936164 963955 2
264568 1271524 1
264568 424407 1
264568 1054091 1
264568 339224 1
504926 1420065 1
804919 1223766 1
804919 1314723 1
713301 1523135 1
713301 1413796 1
511832 793948 2
433614 731489 1
83155 280035 2
83155 577360 1
14325 693065 1
14325 160938 1
14325 638335 1
14325 211498 1
14325 173581 1
108472 765627 2
120121 571053 1
120121 842363 1
238190 505890 1
238190 1042155 1
986115 1113418 1
438123 833916 1
183545 1475736 1
183545 1480997 2
212172 475458 2
339224 1271524 1
339224 1054091 2
339224 424407 1
264890 1158602 1
264890 1124581 1
356497 394935 1
403055 1011142 1
403055 458344 2
180947 1189239 1
180947 754443 1
180947 992149 1
180947 741205 1
169125 261733 2
169125 482685 2
29911 130955 1
29911 564796 1
71767 1319605 1
71767 232445 1
71767 794795 1
417552 1352680 1
838322 1140477 1
316804 1124592 2
713541 1007444 1
273727 558631 1
273727 1540342 1
273727 385827 1
273727 468491 1
132043 1150848 1
132043 1476170 1
337683 537157 1
144570 314938 1
144570 760932 1
144570 577719 1
144570 507972 1
144570 635392 1
40444 994351 1
40444 631671 1
40444 200991 1
40444 84772 1
384439 1454908 1
384439 782230 1
384439 1404326 1
14520 1513451 1
92501 471155 1
92501 857597 1
691148 1206953 2
330158 992656 1
72865 697866 1
72865 566300 1
72865 1255869 1
771306 1494347 1
630121 1527392 1
862259 1350227 1
145402 1027530 1
145402 395630 1
145402 371894 1
145402 1506373 1
145402 1467397 1
145402 568432 1
145402 314560 1
145402 249250 2
1140335 1458672 1
739455 764775 1
788504 1372758 1
241149 713301 1
241149 1523135 1
241149 1413796 1
32475 1260040 1
73117 1234684 1
23482 397055 1
23482 367547 1
193313 429924 2
193313 862268 1
793642 1169307 1
793642 1181968 1
793642 1350224 2
1350519 1512426 1
132689 471912 1
132689 1007171 1
132689 549512 1
47006 554301 1
47006 931448 1
47006 1084098 1
677067 711067 1
677067 1123757 1
677067 1183646 1
72467 1437035 1
881480 1027696 1
240819 889745 1
240819 901234 1
859428 869975 1
665633 849593 1
665633 1131279 1
665633 975258 1
558925 788407 5
558925 1020918 1
558925 637104 1
558925 947203 1
558925 769818 1
558925 585484 1
558925 622296 1
552188 612239 1
552188 1142218 1
311054 835261 1
311054 1457891 1
311054 367508 1
311054 1040354 1
322127 718069 1
322127 1409645 1
322127 784789 1
975169 1049298 1
90862 743120 1
90862 532201 1
214460 341813 1
30630 680431 1
30630 522775 1
643515 1071494 1
643515 1484010 1
373147 680431 1
373147 419965 1
239487 1397554 1
338206 990985 1
338206 736160 1
338206 425329 1
1179062 1305063 2
625969 1187868 1
431721 488882 1
431721 1045972 1
794795 1319605 3
179984 826879 1
179984 1144712 1
576266 1037800 1
536142 1357197 1
1025355 1540498 1
1025355 1182562 1
1025355 1516135 1
72516 78157 1
702246 798150 1
702246 1356355 1
702246 1482696 1
382398 683509 1
576068 576266 1
576068 1037800 1
369509 932870 1
22532 594440 1
22532 558061 1
13884 257751 1
13884 1409645 1
13884 396772 1
13884 322127 1
808473 1520547 1
552192 1501315 1
710076 1152383 1
188399 881480 1
188399 853938 1
188399 1027696 1
380291 1247321 1
380291 1083434 1
380291 563075 1
839758 952745 1
839758 1245097 1
839758 1228863 1
839758 1522712 1
839758 1476478 1
405684 1492352 1
90454 661153 2
90454 740800 1
711941 1389408 1
711941 1093747 1
17348 338733 1
974973 1166384 1
908321 1338611 1
177135 992069 1
177135 970292 1
874482 883784 1
816698 1426242 1
816698 835219 1
88066 405684 1
88066 1492352 2
88066 339527 1
662969 1510513 1
476104 1179022 1
1272062 1325512 1
88069 970713 1
1030842 1172726 1
1030842 1483998 1
334496 1382265 1
26192 152849 1
235741 411251 1
235741 604016 1
131334 676695 1
1 782853 1
1 1110210 1
1013859 1258474 1
635392 1150929 2
635392 760932 1
662125 791757 1
1415615 293417 1
1415615 377037 1
550637 1038774 1
550637 1248966 1
550637 1239515 1
328357 628255 1
328357 1165896 1
97644 1090514 1
97644 1456350 1
801537 1365534 1
404226 551797 1
854046 1044617 1
763392 1410941 1
378843 1020306 1
378843 666976 1
378843 1391774 1
279088 556104 1
490670 1212681 1
510494 671368 1
510494 1019855 1
65543 1189239 1
65543 754443 1
65543 741205 1
65543 992149 1
65543 180947 1
571728 746433 1
924009 1167494 1
409177 478047 2
270717 403423 1
1360228 1386929 1
927996 932184 1
927996 1173706 1
218059 807521 3
218059 494737 1
218059 713390 1
362278 769362 1
362278 849098 1
362278 660144 1
990109 1142747 1
424166 1253086 1
424166 509900 1
424166 451704 1
424166 468594 1
104114 537295 1
104114 476448 1
660549 913903 1
135435 170726 1
135435 1002607 1
390404 838591 1
799343 1450204 1
53317 992750 1
422682 1330850 1
801621 811998 1
801621 1434803 1
683649 1271286 1
683649 1203803 1
683649 766753 1
391463 910873 2
660116 682848 1
269693 891213 1
269693 290420 2
1162135 1406044 1
771942 1526266 2
771942 846370 2
265176 443291 1
967565 1090316 2
1112719 1306674 1
1112719 1530618 1
1112719 1536125 1
472843 514819 1
472843 958095 1
472843 1354369 1
122923 1008780 2
122923 230433 2
1054116 1513831 1
36802 1156868 1
36802 1248966 1
1096136 1253086 1
619199 923626 1
619199 1153096 1
465684 985236 2
481630 938999 1
481631 681189 1
481631 1105012 1
285803 528304 1
654273 1189637 1
175648 1118685 1
175648 1067381 1
175648 714813 1
513091 615091 1
513091 1215278 1
106663 129567 1
99172 201142 1
99172 1001929 1
99172 283354 1
99172 805651 1
915149 367037 1
915149 1394606 1
252965 1323163 1
252965 966630 1
83431 801297 1
264310 433614 2
264310 293421 1
636602 949633 1
112268 323917 1
112268 351562 1
112268 1032990 1
112268 391399 1
112268 135471 1
112268 254851 1
37637 1352338 1
37637 867442 2
37637 614225 1
37637 1247857 1
37637 1329196 1
342241 953931 1
45335 664327 1
679003 1065440 1
211666 1515119 1
175640 321647 1
175640 1442810 1
175640 320133 1
175640 198398 2
175640 703763 2
175640 234883 2
149973 473193 1
945899 1163238 1
176954 740082 1
176954 182211 1
71157 173858 1
71157 1351471 1
71157 179594 1
30168 93298 1
30168 591195 1
30168 586933 1
30168 1301267 1
228481 882754 1
84529 404224 1
58498 208943 1
432887 618321 1
870726 970102 1
870726 1228401 1
630608 857485 1
108688 1253086 2
685775 1172240 1
648195 992732 1
648195 1057880 1
9387 246590 1
9387 509900 1
9387 80540 1
9387 51846 1
9387 107882 1
20059 716433 1
1046031 1138515 1
644752 1313584 1
676044 680418 4
798 568357 1
798 374618 1
798 38690 1
798 408282 1
798 1435518 1
798 999174 1
798 1357777 1
477258 712648 1
477258 529679 1
636260 687093 1
636260 1399701 1
347996 866651 1
314560 1027530 1
314560 1506373 1
314560 371894 1
314560 395630 1
314560 1467397 1
314560 568432 1
273804 800416 1
695243 577719 1
695243 144570 1
695243 760932 1
695243 507972 1
695243 314938 1
695243 635392 1
752003 1157839 2
83360 1043695 1
418736 486033 1
284224 321258 1
284224 299445 1
187675 759700 1
541900 1481635 1
108461 1026133 1
699813 1239755 1
699813 1337069 1
14681 1225191 1
20418 67680 1
20418 1380974 1
229281 406135 1
229281 1511474 1
229281 447486 1
207133 807537 1
207133 416999 1
207133 1436052 1
432661 619781 1
432661 635727 1
171291 620285 1
171291 955959 1
171291 1253535 1
171291 717454 1
171291 770654 1
600568 637822 2
711531 1013364 1
718069 784789 1
175996 838799 1
132053 1476712 1
758615 773963 2
758615 1099124 1
88521 1358946 3
88521 1175155 1
88521 557485 1
88521 529373 1
88521 1143394 1
88521 197735 1
88521 1142122 2
88521 411846 1
23657 1390084 1
282211 596335 1
132058 863559 1
132058 1048546 1
132058 797701 1
132058 1234684 1
132058 645423 1
132058 465709 1
132058 591341 1
299561 539841 1
638444 396580 1
638442 1494150 1
648537 1393215 1
370441 816698 1
370441 1426242 1
273442 569131 1
273442 1331824 1
642909 1112331 1
642909 1071219 1
359971 554707 1
359971 759704 1
291795 1343083 1
291795 1118545 1
437900 537077 1
237877 829093 1
471155 857597 1
988618 1507637 1
301942 587762 1
301942 489206 1
444572 820572 1
186473 437900 1
186473 404764 1
186473 537077 1
318501 1445161 3
267837 1309463 1
138167 1317619 1
186475 607688 1
66057 223999 1
66057 297089 1
66057 534798 1
66057 318684 1
816223 907127 2
393789 538938 1
795891 866687 1
1165064 1226223 1
360389 1020306 1
360389 1391774 1
360389 666976 1
360389 378843 1
933487 1084221 1
933487 1282401 1
589333 894815 1
589333 1481317 1
758508 985236 1
758508 876032 1
758508 926464 1
104252 355499 1
104252 919336 1
507600 673245 1
507600 834602 1
239497 534842 1
15311 380676 1
635727 705179 1
635727 821535 1
374699 867195 1
374699 1456461 1
187293 1160016 1
187293 1250955 1
391399 1032990 1
127607 1264452 1
298789 1339007 1
504731 970102 1
504731 1228401 1
504731 581365 1
504731 870726 1
504731 672734 1
504731 647798 1
504731 569842 1
155680 1010621 1
289599 469818 1
1518157 243609 1
1518157 121222 1
1518157 1222276 2
19320 105413 1
19320 604775 1
122749 725635 1
1247857 1352338 1
1247857 1329196 1
988381 1078959 1
373629 583431 1
373629 570534 1
373629 522560 1
373629 1376168 1
672685 1353714 1
31944 265732 1
173121 659301 1
173121 1077127 1
78939 373629 1
78939 583431 1
78939 570534 1
78939 522560 1
78939 1376168 1
1171168 1290688 1
204939 247813 1
204939 437158 1
204939 551441 1
204939 1184432 1
204939 1428896 1
204939 458556 1
204939 703447 1
204939 1089829 1
344364 563745 1
344364 469346 1
344364 554955 1
344364 487894 1
344364 1100234 1
96383 336530 1
835261 1457891 1
835261 1040354 1
634701 784836 1
634701 692316 1
634701 843026 1
833717 945808 1
32915 636871 1
32915 697789 2
32915 213332 2
190989 775637 1
190989 243284 1
103939 106209 1
103939 769154 1
103939 769232 1
96299 1489023 1
106050 233162 1
354112 909021 3
354112 482870 3
220644 534329 1
277528 779228 1
55841 247813 1
55841 437158 1
55841 204939 1
55841 551441 1
55841 1184432 1
55841 1428896 1
55841 458556 1
55841 703447 1
55841 1089829 1
65314 430575 1
240513 829296 1
240513 1232961 1
17376 699821 1
17376 66960 1
17376 646243 1
817773 1378995 1
1050129 1383512 1
1050129 1054854 1
1163622 1354103 1
1163622 1365636 1
120924 1002570 2
120924 1032574 1
141246 488428 1
141246 1292072 1
141246 431166 1
141246 516856 1
17352 203931 1
17352 389731 1
870480 947924 1
1239755 1337069 1
82563 393158 1
82563 452780 1
82563 1506175 1
82563 1260167 1
250126 482092 1
287601 1197622 1
287601 29229 1
287601 1068432 1
641115 1029404 1
51148 787123 2
903433 981064 1
903433 1062646 1
257027 823860 1
65958 364632 2
65958 115349 2
65958 883259 2
65958 825946 1
309175 728624 1
235797 1516816 1
97655 266523 1
97655 1332854 1
97655 561854 1
277743 388334 1
277743 1534319 1
3490 106172 1
5095 9292 1
5095 977988 1
5095 557181 2
5095 1250348 1
5095 1258732 1
550484 789014 1
861017 948809 1
195272 1097912 1
259542 1046578 1
203931 389731 1
311851 621762 1
148286 1392839 1
148286 195445 1
148286 901934 1
2523 1008482 1
2523 1226355 1
2523 446327 1
2523 796099 1
715741 1008714 2
1275481 1282028 1
231327 959612 1
231327 541892 1
1112099 1119412 1
697078 1539148 1
135556 1246963 1
890118 1054854 1
890118 1050129 1
890118 1383512 1
890118 1024123 1
581053 1137240 1
184774 285082 1
184774 1360145 1
533546 907192 1
533546 730969 1
128882 493012 2
404303 460468 1
404302 1237363 1
404302 1164496 1
618105 864644 1
618105 809448 1
618105 1481366 1
618105 1403695 1
1154859 1508765 1
1267641 1271851 1
367037 1394606 1
1419470 1440234 1
1180788 1347007 1
269683 545634 1
208587 321778 1
208587 602209 1
208587 1349854 1
39825 1462010 1
39825 200099 1
476541 530620 1
1828 210720 1
1828 1032271 1
1040760 1468936 1
410098 1046860 1
410098 1000179 2
410098 1304059 1
4402 1449398 1
310443 1419456 1
113059 470359 1
113059 857771 1
113059 117385 1
113059 167628 1
113059 1150309 1
113059 402579 1
113059 944226 1
113059 332977 2
113059 540910 3
113059 639906 1
113059 607778 1
163150 380381 1
293518 953933 1
317837 462406 1
394859 973742 1
394859 518728 1
394859 745793 1
368116 1386287 1
368116 641806 1
368116 1215838 1
368116 548252 1
368116 1082072 1
426865 1192262 1
53231 1462475 1
513085 1487882 1
285293 586561 1
104837 1245687 1
791189 888374 1
791189 889363 1
204328 503680 1
204328 874482 1
204328 883784 1
204328 596516 1
805428 827558 1
609785 727667 1
718215 1348561 1
160338 278492 1
160338 916768 1
124500 338062 1
506981 671368 1
506981 510494 1
106697 899373 4
106697 894813 1
455723 801621 1
455723 811998 1
455723 1434803 1
833084 1003158 1
833084 1484822 1
390300 524824 1
367327 501001 1
3474 1237793 1
3474 203050 1
3474 972124 1
3474 204410 1
999869 1250702 1
801297 991000 1
775339 973624 1
775339 1007171 1
910535 1234080 1
185340 693967 1
58801 117385 1
58801 818469 2
58801 113059 1
478512 805651 1
284311 1387592 1
470762 473299 1
470762 559146 1
470762 630959 1
470762 1179917 1
470762 1291853 1
582374 720874 1
566600 839595 1
264129 402579 1
202887 696708 1
534135 969725 1
331300 866651 1
331300 347996 1
910321 1097168 1
563798 1301325 1
363154 1534337 1
363154 693646 1
363154 656183 1
363154 435368 1
211498 638335 1
211498 693065 1
708094 744230 1
157681 1327368 1
202889 207938 1
58377 365567 1
784 1440122 2
1217058 1120843 1
157754 279088 1
157754 556104 2
157754 223915 1
157754 205811 1
269064 360389 1
269064 780940 1
269064 1391774 2
269064 378843 1
269064 1020306 1
269064 666976 1
343297 1029404 1
129175 1454908 1
129175 782230 1
129175 1404326 1
129175 384439 1
860679 986115 1
860679 1113418 1
480269 935340 1
23505 821304 1
83886 319768 1
83886 1098859 1
83886 1476712 1
410476 831958 1
465686 506070 1
465686 1124218 1
940126 1124776 1
248994 1523070 2
248994 343549 3
248994 584107 2
248994 460468 1
248994 1393215 3
516856 1292072 1
451140 663647 1
72065 245590 1
1253086 1331977 1
749896 985910 1
826533 973401 1
437336 1108183 1
323600 658044 1
975682 1163713 1
539778 1104842 1
938345 14134855 1
452779 1486223 1
129775 226995 1
129775 1405689 1
129775 180112 1
129775 344077 1
129775 393161 1
129775 424542 1
62105 887309 1
62105 1145980 1
77922 503680 1
77922 874482 1
77922 173433 1
77922 204328 1
77922 883784 1
77922 596516 1
979931 980257 1
171280 1182619 1
37650 1461898 1
37650 214810 1
37650 93309 1
571830 1511474 1
1186958 1493294 1
263655 744874 1
263655 542730 1
788922 892017 1
788922 1468247 2
975080 1373477 1
474276 605713 1
577719 635392 1
577719 760932 1
529679 712648 1
115541 1139178 1
450857 846298 1
145554 1191541 1
145554 557639 2
145554 718276 1
145554 952162 1
145554 844571 1
145554 385906 1
145554 337601 1
145554 1282401 2
145554 933487 1
145554 812648 3
145554 1084221 1
106996 680120 1
169369 753340 1
169369 460468 1
169369 404303 1
242869 669826 1
291541 881615 2
291541 829192 1
563745 1100234 1
1088387 1209354 1
662737 797979 1
97818 724706 1
369156 1506538 1
306275 1005754 1
306275 691592 1
306275 1373664 1
306273 720057 1
421066 911006 1
301972 649084 1
301972 730806 1
233236 793176 1
233236 287898 1
233236 1186202 1
233236 1306708 1
91729 655602 1
91729 200930 1
541576 742301 1
353779 1476712 1
353779 705955 1
541571 963667 1
541571 1216861 1
541571 1212958 1
542592 927834 1
174945 592983 1
697866 1255869 1
11672 762892 1
89110 760436 1
624360 793486 1
216943 1147288 1
216943 854831 1
782230 1454908 1
782230 1404326 1
519317 563759 1
508133 612929 1
898912 1140335 1
898912 1458672 1
138446 473299 1
138446 244900 1
138446 298950 1
138446 320724 1
138446 630959 1
138446 449142 1
138446 149438 1
138446 559146 1
138446 470762 1
138446 1179917 1
138446 1291853 1
108323 136399 1
108323 744237 1
108323 387302 1
108323 377155 1
6419 756856 1
6419 1221347 1
131280 505512 1
131280 676486 1
1105767 1476170 1
38236 1238911 1
38236 351714 1
38236 1232921 1
38236 457014 1
825946 883259 1
672923 922459 1
143278 423290 1
143278 488839 1
143278 1040172 1
143278 422056 1
143278 264195 1
143278 1082835 1
143278 706721 1
143278 212052 1
143278 694423 1
130351 1092775 1
130351 1001915 1
130351 550209 1
624196 474634 1
957004 1121386 1
200901 1117157 1
82286 1290135 1
82286 349499 1
82286 575797 1
82286 173394 1
82286 723269 1
82286 1490184 1
82286 1260366 1
82286 294346 1
82286 411484 1
82286 605892 1
82286 585484 1
796302 1180115 1
696719 857796 1
184345 278448 1
880868 1330061 1
880868 1419470 1
313669 313682 1
204926 602451 1
204926 842676 1
204926 973742 2
204926 222413 3
204926 995199 1
204926 518728 1
204926 379504 3
204926 394859 1
204926 745793 3
204926 222058 2
344077 424542 1
96449 721414 1
96449 421607 1
561732 568357 1
561732 589933 1
561732 1474403 1
561732 1085998 1
263857 401059 1
553546 915037 1
1328907 490006 1
92703 363179 1
92703 1437913 1
92703 314737 1
733745 1067528 1
733745 887575 1
224003 937154 1
497404 639293 1
497404 1022250 1
497404 1107371 1
319768 1098859 1
215 431450 1
429924 862268 1
131476 937154 1
131476 248994 1
131476 584107 1
131476 274827 1
423242 1494150 2
449322 843950 1
56637 1439965 1
56637 97280 1
709908 1066376 1
709908 1413295 1
193512 801621 1
193512 455723 1
193512 811998 1
193512 1434803 1
373293 477062 1
200838 791003 1
200838 797071 1
314312 638966 1
240987 709570 2
240987 959933 2
276737 626066 1
397947 1404931 1
397947 1051960 1
397947 1358786 1
397947 796960 2
1301199 1485771 1
214810 1460434 1
214810 281782 1
214810 1461898 1
312797 1163622 1
312797 1354103 1
312797 1365636 1
861229 1278237 1
297651 1488020 1
297651 331905 1
877244 1046031 1
877244 1138515 1
877244 961807 1
877244 891483 1
17199 509506 1
17199 1015208 1
409154 487792 3
49506 1012864 1
69001 1093462 1
479972 933485 1
479972 757233 1
146634 906320 1
576139 576187 1
576139 1249207 1
117385 412623 1
117385 149492 1
26050 822586 1
26050 393103 1
184738 524005 2
184738 1476170 2
919505 1173736 1
396496 847648 1
470814 1248073 1
665197 1070173 1
1016858 1309684 1
148279 322416 1
148279 1253086 2
148279 468594 3
148279 463860 1
48280 848263 1
1476478 1522712 1
405534 854123 1
201232 1225114 1
201232 539725 1
201232 997915 1
24916 543781 1
323167 1060775 1
1185030 1211407 1
1429249 1465357 1
745650 833717 2
623031 845245 1
623031 709713 1
535097 1284447 1
128342 1228863 1
128342 1476478 1
128342 1522712 1
128342 839758 1
128342 952745 1
128342 1245097 1
303716 621087 1
1005754 1373664 1
200012 882549 1
200012 1071546 1
247289 1339015 1
822151 961239 1
709839 1098537 1
510210 1032182 1
510210 679692 1
932184 1173706 1
75238 833571 1
75238 206241 1
75238 1335722 1
75238 775697 6
75238 1130166 1
176408 1438605 2
176408 506686 2
182211 740082 1
251064 1296824 1
693377 1041282 1
693377 1351803 1
377604 931448 1
173433 503680 2
173433 229575 1
173433 874482 1
173433 204328 1
173433 1294373 1
173433 883784 1
173433 204133 1
173433 596516 1
806237 1198659 1
458556 551441 1
458556 1184432 1
458556 703447 1
458556 1089829 1
458556 1428896 1
2176 295844 1
2176 103519 1
1115698 1393215 1
340690 907192 1
340690 239753 1
340690 533546 1
340690 730969 1
48202 412250 1
122905 344444 1
484113 1033990 1
457625 1474634 1
204312 932441 1
1131279 1186660 1
175062 546963 1
949604 1241056 1
140848 1043629 1
891149 1218459 1
798160 1321542 1
509506 1015208 1
3263 1088796 1
3263 1166800 1
134589 269719 2
134589 162800 1
134589 1437641 2
134589 1412192 1
134589 1055784 1
194239 869975 1
782853 1110210 1
210460 534028 1
210460 979771 1
210460 347001 1
210460 240058 1
1442729 1517481 1
543231 1018894 1
1279731 1416927 1
451093 1216927 1
208561 180237 1
7374 397388 1
7374 445330 1
426907 1410178 1
508695 898994 1
508695 1268259 1
508695 1334371 1
532201 743120 3
568432 1506373 1
568432 1027530 1
568432 1467397 1
211642 1472464 1
211642 1152628 1
627123 1058840 2
339791 1219482 1
793023 1059362 1
290156 463654 1
290156 894815 1
290156 589333 1
290156 1481317 1
290156 311626 1
695624 860303 1
1008482 1226355 1
146893 849401 1
146893 467916 1
146893 266860 1
160938 693065 1
160938 638335 1
160938 211498 1
160938 173581 1
1287572 1523169 1
491026 887922 1
694714 1513946 1
944832 1210315 1
104763 602451 1
104763 204926 1
104763 995199 1
1047507 1160762 1
223915 556104 1
460198 680751 1
282945 338062 1
757233 933485 1
677792 1241270 1
677792 1184446 1
677792 832074 1
469969 955712 1
121653 880331 2
289176 532276 1
812896 1243664 1
1432229 1529882 1
864951 1534562 1
250924 760482 1
37080 450146 1
768582 908599 1
582388 1412711 1
585591 1065440 1
585591 679003 1
585591 638442 1
585591 1494150 1
385661 1453208 1
289955 452935 1
525285 994389 1
18329 854460 1
789460 898040 1
1408482 1479091 1
763767 900284 2
659301 1077127 1
261311 640525 1
261311 1472712 1
1598 869545 1
1598 160762 1
1598 594612 1
538785 821535 1
538785 1078195 1
390112 1015329 1
717725 1004512 1
212128 1247321 2
681833 1039934 1
1160016 1250955 1
211731 1305462 1
211731 754643 1
415036 1162135 1
415036 524539 1
415036 1406044 1
415036 479988 1
583431 1376168 1
849593 1131279 1
849593 921890 1
237325 1518157 2
137795 535198 1
67837 959612 1
67837 124162 1
67837 231327 1
67837 541892 1
310670 586252 3
284887 845409 1
284887 1020309 1
229711 636875 1
359884 1347060 1
1152938 1496701 1
56734 124467 1
39289 1010352 1
39289 1284378 1
39289 1108296 1
291207 740318 1
147761 831958 1
147761 980689 1
147761 410476 1
940735 1112385 1
287796 846657 1
59182 635730 1
206372 1129481 1
233531 863168 1
700854 1267641 1
700854 1220865 1
700854 1271851 1
319890 1150918 1
319890 1054854 1
319890 707100 1
29074 728266 1
495257 1025355 1
495257 1540498 1
495257 1182562 1
495257 1516135 1
5 224521 1
645423 797701 1
645423 863559 1
645423 1048546 1
645423 1234684 1
47904 676486 1
47904 505512 1
47904 131280 1
1181835 1420397 1
287846 550484 1
287846 789014 1
1388276 1467104 1
1239515 1248966 1
439087 677251 1
714813 1118685 1
714813 1067381 1
464068 904708 1
1530618 1536125 1
1299908 1468232 1
125776 619774 2
668832 1126326 1
66584 699580 1
893036 923167 1
1152628 1472464 1
782222 784746 1
253311 324165 1
381585 390404 1
594671 1105731 1
594671 676634 1
681189 1105012 1
975258 1146103 1
119114 298504 1
388164 1196121 1
992149 1189239 1
491803 1366265 1
338506 764786 1
338506 910535 1
338506 1234080 1
922448 998240 1
1060775 1506610 1
130348 842676 1
130348 222413 1
130348 204926 1
130348 379504 1
130348 745793 1
130348 222058 1
551441 1184432 1
551441 703447 1
551441 1089829 1
551441 1428896 1
896862 982554 1
896862 1417441 1
628255 1165896 1
383459 1358786 1
383459 491998 1
26471 510298 1
26471 1118753 1
26471 1187094 1
257025 1116134 1
257025 886627 1
1407136 1437879 1
268430 1028974 1
200930 655602 1
1261731 1357197 1
411846 529373 1
411846 1142122 2
411846 1143394 1
1377053 1406148 1
1152719 1259871 1
1240218 1368728 1
180112 226995 1
989543 991214 1
279608 935840 1
279608 942691 1
1388075 1493016 1
451978 661134 1
451978 538642 1
451978 728359 1
760836 1467104 1
760836 1388276 1
760836 1115105 1
760836 868527 1
760836 959487 1
760836 886979 1
760836 1353683 1
120738 1120181 1
120738 497611 1
120738 1481635 1
479095 823355 1
479095 654883 1
56628 944539 1
324062 720574 1
324062 469346 1
324062 626769 1
324062 360251 1
224944 542730 1
224944 994271 1
1041485 1117628 1
192075 1454908 1
192075 1404326 1
172707 534548 1
457014 1238911 1
457014 1232921 1
532147 587559 1
280457 414112 1
134720 346763 1
35538 463654 1
35538 290156 1
35538 311626 1
35538 894815 1
35538 1481317 1
35538 589333 1
159300 1270731 1
159300 802507 1
581105 1071494 1
581105 643515 1
581105 1484010 1
1104488 1176897 2
334443 337932 1
253720 705179 1
616183 1377053 1
616183 1406148 1
55994 372500 1
55994 997800 1
19654 530620 1
19654 476541 1
312788 950872 1
559146 630959 1
559146 1291853 1
559146 1179917 1
959487 1467104 1
959487 1388276 2
959487 1115105 1
959487 1353683 1
348276 1236956 1
791555 1503650 1
454725 1453708 1
454725 1188025 1
488393 544327 1
488393 588774 2
1098928 1494347 1
1046878 1270858 1
1393215 1523070 2
1393215 1414426 1
1393215 1488788 1
586580 1445354 2
586580 756614 1
586580 985066 1
586580 757637 3
337248 364632 1
337248 883259 2
501184 1023659 1
501184 1458161 1
703763 1255638 2
703763 1442810 1
556247 1454952 1
183823 683509 1
309284 328470 1
795648 829136 1
99964 1245206 1
99964 183075 1
754565 786688 1
754565 1011046 1
1106051 1199891 1
101428 641497 1
182517 458673 1
182517 1299720 2
182517 1228168 2
1013951 1138931 1
1354103 1365636 1
31685 967652 1
409095 491536 1
409095 619774 1
402229 779228 1
402229 700665 1
402229 1110623 2
386647 1018967 1
12797 34248 1
12797 853765 1
12797 676915 2
12797 246751 1
70099 80431 2
70549 1361849 1
247813 437158 1
247813 551441 1
247813 1184432 1
247813 1428896 1
247813 458556 1
247813 703447 1
247813 1089829 1
3259 672438 1
3259 1262750 1
3259 1296757 1
121484 796302 1
121484 657155 1
320133 703763 1
320133 1442810 1
541579 935628 1
1024123 1050129 1
1024123 1383512 1
1024123 1054854 1
64110 203284 1
57263 293445 1
57263 511377 1
116606 821915 2
448131 1026582 1
621248 1445749 1
709801 887955 1
709801 1390871 1
176385 1476712 2
176385 662590 1
176385 705955 1
176385 353779 1
423290 1040172 1
423290 488839 1
423290 694423 1
423290 706721 1
423290 1082835 1
198886 577490 2
13338 388164 1
13338 1196121 1
13338 1401842 1
13338 562668 1
74334 551990 1
74334 241854 1
174011 324328 1
195445 901934 1
546692 1367113 1
254354 673269 2
254354 738588 2
916768 1070173 1
916768 1261077 2
627142 772910 1
42226 101765 1
42226 945893 1
42226 449432 1
327051 1043788 1
327051 589049 1
327051 502772 1
327051 1287572 1
327051 1523169 1
327051 712539 1
327051 411036 1
798150 1356355 1
798150 1482696 1
517320 1513831 1
517320 1054116 2
518728 973742 1
518728 745793 1
289143 1210200 1
297514 1223668 1
297514 463428 1
258909 1476170 1
470496 935994 2
135843 820062 1
718276 1282401 1
718276 812648 1
1040172 1082835 1
179005 356040 1
1234684 1488788 1
1234684 1393215 1
222669 396580 1
222669 638444 1
39999 130348 1
39999 973742 1
39999 222413 2
39999 842676 1
39999 119924 1
39999 204926 2
39999 518728 1
39999 379504 2
39999 394859 1
39999 135471 1
39999 95171 2
39999 745793 2
39999 222058 1
825220 853840 1
407479 742654 1
407479 864542 1
62906 387185 1
62906 143792 1
203046 778946 1
564352 649577 1
2463 1302551 1
19963 1435138 1
569395 703763 2
569395 1255638 2
831958 1007039 1
831958 1098928 1
831958 1494347 1
944822 1205406 1
271124 310853 2
271124 716273 1
271124 834569 1
147377 218656 1
147377 821304 1
147377 236055 1
363959 823355 1
111459 137578 1
613635 1093707 1
1294537 1343079 2
7000 891213 1
7000 154998 1
1055989 1410750 1
459764 877465 1
68679 186722 1
99582 270249 1
1159833 1357141 1
1159833 1416927 1
18685 134589 1
336478 1432229 1
336478 509789 1
336478 1529882 1
29714 1008780 2
29714 122923 2
29714 230433 2
29714 37673 2
391347 399529 1
243284 362278 1
243284 849098 1
243284 684236 1
198398 703763 2
198398 320133 1
198398 321647 1
198398 234883 2
198398 1442810 1
320724 473299 1
320724 630959 1
320724 449142 1
320724 559146 1
320724 470762 1
320724 1179917 1
320724 1291853 1
421863 1260822 1
871757 1321542 1
935856 1097168 1
722553 1170134 1
1089829 1428896 1
1089829 1184432 1
876032 985236 1
566849 747362 1
566849 1058840 2
811267 1343542 1
252155 1070303 1
252336 1026133 2
280719 1097168 2
614225 867442 1
154838 974410 1
365781 1113480 1
230303 586561 3
230303 1296046 2
316315 1087235 1
316315 770457 1
421607 721414 1
218656 777034 1
218656 821304 1
218656 236055 1
229011 839961 1
91146 1106546 1
982554 1417441 1
1203803 1271286 1
169982 586580 1
169982 548886 1
169982 757637 1
709570 959933 2
71436 244900 1
71436 1142136 1
112036 549630 1
112036 624426 1
664945 1017510 1
37674 155154 2
137907 1505681 1
137907 886644 1
243609 1222276 1
37673 122923 2
37673 230433 2
37673 1008780 2
336807 1191060 2
1186202 1306708 1
590369 1295928 1
590369 1422656 1
64607 194777 1
394935 535287 1
394935 1099416 1
863769 915526 1
79327 426865 1
258065 264568 1
258065 424407 2
258065 1271524 1
258065 1054091 1
258065 339224 1
529616 1172240 1
529616 685775 1
181095 806237 1
181095 1198659 1
298950 473299 1
298950 320724 1
298950 630959 1
298950 449142 1
298950 559146 1
298950 470762 1
298950 1179917 1
298950 1291853 1
92547 838536 1
224176 452658 1
224176 1534434 1
179912 231749 1
179912 1141665 1
1353683 1467104 1
1353683 1388276 1
26895 1353208 1
521117 1181374 1
130955 564796 1
717454 770654 1
717454 955959 1
717454 1253535 1
505890 1042155 1
1470 133241 1
461228 1455135 1
461228 1212304 1
1161023 1347007 1
1161023 1180788 1
502466 937154 1
502466 1207705 1
502466 1488788 1
502466 1393215 1
502466 1234684 1
502466 536091 2
502466 763876 2
399877 882549 1
399877 975682 1
399877 471290 1
399877 1163713 1
399877 1361047 1
14134857 84021 1
1454339 1454567 1
404274 640688 1
379955 537295 1
8429 636875 1
8429 1413295 1
900816 951744 1
900816 1530947 1
548012 821535 1
548012 635727 1
308767 957004 1
308767 1121386 1
299445 321258 1
381009 1504493 1
433819 1378660 1
433819 704657 1
433819 821535 1
433819 1013744 1
433819 1169337 1
258405 333394 1
542730 744874 1
542730 994271 1
27680 423290 1
27680 488839 1
27680 1040172 1
27680 28622 1
27680 422056 1
27680 264195 1
27680 138572 1
27680 706721 1
27680 1082835 1
27680 212052 1
27680 143278 1
27680 694423 1
28622 423290 1
28622 488839 1
28622 1040172 1
28622 422056 1
28622 264195 1
28622 138572 1
28622 706721 1
28622 1082835 1
28622 212052 1
28622 143278 1
28622 694423 1
1118753 1187094 1
5589 148103 2
5589 1206953 1
784836 843026 1
76275 314208 1
76275 346802 1
385906 844571 2
126768 150771 1
126768 899567 1
126768 917137 1
156043 863168 1
156043 233531 1
887309 1145980 1
1198037 1468072 1
172467 635997 1
711859 876870 3
711859 1128773 1
1418648 1527842 1
144224 937154 1
144224 224003 1
144224 829093 1
314938 507972 1
314938 760932 1
314938 577719 1
314938 635392 1
101658 858675 1
812648 1084221 1
812648 1282401 2
812648 933487 1
189265 1055392 1
654883 823355 1
642735 1222276 1
469346 720574 1
469346 1100234 1
469346 554955 1
469346 626769 1
469346 563745 1
469346 487894 1
740157 954924 1
15211 1525888 1
475824 919548 1
475824 822856 1
475824 630315 1
475824 597550 1
215946 443677 1
318810 504938 1
318810 1048156 1
318810 1229875 1
318810 718295 2
451967 958391 1
697339 1216441 1
398001 1442729 1
318684 534798 1
65010 172985 1
155767 1286147 1
1061547 1231631 1
75928 1408674 1
75928 1120181 1
75928 1494557 3
55525 913092 1
98374 397675 1
138610 827261 1
138610 1370850 1
138610 597143 1
287126 1000361 2
35527 904708 1
314336 1212920 1
1330061 1388076 1
1330061 1419470 2
1330061 1440234 1
351535 853840 1
351535 825220 1
576338 1524656 1
576338 801318 1
185764 872822 1
185764 540325 1
185764 1391497 1
783169 965643 1
89316 298333 1
89316 834250 1
89316 157478 1
84236 444310 1
331920 539332 1
965368 1078959 1
965368 988381 5
671063 801850 1
760912 800730 1
1115105 1467104 1
1115105 1354253 1
1115105 1388276 1
1115105 1353683 2
393368 1250683 1
222413 842676 1
222413 973742 2
222413 518728 1
222413 379504 3
222413 394859 1
222413 745793 3
1301973 1499226 1
106209 769154 1
106209 769232 1
644892 1046860 1
261568 583780 1
261568 532315 2
65746 935994 1
65746 470496 1
863471 1249769 1
61938 615237 1
61938 920073 1
61938 208095 1
61938 834276 1
61938 873797 1
61938 875343 1
477700 882442 1
305073 970583 1
305073 545789 1
305073 928566 1
806417 1023460 1
205222 585484 1
189080 270129 1
314208 346802 1
97280 1439965 1
806419 1102435 1
891942 1087210 1
636371 1004691 1
409089 1211513 1
17309 1014481 1
826879 1144712 1
382505 420342 1
328730 1151331 1
21230 810533 1
389828 591823 1
262112 1330061 1
262112 1388076 1
93852 786139 1
408047 1332383 1
274988 1242017 1
274988 1468247 1
274988 788922 1
1032310 1226181 1
221874 819820 2
312648 626522 1
312648 648396 2
312648 1053258 1
767587 937231 2
535434 1527217 1
258357 1241743 1
258357 981623 1
586289 1068819 2
313640 575093 1
313640 716073 1
198899 263787 1
198899 385686 1
198899 1140967 1
198899 338300 1
852914 1385391 1
563024 1242689 1
563024 1246648 1
563024 809448 1
563024 575428 1
719514 1507857 1
270355 1182562 1
270355 1025355 1
270355 296924 1
270355 1540498 1
270355 495257 1
270355 1516135 1
270355 386972 1
99828 676948 1
99828 711847 1
99828 1454952 1
99828 556247 1
666976 1020306 1
666976 1391774 1
801579 1512583 1
702554 1007813 1
54481 488393 2
54481 588774 2
1131055 1310164 1
568094 1319540 4
773851 988968 1
483345 516795 1
483345 1106212 1
1003746 1518867 1
602451 995199 1
362490 1027288 1
495129 851915 1
489920 557367 1
489920 707838 1
618260 1418648 1
618260 1527842 1
618260 1395802 1
1124207 1212681 1
1474403 568357 1
1474403 589933 1
1474403 1085998 1
470711 644933 1
1333179 1530577 1
1112449 1113825 1
172070 942691 1
172073 207954 1
135471 973742 1
135471 222413 1
135471 323917 1
135471 204926 1
135471 351562 1
135471 518728 1
135471 379504 1
135471 1032990 1
135471 394859 1
135471 745793 1
135471 391399 1
135471 254851 1
506686 1438605 2
911707 1343051 1
911707 1412741 1
315526 740791 1
134475 1381018 1
889745 901234 1
146184 216943 1
146184 1147288 1
146184 854831 1
118865 889117 2
830496 1465357 1
830496 1429249 1
830496 1509403 1
310915 1148199 1
907726 1240411 1
601722 826032 1
892017 1468247 2
44535 312826 1
44535 1463302 1
44535 1170833 1
293107 700684 1
868527 1467104 1
868527 1388276 1
868527 1115105 1
868527 959487 2
868527 886979 1
868527 1353683 1
349806 369509 2
216714 980083 1
499202 803311 1
193340 402065 1
655691 1259912 1
98083 344335 1
586933 591195 1
586933 1301267 1
316745 1389133 1
269719 1055784 1
226147 443092 1
226147 723036 1
939779 1116872 1
469905 1134815 1
469905 1534620 1
315637 460468 1
608510 702554 1
71208 849122 1
138572 423290 1
138572 488839 1
138572 1040172 1
138572 422056 1
138572 264195 1
138572 1082835 1
138572 706721 1
138572 212052 1
138572 143278 1
138572 694423 1
508780 718069 3
477058 1087988 1
639902 1507857 1
639902 719514 1
935840 1463296 2
596516 874482 1
596516 883784 1
269635 309339 1
793176 1306708 1
793176 1186202 1
159794 1427990 2
159794 917734 1
955959 1253535 1
955959 1487574 1
413183 1050864 1
413183 614120 1
545257 812702 1
545257 866534 1
545257 1312576 1
545257 1445507 1
395630 568432 1
395630 1027530 1
395630 1467397 1
395630 1506373 1
805651 1001929 1
564993 841467 1
564993 1402998 1
175733 1306841 1
175733 487014 1
175733 1456513 1
175733 245977 1
298333 1428691 1
298333 834250 1
377155 1368728 1
377155 387302 1
377155 744230 1
226701 364648 1
1192245 1499226 1
1192245 1301973 1
600529 608032 1
416059 1315656 1
416059 1382289 1
416059 790285 1
122099 1384793 1
122099 1167106 1
655216 1240411 1
655216 907726 1
447207 1187998 1
447207 878429 1
447207 549620 1
648396 1053258 1
637517 757586 1
637517 1096654 1
637517 1509547 1
591195 1301267 1
1223745 1414426 1
1223745 1393215 1
1043788 1287572 1
1043788 1523169 1
1119745 1313815 1
217 206372 1
217 1129481 1
666 1094356 1
666 215516 1
666 9870 1
666 905413 1
511266 674158 1
549620 1187998 1
549620 878429 1
126572 183940 1
91281 868454 1
561577 1226181 1
561577 1032310 1
561577 974838 1
765960 1133420 1
256646 1540342 1
256646 273727 1
256646 468491 1
59410 184345 1
59410 91115 1
59410 278448 1
585484 1409645 1
585484 1290135 1
519282 1448968 1
483632 1365104 2
298638 1446850 1
1182562 1540498 1
1182562 1516135 1
1081826 1265099 1
427910 1047719 1
427910 783233 1
778567 824049 1
845358 935628 1
124162 959612 1
124162 231327 1
124162 541892 1
268346 1449736 1
136402 367310 1
388218 507214 2
714839 1011160 1
150149 547344 1
89953 1346238 1
284282 318501 1
284282 1445161 1
243920 824260 1
442304 513668 1
55509 242701 1
27072 797051 1
27072 194833 1
27072 883749 1
170726 1002607 1
369051 1522959 1
184404 810664 1
786688 1011046 1
823757 859848 1
848337 939238 1
712539 1523169 1
712539 1287572 1
712539 1043788 1
394105 496515 1
237601 641222 1
573148 951553 1
667369 711453 1
639293 1022250 1
639293 1201871 1
639293 1107371 1
1084524 1458484 1
136399 985236 1
136399 377155 1
136399 523314 1
136399 401721 1
136399 387302 1
136399 876032 1
136399 1233939 4
136399 1444201 1
136399 758508 1
136399 1494557 1
374676 838536 1
393103 822586 2
915412 1333013 1
524370 619781 1
524370 705179 1
524370 770340 1
524370 635727 1
1051619 1518157 1
329985 397358 1
100792 877893 1
11205 394188 1
11205 419757 1
366492 842990 1
245097 1108156 1
314737 363179 1
881786 992750 1
373170 860303 1
373170 695624 1
577527 1519192 1
438406 545787 1
863973 954103 1
109172 482445 1
109176 268293 2
109176 398083 2
24476 226701 1
24476 364648 1
921066 961566 1
921066 1366836 1
61059 141832 1
228902 551598 1
952745 1245097 1
952745 1228863 1
952745 1522712 1
952745 1476478 1
957318 1108610 1
957318 961816 1
526119 535097 1
526119 1284447 1
881072 1393215 1
390854 826533 2
390854 973401 1
145071 1279430 1
145071 1294885 1
896933 1139752 1
396955 1394731 1
431338 1165064 1
431338 969124 1
431338 530601 1
431338 1226223 1
1403695 1481366 1
449085 492584 1
449085 1212780 1
449085 1028486 1
258182 660116 1
258182 682848 1
19701 1208800 1
331905 1488020 1
430795 479841 1
1113480 1248073 2
576327 1244938 1
503818 989543 1
503818 991214 1
1391091 1418937 1
782978 1172726 2
782978 1446850 1
468536 1003746 1
468536 1518867 1
148103 945220 1
148103 1206953 1
82633 443783 1
82633 342389 1
1126539 1432028 1
758324 847523 1
100081 503247 2
796099 1008482 1
796099 1226355 1
527887 1126478 2
968428 1151415 1
854831 1147288 1
220731 470359 1
220731 1304812 1
727667 1105767 1
727667 1476170 1
1339932 1352199 1
847497 1184430 1
187831 660116 1
187831 682848 1
187831 258182 1
187833 923384 1
317016 995190 1
384080 557257 1
509789 1432229 1
509789 1529882 1
411484 575797 1
411484 605892 1
411484 723269 1
1144421 1174717 1
141193 429924 1
141193 193313 1
141193 141222 1
141193 862268 1
674482 693377 1
674482 1041282 1
674482 1351803 1
1233939 1444201 1
861226 878429 1
119924 842676 1
119924 204926 1
119924 222413 1
119924 130348 1
119924 379504 1
119924 745793 1
119924 222058 1
964997 1140789 1
158206 489879 1
377384 547801 1
377384 998359 1
939782 979257 1
354153 982554 1
104417 1392524 1
41170 1028974 1
41170 268430 1
41170 1131379 1
41170 46630 1
41170 647970 1
41170 1304250 1
473299 559146 1
473299 630959 1
473299 1291853 1
473299 1179917 1
221866 924009 1
221866 1167494 1
602490 870114 1
349499 1260366 1
349499 1490184 1
69124 1286407 1
274065 745613 1
7299 429838 1
618410 991097 1
128334 427051 1
578303 615001 1
578303 938727 1
578303 985087 1
427282 781237 1
427282 515305 1
260718 287796 2
260718 846657 1
240060 1260860 1
550209 1092775 1
550209 1001915 1
391746 1299908 1
391746 1468232 1
1868 1020093 1
1475736 1480997 1
741588 796326 1
1066000 1319540 1
1056387 1189266 1
800028 936164 1
231969 472650 1
845519 1099626 1
711067 1123757 1
758135 14134850 1
45394 833916 1
45394 438123 1
316997 381585 1
316997 390404 1
673664 786042 1
592640 734842 1
404764 437900 1
404764 459294 1
404764 537077 2
20803 265807 1
1494150 1530532 1
428725 1065440 1
428725 679003 1
428725 638442 1
428725 1494150 2
428725 585591 2
113237 1376894 1
116064 467833 1
466375 721025 1
371894 568432 1
371894 1506373 1
371894 1027530 1
371894 395630 1
371894 1467397 1
672880 1082980 1
17068 1102909 1
1220865 1267641 1
1220865 1271851 1
509552 953789 1
1220867 1256642 1
619781 705179 1
619781 635727 2
595851 673550 1
557639 1084221 1
557639 812648 2
557639 933487 1
557639 1282401 2
557639 718276 1
622197 1314404 1
379187 784789 1
84772 994351 1
84772 631671 1
84772 200991 1
626769 720574 1
969113 228306 1
200042 784789 1
417576 769379 1
965643 1172869 1
1142122 1358946 1
1142122 1143394 1
210236 947465 1
118380 663335 1
118380 907127 1
118380 816223 1
118380 672861 1
432785 494737 1
274337 278449 1
459747 916768 1
323917 391399 1
323917 351562 1
323917 1032990 1
123934 321647 1
123934 1442810 1
123934 320133 1
123934 198398 2
123934 703763 2
123934 234883 2
123934 175640 2
87199 266523 1
87199 97655 1
27892 948809 1
27892 861017 1
5201 977721 1
938949 1188400 1
62709 382251 1
899567 1338744 1
899567 917137 1
121222 235395 1
121222 1222276 1
121222 243609 1
121222 254057 1
451595 596570 1
886979 1467104 1
886979 1388276 1
886979 1115105 1
886979 959487 1
886979 1353683 1
39649 780821 1
269736 563403 1
321647 703763 1
325170 1517481 1
325170 672888 1
325170 403080 1
325170 1442729 1
325170 964688 1
654626 988968 2
654626 773851 1
39889 331300 1
39889 866651 1
39889 347996 1
676634 869975 1
1023659 1458161 1
716977 1129136 1
1145010 1528586 1
604231 759224 1
604231 628566 1
681962 1328359 1
275005 1166800 1
568975 774598 1
374618 1435518 1
374618 1357777 1
71070 175793 1
71070 843950 1
63274 1048156 1
63274 318810 1
63274 1229875 1
255157 791100 1
255157 337211 1
15769 911904 4
274537 1068432 1
274537 287601 1
367508 835261 1
367508 1457891 1
367508 1040354 1
691479 1494451 1
463428 1223668 1
38690 374618 1
38690 1435518 1
38690 1357777 1
699561 945273 1
471290 882549 1
471290 1361047 1
596160 1257950 1
596160 1301194 1
596160 1131182 1
363198 628280 1
289181 998240 1
289181 922448 1
384674 1320929 1
384674 1355939 1
384674 1229341 1
591341 797701 1
591341 863559 1
591341 1048546 1
591341 645423 1
591341 1234684 1
78417 236812 1
414163 513328 2
414163 777648 1
402579 784789 2
402579 916768 2
231567 613635 1
231567 293032 1
231567 1093707 1
434263 1138515 1
434263 877244 1
434263 763128 1
434263 798603 1
434263 1046031 1
434263 961807 1
434263 891483 1
822745 1320273 1
169419 1120181 1
549630 624426 1
123757 331150 1
205811 607688 2
205811 223915 1
205811 556104 1
154998 891213 1
747197 1417522 3
15135 1428180 1
15135 93595 2
615237 834276 1
615237 920073 2
615237 875343 1
615237 873797 1
705683 1003569 1
938727 1525115 1
938727 985087 1
122339 227125 1
156445 169369 1
156445 753340 1
156445 364498 2
960183 1506728 1
829093 1013951 2
829093 1523070 2
829093 1138931 1
829093 1393215 1
77856 818469 2
703447 1184432 1
703447 1089829 1
703447 1428896 1
1020306 1391774 1
864644 1481366 1
864644 1403695 1
887955 1390871 1
793296 952515 1
793296 1299289 1
190812 738750 1
728098 868527 1
728098 959487 1
183256 1097912 1
183256 195272 1
1295928 1422656 1
901831 1124207 1
901831 1212681 1
66806 1406628 1
811998 1434803 1
1332836 1391018 1
424407 1054091 1
424407 1271524 1
71749 1357197 1
71749 536142 1
537077 716073 1
291478 359947 1
1093747 1389408 1
27067 124362 1
108166 254235 1
867195 1456461 1
673269 738588 2
823560 1406005 1
369069 843110 2
369069 507229 1
369069 894587 1
575797 605892 1
575797 723269 1
144178 896933 1
144178 453794 1
672888 1517481 1
672888 964688 1
672888 1442729 1
28480 674482 1
28480 379444 1
28480 1041282 1
28480 1351803 1
28480 693377 1
1252 372666 1
1252 513668 1
1252 442304 1
208683 1496701 1
604016 981231 1
434798 893036 1
434798 923167 1
183075 1245206 1
156962 571830 1
156962 1511474 1
156962 234655 1
224193 411251 1
224193 604016 1
224193 235741 1
338062 634003 1
338062 966478 1
30231 54224 1
30231 1447218 1
539177 975405 1
322963 973606 1
19194 574523 1
256542 1456157 1
337601 1084221 1
337601 557639 1
337601 933487 1
337601 1282401 1
337601 812648 1
636858 724896 1
235711 73117 1
430416 668969 1
430416 1267641 1
430416 700854 1
430416 1271851 1
430416 447102 1
430416 1220865 1
26426 84236 2
26426 444310 1
398371 459927 1
672438 1262750 1
672438 1296757 1
231749 1141665 1
51358 1185666 1
398703 635512 1
398703 999865 1
334554 909021 3
334554 354112 3
334554 482870 3
1105433 1228280 1
1105433 1297151 1
267354 1050542 1
32416 104352 1
1070173 1203254 2
1070173 1261077 1
704657 1169337 1
886561 1422133 1
213332 697789 2
514751 1212290 1
55542 539332 1
55542 220138 1
55542 331920 1
215985 965368 5
215985 1078959 1
215985 988381 5
1124581 1158602 1
75977 674364 2
75977 1454952 2
881086 1527392 1
340364 722553 1
340364 665861 1
340364 770981 1
340364 1170134 1
217639 1169337 1
217639 956029 1
23957 936903 1
23957 821215 1
287108 1320553 1
108309 377604 1
35500 619331 1
35500 1086102 1
1215838 1386287 1
232981 868382 1
232981 546692 1
232981 1367113 1
215854 1157415 1
422056 423290 1
422056 488839 1
422056 1040172 1
422056 1082835 1
422056 706721 1
422056 694423 1
78895 444793 1
661007 1389164 2
661007 1281486 1
69911 495129 1
69911 851915 1
201018 270129 1
580267 14134858 1
28927 1244938 1
28927 576327 1
449432 945893 1
372706 477258 1
372706 382437 1
372706 712648 1
372706 529679 1
93298 591195 1
93298 586933 1
93298 1301267 1
100321 410418 1
261544 1140196 1
261544 396955 1
788407 947203 1
788407 1020918 1
183814 1011670 1
887575 1067528 1
813372 1139831 1
813372 1151629 1
780821 1343542 1
780821 811267 1
687093 1399701 1
32343 175425 1
250793 871967 1
245977 1456513 1
245977 487014 1
784789 1124207 4
784789 1212681 1
784789 901831 1
784789 916768 2
972760 1471249 1
479988 1162135 1
479988 1406044 1
743673 1480881 1
661134 728359 1
81207 121687 1
198910 340930 1
921692 1525475 1
764786 910535 1
764786 1234080 1
404807 560916 1
205791 771747 2
548801 873060 1
359675 1206449 1
424702 882442 1
424702 477700 1
166197 242869 1
166197 669826 1
1210550 1256642 1
1210550 1220867 2
878144 1532842 1
763876 937154 1
763876 1030569 1
402254 1172920 1
194389 1223766 1
194389 1314723 1
194389 804919 1
649084 730806 1
530213 960183 1
530213 879923 1
530213 677176 1
530213 1506728 1
482870 909021 3
595999 1015330 1
618403 1301335 1
410047 737403 1
13340 385906 1
416866 1159833 1
416866 1416927 1
60175 1308160 2
378971 391746 1
378971 1299908 1
378971 1468232 1
3735 1305462 1
3735 211731 1
3735 754643 1
754443 1189239 1
754443 992149 1
42706 62906 1
42706 387185 1
42706 143792 1
253517 271124 1
253517 310853 5
253517 509900 1
253517 716273 2
253517 424166 1
253517 834569 1
253517 857421 1
320697 1341935 1
124224 972841 1
6021 557639 2
6021 718276 1
6021 145554 2
6021 337601 1
6021 1282401 2
6021 933487 1
6021 812648 2
6021 1084221 1
578426 857885 1
166774 639896 1
548937 1511474 1
293421 731489 1
293421 1339692 1
293421 433614 1
958095 1354369 1
294346 1290135 1
294346 585484 1
658324 1234684 1
619331 1086102 3
387410 532940 1
387410 1472132 1
41273 402229 1
41273 779228 1
329063 1393215 2
466363 1424872 1
309658 923626 1
309658 619199 1
309658 1153096 1
462808 672539 1
981064 1062646 1
124554 474309 1
56943 649283 1
60778 148286 1
346385 838938 1
598925 1099124 2
249926 1218459 1
249926 891149 1
627358 969960 1
208207 598510 1
109828 816791 1
102482 1116289 1
102482 505390 1
70530 1475736 1
70530 183545 3
70530 1480997 2
88745 1496787 1
571053 842363 1
53800 535719 1
149500 654273 1
149500 1189637 1
173871 446369 1
173871 1294017 1
418146 1174741 1
418146 430538 1
516244 1181716 1
9074 1029868 1
379444 674482 1
379444 1041282 1
379444 1351803 1
379444 693377 1
468491 1540342 1
179568 276412 1
290420 891213 1
1071546 1457335 1
1279430 1294885 1
797051 883749 1
9079 571805 1
9079 713541 1
9079 477561 1
9079 1007444 1
422446 1187998 1
422446 878429 1
422446 549620 1
422446 447207 1
232196 833838 1
1356355 1482696 1
422440 1083980 1
422440 867271 1
308078 1017536 1
571268 1054236 1
41385 1051619 1
41385 1518157 1
45801 613456 2
157522 458347 2
404756 415365 1
404756 1315656 1
404756 416059 1
404756 790285 1
404756 1382289 1
596570 673664 2
596570 786042 1
873797 920073 1
873797 875343 1
269345 1295928 1
269345 590369 1
269345 1422656 1
285082 1360145 1
285082 411629 1
285082 1449681 1
917734 1427990 1
676915 853765 1
113739 534028 1
113739 347001 1
113739 210460 1
113739 979771 1
113739 240058 1
480525 788407 1
480525 558925 1
480525 769818 1
480525 637104 1
419925 1513630 1
279896 714423 1
279896 1025404 2
279896 1022926 1
132480 780695 1
257780 316745 1
257780 1389133 1
138958 1517481 1
138958 403080 3
138958 1442729 1
138958 325170 1
138958 964688 1
138958 672888 1
197724 302226 1
91115 262112 1
91115 278448 1
91115 1330061 1
91115 1388076 1
91115 184345 1
615841 695164 1
615841 955284 1
672180 1376394 1
188391 896933 1
1041539 1227280 1
705218 954924 1
385827 558631 1
1182489 1183407 1
232045 1183585 1
84237 1266398 1
421940 590981 1
421940 864951 1
421940 569131 1
421940 1534562 1
283499 1333013 1
283499 915412 1
487894 563745 1
487894 554955 1
487894 1100234 1
715810 1097168 1
169399 1319065 1
169399 373209 1
524827 1117628 1
524827 1041485 1
8236 317016 1
1223766 1314723 1
47543 820212 1
611220 820993 1
482705 733745 1
482705 1067528 1
482705 887575 1
599516 649103 1
237963 1284512 1
237963 1403375 1
769232 1027388 1
769232 889576 1
658610 814657 1
658610 1260167 1
67382 694714 1
67382 1513946 1
557181 1258732 1
557181 977988 1
191893 1159833 1
519421 601220 1
326205 837357 1
326205 570109 2
59412 249874 1
47437 147654 1
757586 1096654 1
757586 1509547 1
853893 970032 1
34248 676915 1
970102 1228401 1
169266 617695 2
169266 1248933 2
221050 1179514 1
221050 439180 1
549512 1007171 1
491998 1358786 1
1064290 1220867 1
1064290 1256642 1
1064290 1210550 1
343549 460468 1
343549 584107 1
343549 1393215 1
160754 773541 1
18103 655639 1
5773 626522 1
5773 312648 2
5773 648396 2
5773 1053258 1
343547 478337 1
343547 1240590 1
343547 1385591 1
713390 807521 1
1118545 1343083 1
497234 1509981 1
447486 1511474 2
447486 548937 1
1038774 1239515 1
1038774 1248966 1
97979 478216 1
311626 463654 1
311626 894815 1
311626 1481317 1
311626 589333 1
372940 569163 1
143557 581209 1
444663 1374398 1
444663 823983 1
444663 777034 1
444663 1381827 1
28325 14134853 1
8013 36181 1
8013 1450985 1
770067 1394497 1
188099 919775 1
170560 310853 1
234133 673269 1
425391 1412588 1
158043 1313815 1
158043 1119745 1
529801 1505451 1
159275 310894 1
366474 736039 1
701965 1038992 1
228083 645210 1
87847 1021389 1
468736 1460598 2
832074 1241270 1
832074 1184446 1
483423 1466064 1
1204061 1494068 1
525665 195804 1
117932 954236 1
279482 1002278 1
729387 1421546 1
953363 1158979 1
101184 1313511 1
101184 379633 1
65605 1350519 1
65605 1512426 1
411251 604016 1
519141 687211 1
519141 758615 1
519141 1099124 1
519141 773963 1
196045 481751 1
196045 46913 1
196045 1004665 2
196045 1004664 1
196045 963489 3
456585 707207 1
684201 852709 1
783424 989959 1
73188 374676 1
73188 838536 1
73188 371410 1
489001 1299289 1
489001 952515 1
489001 793296 1
489001 693065 1
430538 1174741 1
1155180 1476170 1
968404 1190939 1
161081 963480 1
464086 1224852 1
786248 949555 1
234655 571830 1
234655 1511474 1
215516 1518157 1
638335 693065 1
527136 711859 3
763128 1138515 1
763128 877244 1
763128 798603 1
763128 1046031 1
763128 961807 1
763128 891483 1
324111 396496 1
324111 847648 1
7377 815048 1
585156 1013667 1
121994 253311 1
121994 324165 1
74579 1212681 1
74579 744230 1
1379636 1491371 1
476661 1259298 1
94270 926725 1
94270 1475999 1
715728 947908 1
1357777 1435518 1
165896 619331 1
165896 1086102 1
441745 662959 1
678107 1415730 1
124812 1539148 1
124812 697078 1
821215 936903 1
1169307 1181968 1
1169307 1350224 1
104181 466375 1
104181 721025 1
6104 80070 1
6104 336876 1
6104 938030 1
406570 1330387 1
522560 583431 1
522560 1376168 1
522560 570534 1
693065 753855 1
693065 770067 1
693065 1299289 1
693065 952515 1
693065 793296 1
693065 1394497 1
159292 1506610 1
159292 1060775 1
436801 786139 1
309338 703753 1
309338 1295759 1
200991 994351 1
200991 631671 1
458344 1011142 1
125781 786312 1
763013 973970 1
52076 1231631 1
52076 1061547 1
52076 127228 1
754856 863769 1
754856 915526 1
371410 374676 1
371410 838536 1
17460 975682 1
17460 118529 1
17460 243356 1
17460 1163713 1
17460 399877 1
442992 1098928 1
442992 629700 1
442992 1007039 1
442992 831958 1
442992 1494347 1
415365 1382289 1
415365 1315656 1
415365 416059 1
415365 790285 1
189776 307892 1
297089 534798 1
297089 318684 1
305332 992732 1
305332 1057880 1
305332 648195 1
203058 223999 1
203058 321104 1
203058 876875 1
623064 899587 1
535198 879246 1
1041193 1370813 1
137521 357064 1
227997 423447 1
227997 838591 1
227997 390404 2
159422 180715 1
411036 1043788 1
411036 589049 1
411036 502772 1
411036 1287572 1
411036 1523169 1
411036 712539 1
105054 923626 1
105054 309658 1
105054 1153096 1
105054 619199 1
193740 779228 1
349010 876099 1
270652 1370358 1
104029 496710 1
669226 839728 1
850046 1190253 1
937074 960622 1
937074 1020495 1
707973 863471 1
707973 1249769 1
707973 1179022 1
1320055 1337131 1
1320055 1444793 1
1343051 1412741 1
22933 707973 2
202719 422446 1
202719 878429 1
202719 549620 1
202719 447207 1
202719 1187998 1
36184 254057 1
36184 896862 1
36184 121222 1
878429 1187998 1
124761 146981 1
124761 925128 1
902365 1155180 1
902365 1476170 1
162135 773998 1
535287 1099416 1
80431 1421618 1
80431 576918 2
80431 1097168 2
80431 1297309 1
80431 935856 1
80431 1356814 1
80431 186428 3
409679 763128 2
105581 392778 1
105581 446914 1
102905 570004 1
102905 1454516 1
379504 842676 1
379504 973742 2
379504 394859 1
379504 518728 1
379504 745793 3
1002570 1032574 1
586561 1039543 2
586561 1296046 2
306915 612239 1
306915 552188 1
306915 1142218 1
657155 796302 1
745000 1428882 1
236196 1458161 1
236196 1023659 1
236196 501184 1
134624 469973 1
134624 783071 1
1154834 1518157 1
439180 1179514 1
274827 502466 1
274827 937154 2
274827 1030569 1
274827 536091 1
274827 763876 2
1003158 1484822 1
107696 187948 1
107696 1008127 1
875343 920073 1
551902 783424 1
551902 989959 1
964688 1517481 1
964688 1442729 1
740318 1477788 1
29204 259603 2
29204 673550 1
34834 218130 1
20517 829136 1
20517 795648 4
626522 648396 1
626522 1053258 1
17486 324111 1
17486 396496 1
17486 847648 2
17486 82953 2
17486 273382 2
218340 660594 1
1180897 1382610 1
1048156 1229875 1
1228280 1297151 1
1131794 1506400 2
809448 864644 1
809448 1246648 1
809448 1242689 1
809448 1481366 1
809448 1403695 1
1386002 1502405 1
753855 770067 1
753855 1394497 1
291075 399563 1
291075 705179 1
691085 884539 1
365749 1535788 1
365749 439663 1
1207705 1234684 1
1207705 1488788 1
1207705 1393215 1
534028 979771 1
655398 785444 2
251961 811162 1
197735 1358946 1
197735 557485 1
537281 1516286 1
17905 627358 1
17905 969960 1
265814 938999 1
265814 481630 1
222058 428725 2
222058 842676 1
222058 973742 1
222058 222413 2
222058 585591 1
222058 423242 1
222058 379504 2
222058 1494150 3
222058 745793 2
222058 638442 1
385833 1129136 1
385833 716977 1
1156868 1248966 1
368198 373293 1
368198 477062 1
29441 1405527 1
506070 516856 1
506070 903465 1
44053 113059 1
1020093 1228947 1
367547 397055 1
133405 295642 1
1262750 1296757 1
945229 1029854 1
715801 970392 1
102728 233297 1
102728 1534649 1
102728 1445649 1
68721 989231 1
68721 98317 1
792893 848675 1
243356 975682 1
243356 399877 1
243356 1163713 1
399036 538747 1
85978 108630 1
85978 299282 1
242514 784789 1
242514 1124207 1
242514 645206 1
388334 1534319 1
914923 1489676 1
879923 960183 1
879923 1506728 1
475760 1253804 1
50350 211563 1
202173 1400087 1
202173 844527 1
662590 1476712 1
208999 678797 1
648611 1302501 1
302000 890874 1
734920 202067 1
538642 661134 1
538642 728359 1
896091 933312 1
703753 1295759 1
465709 863559 1
465709 1048546 1
465709 797701 1
465709 1234684 1
465709 645423 1
465709 591341 1
485789 1383248 1
1212780 1271437 2
5409 963955 1
5409 936164 1
709401 1079450 1
569131 590981 1
569131 864951 1
569131 1534562 1
26511 749530 1
569133 1114135 1
848128 1253086 1
848128 1238710 2
1179917 1291853 1
585548 812156 1
843110 894587 1
150636 693646 1
150636 435368 1
150636 285861 1
150636 363154 1
1228863 1245097 1
1228863 1522712 1
1228863 1476478 1
131719 1506728 1
267607 366432 1
267607 1443489 1
245376 453972 1
183452 628697 1
402725 432060 1
1059672 1143814 1
1059672 1492352 2
447102 1271851 1
447102 700854 1
447102 668969 1
447102 1220865 1
447102 1267641 1
1022250 1107371 1
67804 270095 1
1027530 1506373 1
1027530 1467397 1
257751 396772 3
628566 759224 1
151064 1043788 1
151064 589049 1
151064 502772 1
151064 299776 1
151064 1287572 1
151064 1523169 1
151064 712539 1
151064 327051 2
151064 411036 1
676195 799343 1
844802 1412046 1
335092 1035585 1
867442 1352338 1
867442 1247857 1
867442 1329196 1
549611 549625 1
770654 1253535 1
770654 955959 1
67484 425244 1
310108 662969 1
310108 394617 1
310108 1510513 1
37499 78791 1
228142 1066428 1
783233 1047719 1
677176 960183 1
677176 879923 1
677176 1506728 1
229783 423273 2
229781 1255789 1
410463 1379636 1
410463 1491371 1
193249 720063 1
503680 874482 1
503680 883784 1
503680 596516 1
929228 1244721 1
225884 368116 1
225884 641806 1
225884 548252 1
225884 1386287 1
225884 1082072 1
225884 1215838 1
1116243 1122603 1
1097168 1356814 1
2935 1112099 1
28775 785947 1
217122 1535240 1
217122 990109 1
217122 486470 2
217122 1142747 1
282683 1099540 1
129840 788662 1
881642 944445 2
212445 1152176 1
281782 1460434 1
117902 620286 1
117902 1004691 1
117902 636371 1
221562 285688 1
640918 835897 1
606391 1339007 1
606391 1066376 1
606391 709908 1
777390 1483496 1
77147 1415615 1
77147 293417 1
77147 377037 1
361486 1225018 1
339826 561655 1
1406051 1448968 1
431053 735331 1
666753 1101285 1
666753 802514 1
898994 1334371 1
154744 381009 1
732526 1156301 1
475403 826029 1
93076 295477 1
130560 562869 1
689740 1212304 1
735517 1105852 1
103583 542592 1
103583 927834 1
194833 797051 1
194833 883749 1
51080 51148 1
51080 787123 1
899809 1414231 1
65122 1088374 1
65122 621127 1
1082072 1386287 1
1082072 1215838 1
292910 1339932 1
292910 1352199 1
631671 994351 1
372500 997800 1
94260 306216 1
150150 508711 1
406135 447486 2
406135 1511474 2
406135 548937 1
521804 992750 1
60572 212172 1
70890 782978 1
70890 1172726 1
70890 298638 1
70890 1446850 2
866534 1312576 1
866534 1445507 1
976883 1243405 1
536091 937154 1
536091 889543 1
536091 763876 1
707100 1383512 1
707100 1054854 2
707100 1024123 1
707100 1050129 1
707100 890118 1
707100 1150918 1
502772 1523169 1
502772 1287572 1
502772 1043788 1
502772 712539 1
502772 589049 1
398819 681833 1
398819 1039934 1
522775 680431 1
80070 336876 1
80070 938030 1
149318 300014 1
413944 957318 1
413944 1108610 1
413944 961816 1
413944 574672 1
744230 901831 1
744230 744747 1
744230 1368728 1
744230 1212681 4
744230 784789 1
744230 1493883 1
744230 1124207 1
961183 1020918 1
1154774 1340116 1
503991 1030481 1
273382 396496 1
273382 847648 2
273382 324111 1
538541 901140 1
276881 655369 1
276881 284790 1
256584 524483 1
256584 668058 1
256584 799905 1
256584 634084 1
570104 1341287 1
75966 1152176 1
75966 212445 1
256583 385906 1
292751 1518157 1
642682 1211944 2
465157 1522674 1
396748 1271897 1
839317 979240 1
391775 509900 1
424101 800644 1
424101 876923 1
424101 1059632 1
553856 1374928 2
553856 1218123 1
161879 684201 1
161879 216952 1
730969 907192 1
505348 972841 1
505348 1478721 1
505348 874288 1
605713 977363 1
605713 1511131 1
240058 534028 1
240058 979771 1
240058 347001 1
223692 1033581 1
33704 1340116 1
33704 70607 1
33704 1154774 1
337149 1192245 1
337149 1499226 1
337149 1301973 1
387302 1170833 1
754469 1305990 1
754469 1125209 1
167628 639906 1
351714 1238911 1
351714 1232921 1
351714 457014 1
439663 1535788 1
1184432 1428896 1
91392 135556 1
91392 1246963 1
1374398 1381827 1
428032 970102 1
428032 504731 1
428032 1228401 1
428032 581365 1
428032 470860 1
428032 870726 1
428032 672734 1
428032 647798 1
428032 569842 1
1172726 1446850 3
349574 375539 1
46751 1208748 1
260838 1319605 1
260838 794795 1
270464 585222 1
270464 368495 1
270464 1540138 1
1137 749896 1
1137 411296 1
1137 985910 1
127228 1231631 1
127228 1061547 1
558061 594440 1
45226 1188621 2
1116872 1246657 1
1131010 1324483 1
640525 1472712 1
134834 1241743 1
134834 981623 1
134834 258357 1
615091 1215278 1
75143 670270 1
32812 1072922 1
445330 700927 1
1483998 1172726 1
36181 1450985 1
392778 446914 1
1048546 1234684 1
1266820 1542031 1
102913 715780 1
102913 1110039 1
102913 327569 1
102913 639518 1
173858 1351471 1
562912 777007 1
562912 1407536 1
821535 1013744 1
821535 1368728 1
1029315 1306674 1
1029315 1112719 1
1029315 1536125 1
1029315 1530618 1
1029315 1065417 1
937401 1007987 1
937401 1432768 1
293713 359747 1
969124 1165064 1
969124 1226223 1
827261 1370850 1
345513 442103 1
622891 770503 1
203298 848128 3
203298 1238710 2
203298 451482 2
203298 465974 1
275781 1078007 1
128101 506644 1
797701 1234684 1
797701 863559 1
797701 1048546 1
886627 1116134 1
1180975 1243405 1
1130166 1335722 1
637318 1240218 1
332021 967340 1
87305 388641 1
963412 976833 1
232445 1319605 2
232445 794795 2
232445 260838 1
84329 563431 1
172321 502442 1
195190 1338744 1
195190 661158 1
195190 899567 1
1105259 1238710 2
112378 989947 1
112378 1041652 1
254057 361404 1
254057 379998 1
254057 472706 1
70607 1340116 1
70607 1154774 1
54440 1001585 1
9786 160338 1
205970 601435 1
1125209 1305990 1
255053 355167 2
255053 954924 1
223999 876875 1
223999 870066 1
223999 321104 1
223999 297089 1
223999 534798 1
223999 318684 1
223999 951038 1
1212958 1216861 1
6826 220447 1
6826 631701 1
280035 993310 1
280035 577360 1
33277 540910 1
33277 149492 2
478078 714161 1
44407 1228280 1
44407 1105433 1
44407 1297151 1
53533 1261731 1
53533 1357197 1
379633 1313511 1
112972 681075 1
863559 1234684 1
863559 1048546 1
746576 786891 1
160385 451901 1
29306 1152176 1
29306 75966 1
29306 212445 1
450025 1113480 1
450025 1248073 1
41032 720090 1
211156 993062 1
204243 756911 1
849994 1246654 1
604571 1049483 1
385794 1153010 1
80622 1530577 2
725480 1250702 1
725480 999869 1
147075 1009453 1
142557 1533541 1
867271 1083980 1
138848 718198 1
747362 1058840 1
243696 626404 1
194755 793176 1
194755 287898 1
194755 233236 1
194755 1306708 1
194755 1186202 1
557367 707838 1
447773 1128630 2
619009 1121329 1
106749 805219 1
182926 298333 1
182926 1428691 1
9561 727404 1
364287 1216269 1
335556 1196472 3
157478 298333 1
157478 834250 1
496506 1201043 1
893477 704776 1
143792 387185 1
149438 473299 1
149438 244900 1
149438 298950 1
149438 320724 1
149438 630959 1
149438 449142 1
149438 559146 1
149438 470762 1
149438 1179917 1
149438 1291853 1
212052 423290 1
212052 488839 1
212052 1040172 1
212052 422056 1
212052 264195 1
212052 1082835 1
212052 706721 1
212052 694423 1
961807 1046031 1
961807 1138515 1
1242689 1246648 1
726591 1226751 1
238705 1443997 1
1337131 1444793 1
173216 258905 1
173216 1068836 1
523314 758508 1
523314 876032 1
523314 985236 1
327973 335092 1
327973 1035585 1
1284512 1403375 1
395871 658399 2
330267 754674 1
330267 972760 1
330267 1471249 1
31524 775637 1
31524 190989 1
386494 421472 1
463654 894815 1
463654 1481317 1
463654 589333 1
706764 948460 1
58500 641760 1
451482 848128 2
451482 1238710 2
451482 465974 1
132295 869975 1
132295 859428 1
95321 508695 1
95321 1268259 1
388301 864542 1
388301 742654 1
388301 407479 1
443591 1024725 1
191986 670170 1
946822 1058840 1
189231 695164 1
189231 955284 1
189231 615841 1
189233 355445 2
189233 596570 2
189233 786042 1
189233 673664 2
382437 477258 1
382437 712648 1
382437 529679 1
144250 908321 1
144250 1338611 1
263882 1475087 1
88344 848128 1
1071494 1484010 1
319386 1372502 1
98668 203298 1
507229 843110 1
794945 819695 1
674632 847497 1
674632 1184430 1
114244 410463 1
114244 1379636 1
114244 1491371 1
75196 1105759 1
249250 1027530 1
249250 395630 1
249250 371894 1
249250 1506373 1
249250 1467397 1
249250 568432 1
249250 314560 1
300656 865431 1
244900 473299 1
244900 298950 1
244900 320724 1
244900 1142136 1
244900 630959 1
244900 449142 1
244900 559146 1
244900 470762 1
244900 1179917 1
244900 1291853 1
244039 1376062 1
22093 1159566 1
22093 28549 1
1150848 1476170 1
1002807 1233873 1
1002807 1492251 1
14134851 624196 1
14134851 474634 1
47745 782433 1
156703 1199542 1
541892 959612 1
234717 251032 1
605892 723269 1
859979 1199891 1
859979 1106051 1
248474 484113 1
248474 1033990 1
1040354 1457891 1
1050638 1483730 1
51385 677293 1
51385 1247772 1
435368 693646 1
1081680 1084684 1
634003 966478 1
634003 958251 1
616768 1281486 1
616768 661007 1
812702 866534 1
812702 1312576 1
812702 1445507 1
1000179 1046860 1
1000179 1304059 1
438503 711067 1
438503 1123757 1
438503 677067 1
756856 1221347 1
433751 651066 1
9870 1094356 1
797038 964130 1
432060 760709 1
430196 1467104 1
430196 1388276 1
430196 682491 1
430196 1115105 1
430196 868527 1
430196 1353683 1
430196 959487 1
430196 886979 1
430196 760836 1
551359 1496701 1
872822 1391497 1
892657 960340 1
574672 957318 1
574672 1108610 1
574672 961816 1
378015 397947 1
378015 1051960 1
103519 295844 1
378231 1523070 1
378231 829093 1
94211 928566 1
96540 377828 1
96540 832212 1
1416312 1473332 1
328470 1332789 1
576187 642978 1
576187 1249207 1
550403 1455999 1
215312 1321542 1
215312 871757 2
130188 900461 1
130188 1230189 1
32338 46913 1
32338 482447 1
32338 963489 1
470860 970102 1
470860 504731 1
470860 1228401 1
470860 581365 1
470860 870726 1
470860 672734 1
470860 647798 1
470860 569842 1
765689 1172726 2
765689 1446850 2
227686 260794 1
227686 295346 1
765685 313589 1
498715 820993 1
230433 1008780 2
230433 342013 1
705955 1476712 1
372666 513668 1
372666 442304 1
51679 1137374 1
75959 534135 1
75959 969725 1
166492 238190 1
166492 505890 1
166492 1042155 1
838536 897541 1
1245097 1522712 1
1245097 1476478 1
161842 1337131 1
161842 1444793 1
161842 1320055 1
161842 1033709 1
86990 335092 1
86990 1035585 1
86990 327973 1
166819 700667 1
427249 1126945 1
888374 889363 1
1014200 1513451 1
563075 1247321 1
563075 1083434 1
597143 827261 1
597143 1370850 1
293417 377037 1
315285 327071 1
545406 1407983 1
141222 193313 2
141222 429924 2
141222 862268 1
566300 697866 1
566300 1255869 1
645206 784789 2
645206 1124207 1
870889 1399162 1
97308 1002278 1
97308 144735 2
97308 279482 1
533413 897541 1
533413 838536 1
617695 1248933 4
489206 587762 1
745793 842676 1
745793 973742 2
754674 972760 1
754674 1471249 1
924438 1487127 4
561812 757227 1
77254 596570 1
77254 451595 1
46747 1084246 1
418790 1078007 1
187989 961176 1
1324004 1401869 1
349749 983218 1
349749 1096125 1
191699 503817 1
651247 933572 1
5155 112892 1
449681 1411022 1
449681 793642 1
449681 760993 1
449681 763392 1
449681 1410941 1
449681 1365984 1
449681 1350224 1
332155 1509402 1
60746 926286 1
60746 1309684 1
567774 722262 1
1032271 1369424 1
568357 589933 1
568357 910670 1
662805 1413295 1
662805 1387563 1
153817 1098735 1
153817 774116 1
494737 807521 1
46630 81365 1
46630 515718 1
46630 1131379 1
46630 853765 1
344852 600287 1
1096654 1509547 1
105477 1011062 1
105477 598762 1
372535 1393215 1
1088796 1166800 1
87315 408047 1
87315 145438 1
87315 1332383 1
1131379 1322244 1
162730 1263204 1
295870 712475 1
295870 1047578 1
1212304 1455135 1
790285 1315656 1
790285 1382289 1
1315656 1382289 1
17739 429924 1
17739 193313 1
17739 141222 1
17739 862268 1
17739 141193 1
540910 857771 1
540910 944226 1
547344 1107487 1
176301 628255 1
176301 1165896 1
176301 328357 1
336280 1287134 1
743787 1396733 1
488882 1045972 1
303782 966647 1
3505 977470 1
1001915 1092775 1
175477 940126 2
175477 248994 2
175477 629029 1
175477 343549 2
175477 954924 1
175477 1004691 5
175477 1138931 1
175477 255053 1
175477 1124776 4
42133 804883 1
42133 416712 1
42133 532276 1
42133 1000361 2
42133 1264452 1
42133 289176 1
42133 287126 4
42133 480269 1
42133 1033795 1
42133 127607 1
42133 446211 1
42133 169078 1
42133 935340 1
512739 1161779 1
278492 916768 1
236994 937498 1
567087 808244 1
891483 1046031 1
891483 1138515 1
891483 961807 1
326933 713679 1
1007039 1098928 1
1007039 1494347 1
115349 364632 3
115349 825946 1
115349 883259 3
115349 337248 1
482447 46913 1
482447 963489 1
399563 527136 1
399563 705179 1
399563 1128773 1
399563 711859 3
578016 1000135 1
578016 1486762 1
72733 1154834 1
72733 1518157 1
561035 920532 1
853938 881480 1
853938 1027696 1
285853 1502791 1
99692 495561 1
62674 904708 1
68796 570387 1
68796 1237948 1
474309 489001 1
474309 952515 1
474309 793296 1
474309 1299289 1
474309 693065 1
211789 469576 1
211789 719307 1
581018 1169337 1
581018 956029 1
376419 785444 2
376419 655398 2
36145 1401930 1
163357 578016 1
163357 1486762 1
163357 1000135 1
112562 173858 1
285459 1405689 1
280136 1481635 1
138459 752481 1
138458 821535 1
138458 635727 1
584107 1393215 1
1054854 1383512 1
1054854 1150918 1
30316 562635 1
229093 889734 1
786312 838322 1
786312 1140477 1
83065 1137748 1
183181 229093 1
183181 889734 1
355921 1058840 1
355921 946822 1
123716 1212681 1
123716 490670 1
570109 837357 1
575428 618105 1
575428 1403695 1
575428 864644 1
575428 1246648 1
575428 1242689 1
575428 809448 2
575428 1481366 1
29001 1084246 1
29001 46747 1
629700 1098928 1
629700 1007039 1
629700 831958 1
629700 1494347 1
112892 169369 1
453794 896933 1
504962 747197 2
29799 276412 1
29799 179568 1
156643 278493 1
356361 871190 1
961816 1108610 1
470528 972207 1
84468 644149 1
822856 919548 1
1297309 1421618 1
676516 1528864 1
989947 1041652 1
375517 504777 1
774116 1098735 1
774116 1378995 1
774116 817773 1
814657 1260167 1
160708 597499 1
224647 657156 1
282767 1301551 4
780940 1391774 1
421356 1297137 1
575518 1378995 1
575518 774116 1
575518 817773 1
186591 357048 1
242572 1295928 1
242572 590369 1
242572 1422656 1
242572 269345 1
273905 644892 1
273905 1046860 2
273905 1000179 1
273905 410098 1
478047 1471614 1
388643 1487740 1
111334 115104 1
1377289 1410301 1
777007 1407536 1
417171 612929 1
417171 508133 1
342996 449681 1
342996 793642 2
342996 1181968 1
342996 1169307 1
342996 1286901 1
342996 715590 4
342996 752553 1
342996 1350224 2
461397 736971 1
961566 1366836 1
825498 1020918 1
756614 1445354 1
756614 985066 1
756614 757637 1
377828 832212 1
770457 1087235 1
177828 350955 1
1139831 1263204 1
1139831 1151629 1
14134847 14134848 1
87814 191936 1
793476 1169142 1
252296 282683 1
252296 1099540 1
374021 1101327 1
25938 638966 1
50930 1393215 1
180747 553301 1
28201 845409 1
28201 128121 1
28201 47970 1
28201 284887 2
28201 1020309 1
28201 64875 1
28201 451709 1
